13662,Person,2024-10-29 20:38:59,2024-10-29 20:39:04,"{""left"":2125,""right"":2854,""top"":2700,""bottom"":5062},{""box"":{""left"":2125,""right"":2854,""top"":2700,""bottom"":5062},""time"":1730201939418},{""box"":{""left"":2125,""right"":2854,""top"":2700,""bottom"":5062},""time"":1730201939478},{""box"":{""left"":2125,""right"":2854,""top"":2700,""bottom"":5062},""time"":1730201939529},{""box"":{""left"":2125,""right"":2854,""top"":2700,""bottom"":5062},""time"":1730201939589},{""box"":{""left"":2125,""right"":2854,""top"":2700,""bottom"":5062},""time"":1730201939641},{""box"":{""left"":2125,""right"":2854,""top"":2700,""bottom"":5062},""time"":1730201939701},{""box"":{""left"":2125,""right"":2854,""top"":2700,""bottom"":5062},""time"":1730201939762},{""box"":{""left"":2125,""right"":2854,""top"":2700,""bottom"":5062},""time"":1730201939823},{""box"":{""left"":2125,""right"":2854,""top"":2700,""bottom"":5062},""time"":1730201939873},{""box"":{""left"":2125,""right"":2854,""top"":2700,""bottom"":5062},""time"":1730201939936},{""box"":{""left"":2125,""right"":2854,""top"":2700,""bottom"":5062},""time"":1730201939995},{""box"":{""left"":2125,""right"":2854,""top"":2700,""bottom"":5062},""time"":1730201940048},{""box"":{""left"":2125,""right"":2854,""top"":2700,""bottom"":5062},""time"":1730201940109},{""box"":{""left"":2125,""right"":2854,""top"":2700,""bottom"":5062},""time"":1730201940159},{""box"":{""left"":2125,""right"":2854,""top"":2700,""bottom"":5062},""time"":1730201940221},{""box"":{""left"":2125,""right"":2854,""top"":2700,""bottom"":5062},""time"":1730201940272},{""box"":{""left"":2125,""right"":2854,""top"":2700,""bottom"":5062},""time"":1730201940333},{""box"":{""left"":2125,""right"":2854,""top"":2700,""bottom"":5062},""time"":1730201940384},{""box"":{""left"":2125,""right"":2854,""top"":2700,""bottom"":5062},""time"":1730201940435},{""box"":{""left"":2125,""right"":2854,""top"":2700,""bottom"":5062},""time"":1730201940498},{""box"":{""left"":2125,""right"":2854,""top"":2700,""bottom"":5062},""time"":1730201940547},{""box"":{""left"":2125,""right"":2854,""top"":2700,""bottom"":5062},""time"":1730201940719},{""box"":{""left"":2125,""right"":2854,""top"":2700,""bottom"":5062},""time"":1730201940771},{""box"":{""left"":2125,""right"":2854,""top"":2700,""bottom"":5062},""time"":1730201940833},{""box"":{""left"":2125,""right"":2854,""top"":2700,""bottom"":5062},""time"":1730201940883},{""box"":{""left"":2125,""right"":2854,""top"":2700,""bottom"":5062},""time"":1730201940944},{""box"":{""left"":2125,""right"":2854,""top"":2700,""bottom"":5062},""time"":1730201941007},{""box"":{""left"":2125,""right"":2854,""top"":2700,""bottom"":5062},""time"":1730201941057},{""box"":{""left"":2125,""right"":2854,""top"":2700,""bottom"":5062},""time"":1730201941118},{""box"":{""left"":2125,""right"":2854,""top"":2700,""bottom"":5062},""time"":1730201941178},{""box"":{""left"":2125,""right"":2854,""top"":2700,""bottom"":5062},""time"":1730201941229},{""box"":{""left"":2125,""right"":2854,""top"":2700,""bottom"":5062},""time"":1730201941291},{""box"":{""left"":2125,""right"":2854,""top"":2700,""bottom"":5062},""time"":1730201941351},{""box"":{""left"":2125,""right"":2854,""top"":2700,""bottom"":5062},""time"":1730201941402},{""box"":{""left"":2125,""right"":2854,""top"":2700,""bottom"":5062},""time"":1730201941462},{""box"":{""left"":2125,""right"":2854,""top"":2700,""bottom"":5062},""time"":1730201941523},{""box"":{""left"":2125,""right"":2854,""top"":2700,""bottom"":5062},""time"":1730201941585},{""box"":{""left"":2125,""right"":2854,""top"":2700,""bottom"":5062},""time"":1730201941818},{""box"":{""left"":2125,""right"":2854,""top"":2700,""bottom"":5062},""time"":1730201941878},{""box"":{""left"":2125,""right"":2854,""top"":2700,""bottom"":5062},""time"":1730201941929},{""box"":{""left"":2125,""right"":2854,""top"":2700,""bottom"":5062},""time"":1730201941990},{""box"":{""left"":2125,""right"":2854,""top"":2700,""bottom"":5062},""time"":1730201942043},{""box"":{""left"":2125,""right"":2854,""top"":2700,""bottom"":5062},""time"":1730201942103},{""box"":{""left"":2125,""right"":2854,""top"":2700,""bottom"":5062},""time"":1730201942163},{""box"":{""left"":2125,""right"":2854,""top"":2700,""bottom"":5062},""time"":1730201942217},{""box"":{""left"":2125,""right"":2854,""top"":2700,""bottom"":5062},""time"":1730201942276},{""box"":{""left"":2125,""right"":2854,""top"":2700,""bottom"":5062},""time"":1730201942337},{""box"":{""left"":2125,""right"":2854,""top"":2700,""bottom"":5062},""time"":1730201942388},{""box"":{""left"":2125,""right"":2854,""top"":2700,""bottom"":5062},""time"":1730201942440},{""box"":{""left"":2125,""right"":2854,""top"":2700,""bottom"":5062},""time"":1730201942501},{""box"":{""left"":2125,""right"":2854,""top"":2700,""bottom"":5062},""time"":1730201942560},{""box"":{""left"":2125,""right"":2854,""top"":2700,""bottom"":5062},""time"":1730201942612},{""box"":{""left"":2125,""right"":2854,""top"":2700,""bottom"":5062},""time"":1730201942673},{""box"":{""left"":2125,""right"":2854,""top"":2700,""bottom"":5062},""time"":1730201942723},{""box"":{""left"":2125,""right"":2854,""top"":2700,""bottom"":5062},""time"":1730201942784},{""box"":{""left"":2125,""right"":2854,""top"":2700,""bottom"":5062},""time"":1730201942958},{""box"":{""left"":2125,""right"":2854,""top"":2700,""bottom"":5062},""time"":1730201943018},{""box"":{""left"":2125,""right"":2854,""top"":2700,""bottom"":5062},""time"":1730201943069},{""box"":{""left"":2125,""right"":2854,""top"":2700,""bottom"":5062},""time"":1730201943131},{""box"":{""left"":2125,""right"":2854,""top"":2700,""bottom"":5062},""time"":1730201943181},{""box"":{""left"":2125,""right"":2854,""top"":2700,""bottom"":5062},""time"":1730201943244},{""box"":{""left"":2125,""right"":2854,""top"":2700,""bottom"":5062},""time"":1730201943303},{""box"":{""left"":2125,""right"":2854,""top"":2700,""bottom"":5062},""time"":1730201943355},{""box"":{""left"":2125,""right"":2854,""top"":2700,""bottom"":5062},""time"":1730201943405},{""box"":{""left"":2125,""right"":2854,""top"":2700,""bottom"":5062},""time"":1730201943466},{""box"":{""left"":2125,""right"":2854,""top"":2700,""bottom"":5062},""time"":1730201943518},{""box"":{""left"":2125,""right"":2854,""top"":2700,""bottom"":5062},""time"":1730201943577},{""box"":{""left"":2125,""right"":2854,""top"":2700,""bottom"":5062},""time"":1730201943628},{""box"":{""left"":2125,""right"":2854,""top"":2700,""bottom"":5062},""time"":1730201943689},{""box"":{""left"":2125,""right"":2854,""top"":2700,""bottom"":5062},""time"":1730201943739},{""box"":{""left"":2125,""right"":2854,""top"":2700,""bottom"":5062},""time"":1730201943800},{""box"":{""left"":2125,""right"":2854,""top"":2700,""bottom"":5062},""time"":1730201943851},{""box"":{""left"":2125,""right"":2854,""top"":2700,""bottom"":5062},""time"":1730201943913},{""box"":{""left"":2125,""right"":2854,""top"":2700,""bottom"":5062},""time"":1730201943962},{""box"":{""left"":2125,""right"":2854,""top"":2700,""bottom"":5062},""time"":1730201944023},{""box"":{""left"":2125,""right"":2854,""top"":2700,""bottom"":5062},""time"":1730201944077},{""box"":{""left"":2125,""right"":2854,""top"":2700,""bottom"":5062},""time"":1730201944135},{""box"":{""left"":2125,""right"":2854,""top"":2700,""bottom"":5062},""time"":1730201944185},{""box"":{""left"":2125,""right"":2854,""top"":2700,""bottom"":5062},""time"":1730201944421},{""box"":{""left"":2125,""right"":2854,""top"":2700,""bottom"":5062},""time"":1730201944474},{""box"":{""left"":2125,""right"":2854,""top"":2700,""bottom"":5062},""time"":1730201944523},{""box"":{""left"":2125,""right"":2854,""top"":2700,""bottom"":5062},""time"":1730201944584}",,,,,
13663,Person,2024-10-29 20:39:08,2024-10-29 20:39:16,"{""left"":6287,""right"":2645,""top"":6618,""bottom"":4374},{""box"":{""left"":6287,""right"":2645,""top"":6618,""bottom"":4374},""time"":1730201948573},{""box"":{""left"":6287,""right"":2645,""top"":6618,""bottom"":4374},""time"":1730201948633},{""box"":{""left"":6287,""right"":2645,""top"":6618,""bottom"":4374},""time"":1730201948684},{""box"":{""left"":6287,""right"":2645,""top"":6618,""bottom"":4374},""time"":1730201948745},{""box"":{""left"":6287,""right"":2645,""top"":6618,""bottom"":4374},""time"":1730201948805},{""box"":{""left"":6287,""right"":2645,""top"":6618,""bottom"":4374},""time"":1730201948856},{""box"":{""left"":6287,""right"":2645,""top"":6618,""bottom"":4374},""time"":1730201948908},{""box"":{""left"":6287,""right"":2645,""top"":6618,""bottom"":4374},""time"":1730201948970},{""box"":{""left"":6287,""right"":2645,""top"":6618,""bottom"":4374},""time"":1730201949021},{""box"":{""left"":6287,""right"":2645,""top"":6618,""bottom"":4374},""time"":1730201949081},{""box"":{""left"":6287,""right"":2645,""top"":6618,""bottom"":4374},""time"":1730201949133},{""box"":{""left"":6287,""right"":2645,""top"":6618,""bottom"":4374},""time"":1730201949194},{""box"":{""left"":6287,""right"":2645,""top"":6618,""bottom"":4374},""time"":1730201949244},{""box"":{""left"":6287,""right"":2645,""top"":6618,""bottom"":4374},""time"":1730201949478},{""box"":{""left"":6287,""right"":2645,""top"":6618,""bottom"":4374},""time"":1730201949531},{""box"":{""left"":6287,""right"":2645,""top"":6618,""bottom"":4374},""time"":1730201949592},{""box"":{""left"":6287,""right"":2645,""top"":6618,""bottom"":4374},""time"":1730201949641},{""box"":{""left"":6287,""right"":2645,""top"":6618,""bottom"":4374},""time"":1730201949704},{""box"":{""left"":6287,""right"":2645,""top"":6618,""bottom"":4374},""time"":1730201949754},{""box"":{""left"":6287,""right"":2645,""top"":6618,""bottom"":4374},""time"":1730201949816},{""box"":{""left"":6287,""right"":2645,""top"":6618,""bottom"":4374},""time"":1730201949867},{""box"":{""left"":6287,""right"":2645,""top"":6618,""bottom"":4374},""time"":1730201949927},{""box"":{""left"":6287,""right"":2645,""top"":6618,""bottom"":4374},""time"":1730201949979},{""box"":{""left"":6287,""right"":2645,""top"":6618,""bottom"":4374},""time"":1730201950040},{""box"":{""left"":6287,""right"":2645,""top"":6618,""bottom"":4374},""time"":1730201950090},{""box"":{""left"":6287,""right"":2645,""top"":6618,""bottom"":4374},""time"":1730201950152},{""box"":{""left"":6287,""right"":2645,""top"":6618,""bottom"":4374},""time"":1730201950202},{""box"":{""left"":6287,""right"":2645,""top"":6618,""bottom"":4374},""time"":1730201950264},{""box"":{""left"":6287,""right"":2645,""top"":6618,""bottom"":4374},""time"":1730201950325},{""box"":{""left"":6287,""right"":2645,""top"":6618,""bottom"":4374},""time"":1730201950375},{""box"":{""left"":6287,""right"":2645,""top"":6618,""bottom"":4374},""time"":1730201950437},{""box"":{""left"":6287,""right"":2645,""top"":6618,""bottom"":4374},""time"":1730201950487},{""box"":{""left"":6287,""right"":2645,""top"":6618,""bottom"":4374},""time"":1730201950549},{""box"":{""left"":6287,""right"":2645,""top"":6618,""bottom"":4374},""time"":1730201950610},{""box"":{""left"":6287,""right"":2645,""top"":6618,""bottom"":4374},""time"":1730201950671},{""box"":{""left"":6287,""right"":2645,""top"":6618,""bottom"":4374},""time"":1730201950724},{""box"":{""left"":6287,""right"":2645,""top"":6618,""bottom"":4374},""time"":1730201950786},{""box"":{""left"":6287,""right"":2645,""top"":6618,""bottom"":4374},""time"":1730201950836},{""box"":{""left"":6287,""right"":2645,""top"":6618,""bottom"":4374},""time"":1730201950899},{""box"":{""left"":6287,""right"":2645,""top"":6618,""bottom"":4374},""time"":1730201950959},{""box"":{""left"":6287,""right"":2645,""top"":6618,""bottom"":4374},""time"":1730201951010},{""box"":{""left"":6287,""right"":2645,""top"":6618,""bottom"":4374},""time"":1730201951071},{""box"":{""left"":6287,""right"":2645,""top"":6618,""bottom"":4374},""time"":1730201951124},{""box"":{""left"":6287,""right"":2645,""top"":6618,""bottom"":4374},""time"":1730201951186},{""box"":{""left"":6287,""right"":2645,""top"":6618,""bottom"":4374},""time"":1730201951237},{""box"":{""left"":6287,""right"":2645,""top"":6618,""bottom"":4374},""time"":1730201951298},{""box"":{""left"":6287,""right"":2645,""top"":6618,""bottom"":4374},""time"":1730201951349},{""box"":{""left"":6287,""right"":2645,""top"":6618,""bottom"":4374},""time"":1730201951411},{""box"":{""left"":6287,""right"":2645,""top"":6618,""bottom"":4374},""time"":1730201951473},{""box"":{""left"":6287,""right"":2645,""top"":6618,""bottom"":4374},""time"":1730201951523},{""box"":{""left"":6287,""right"":2645,""top"":6618,""bottom"":4374},""time"":1730201951584},{""box"":{""left"":6287,""right"":2645,""top"":6618,""bottom"":4374},""time"":1730201951645},{""box"":{""left"":6287,""right"":2645,""top"":6618,""bottom"":4374},""time"":1730201951696},{""box"":{""left"":6287,""right"":2645,""top"":6618,""bottom"":4374},""time"":1730201951758},{""box"":{""left"":6287,""right"":2645,""top"":6618,""bottom"":4374},""time"":1730201951809},{""box"":{""left"":6287,""right"":2645,""top"":6618,""bottom"":4374},""time"":1730201951869},{""box"":{""left"":6287,""right"":2645,""top"":6618,""bottom"":4374},""time"":1730201951920},{""box"":{""left"":6287,""right"":2645,""top"":6618,""bottom"":4374},""time"":1730201952032},{""box"":{""left"":6287,""right"":2645,""top"":6618,""bottom"":4374},""time"":1730201952093},{""box"":{""left"":6287,""right"":2645,""top"":6618,""bottom"":4374},""time"":1730201952144},{""box"":{""left"":6287,""right"":2645,""top"":6618,""bottom"":4374},""time"":1730201952206},{""box"":{""left"":6287,""right"":2645,""top"":6618,""bottom"":4374},""time"":1730201952266},{""box"":{""left"":6287,""right"":2645,""top"":6618,""bottom"":4374},""time"":1730201952317},{""box"":{""left"":6287,""right"":2645,""top"":6618,""bottom"":4374},""time"":1730201952369},{""box"":{""left"":6287,""right"":2645,""top"":6618,""bottom"":4374},""time"":1730201952429},{""box"":{""left"":6287,""right"":2645,""top"":6618,""bottom"":4374},""time"":1730201952480},{""box"":{""left"":6287,""right"":2645,""top"":6618,""bottom"":4374},""time"":1730201952542},{""box"":{""left"":6287,""right"":2645,""top"":6618,""bottom"":4374},""time"":1730201952593},{""box"":{""left"":6287,""right"":2645,""top"":6618,""bottom"":4374},""time"":1730201952654},{""box"":{""left"":6287,""right"":2645,""top"":6618,""bottom"":4374},""time"":1730201952715},{""box"":{""left"":6287,""right"":2645,""top"":6618,""bottom"":4374},""time"":1730201952766},{""box"":{""left"":6287,""right"":2645,""top"":6618,""bottom"":4374},""time"":1730201952817},{""box"":{""left"":6287,""right"":2645,""top"":6618,""bottom"":4374},""time"":1730201952877},{""box"":{""left"":6287,""right"":2645,""top"":6618,""bottom"":4374},""time"":1730201952940},{""box"":{""left"":6287,""right"":2645,""top"":6618,""bottom"":4374},""time"":1730201953053},{""box"":{""left"":6287,""right"":2645,""top"":6618,""bottom"":4374},""time"":1730201953113},{""box"":{""left"":6287,""right"":2645,""top"":6618,""bottom"":4374},""time"":1730201953164},{""box"":{""left"":6287,""right"":2645,""top"":6618,""bottom"":4374},""time"":1730201953215},{""box"":{""left"":6287,""right"":2645,""top"":6618,""bottom"":4374},""time"":1730201953276},{""box"":{""left"":6287,""right"":2645,""top"":6618,""bottom"":4374},""time"":1730201953328},{""box"":{""left"":6287,""right"":2645,""top"":6618,""bottom"":4374},""time"":1730201953390},{""box"":{""left"":6287,""right"":2645,""top"":6618,""bottom"":4374},""time"":1730201953450},{""box"":{""left"":6287,""right"":2645,""top"":6618,""bottom"":4374},""time"":1730201953501},{""box"":{""left"":6287,""right"":2645,""top"":6618,""bottom"":4374},""time"":1730201953564},{""box"":{""left"":6287,""right"":2645,""top"":6618,""bottom"":4374},""time"":1730201953624},{""box"":{""left"":6287,""right"":2645,""top"":6618,""bottom"":4374},""time"":1730201953675},{""box"":{""left"":6287,""right"":2645,""top"":6618,""bottom"":4374},""time"":1730201953736},{""box"":{""left"":6287,""right"":2645,""top"":6618,""bottom"":4374},""time"":1730201953796},{""box"":{""left"":6287,""right"":2645,""top"":6618,""bottom"":4374},""time"":1730201953847},{""box"":{""left"":6287,""right"":2645,""top"":6618,""bottom"":4374},""time"":1730201953899},{""box"":{""left"":6287,""right"":2645,""top"":6618,""bottom"":4374},""time"":1730201953960},{""box"":{""left"":6287,""right"":2645,""top"":6618,""bottom"":4374},""time"":1730201954010},{""box"":{""left"":6287,""right"":2645,""top"":6618,""bottom"":4374},""time"":1730201954071},{""box"":{""left"":6287,""right"":2645,""top"":6618,""bottom"":4374},""time"":1730201954123},{""box"":{""left"":6287,""right"":2645,""top"":6618,""bottom"":4374},""time"":1730201954183},{""box"":{""left"":6287,""right"":2645,""top"":6618,""bottom"":4374},""time"":1730201954234},{""box"":{""left"":6287,""right"":2645,""top"":6618,""bottom"":4374},""time"":1730201954294},{""box"":{""left"":6287,""right"":2645,""top"":6618,""bottom"":4374},""time"":1730201954356},{""box"":{""left"":6287,""right"":2645,""top"":6618,""bottom"":4374},""time"":1730201954406},{""box"":{""left"":6287,""right"":2645,""top"":6618,""bottom"":4374},""time"":1730201954469},{""box"":{""left"":6287,""right"":2645,""top"":6618,""bottom"":4374},""time"":1730201954519},{""box"":{""left"":6287,""right"":2645,""top"":6618,""bottom"":4374},""time"":1730201954570},{""box"":{""left"":6287,""right"":2645,""top"":6618,""bottom"":4374},""time"":1730201954632},{""box"":{""left"":6287,""right"":2645,""top"":6618,""bottom"":4374},""time"":1730201954692},{""box"":{""left"":6287,""right"":2645,""top"":6618,""bottom"":4374},""time"":1730201954753},{""box"":{""left"":6287,""right"":2645,""top"":6618,""bottom"":4374},""time"":1730201954806},{""box"":{""left"":6287,""right"":2645,""top"":6618,""bottom"":4374},""time"":1730201954869},{""box"":{""left"":6287,""right"":2645,""top"":6618,""bottom"":4374},""time"":1730201954919},{""box"":{""left"":6287,""right"":2645,""top"":6618,""bottom"":4374},""time"":1730201954981},{""box"":{""left"":6287,""right"":2645,""top"":6618,""bottom"":4374},""time"":1730201955030},{""box"":{""left"":6287,""right"":2645,""top"":6618,""bottom"":4374},""time"":1730201955092},{""box"":{""left"":6287,""right"":2645,""top"":6618,""bottom"":4374},""time"":1730201955153},{""box"":{""left"":6287,""right"":2645,""top"":6618,""bottom"":4374},""time"":1730201955206},{""box"":{""left"":6287,""right"":2645,""top"":6618,""bottom"":4374},""time"":1730201955265},{""box"":{""left"":6287,""right"":2645,""top"":6618,""bottom"":4374},""time"":1730201955316},{""box"":{""left"":6287,""right"":2645,""top"":6618,""bottom"":4374},""time"":1730201955368},{""box"":{""left"":6287,""right"":2645,""top"":6618,""bottom"":4374},""time"":1730201955428},{""box"":{""left"":6287,""right"":2645,""top"":6618,""bottom"":4374},""time"":1730201955489},{""box"":{""left"":6287,""right"":2645,""top"":6618,""bottom"":4374},""time"":1730201955541},{""box"":{""left"":6287,""right"":2645,""top"":6618,""bottom"":4374},""time"":1730201955600},{""box"":{""left"":6287,""right"":2645,""top"":6618,""bottom"":4374},""time"":1730201955661},{""box"":{""left"":6287,""right"":2645,""top"":6618,""bottom"":4374},""time"":1730201955712},{""box"":{""left"":6287,""right"":2645,""top"":6618,""bottom"":4374},""time"":1730201955763},{""box"":{""left"":6287,""right"":2645,""top"":6618,""bottom"":4374},""time"":1730201955824},{""box"":{""left"":6287,""right"":2645,""top"":6618,""bottom"":4374},""time"":1730201955886},{""box"":{""left"":6287,""right"":2645,""top"":6618,""bottom"":4374},""time"":1730201955937},{""box"":{""left"":6287,""right"":2645,""top"":6618,""bottom"":4374},""time"":1730201955998},{""box"":{""left"":6287,""right"":2645,""top"":6618,""bottom"":4374},""time"":1730201956060},{""box"":{""left"":6287,""right"":2645,""top"":6618,""bottom"":4374},""time"":1730201956119},{""box"":{""left"":6287,""right"":2645,""top"":6618,""bottom"":4374},""time"":1730201956172},{""box"":{""left"":6287,""right"":2645,""top"":6618,""bottom"":4374},""time"":1730201956232},{""box"":{""left"":6287,""right"":2645,""top"":6618,""bottom"":4374},""time"":1730201956283},{""box"":{""left"":6287,""right"":2645,""top"":6618,""bottom"":4374},""time"":1730201956334},{""box"":{""left"":6287,""right"":2645,""top"":6618,""bottom"":4374},""time"":1730201956394},{""box"":{""left"":6287,""right"":2645,""top"":6618,""bottom"":4374},""time"":1730201956445},{""box"":{""left"":6287,""right"":2645,""top"":6618,""bottom"":4374},""time"":1730201956506},{""box"":{""left"":6287,""right"":2645,""top"":6618,""bottom"":4374},""time"":1730201956557},{""box"":{""left"":6287,""right"":2645,""top"":6618,""bottom"":4374},""time"":1730201956619},{""box"":{""left"":6287,""right"":2645,""top"":6618,""bottom"":4374},""time"":1730201956670},{""box"":{""left"":6287,""right"":2645,""top"":6618,""bottom"":4374},""time"":1730201956731},{""box"":{""left"":6287,""right"":2645,""top"":6618,""bottom"":4374},""time"":1730201956792},{""box"":{""left"":6287,""right"":2645,""top"":6618,""bottom"":4374},""time"":1730201956844},{""box"":{""left"":6287,""right"":2645,""top"":6618,""bottom"":4374},""time"":1730201956906}",,,,,
13664,Person,2024-10-29 20:39:09,2024-10-29 20:39:18,"{""left"":6402,""right"":2583,""top"":6862,""bottom"":4791},{""box"":{""left"":6402,""right"":2583,""top"":6862,""bottom"":4791},""time"":1730201949597},{""box"":{""left"":6402,""right"":2583,""top"":6862,""bottom"":4791},""time"":1730201949647},{""box"":{""left"":6402,""right"":2583,""top"":6862,""bottom"":4791},""time"":1730201949708},{""box"":{""left"":6402,""right"":2583,""top"":6862,""bottom"":4791},""time"":1730201949759},{""box"":{""left"":6402,""right"":2583,""top"":6862,""bottom"":4791},""time"":1730201949821},{""box"":{""left"":6402,""right"":2583,""top"":6862,""bottom"":4791},""time"":1730201949873},{""box"":{""left"":6402,""right"":2583,""top"":6862,""bottom"":4791},""time"":1730201949933},{""box"":{""left"":6402,""right"":2583,""top"":6862,""bottom"":4791},""time"":1730201949985},{""box"":{""left"":6402,""right"":2583,""top"":6862,""bottom"":4791},""time"":1730201950044},{""box"":{""left"":6402,""right"":2583,""top"":6862,""bottom"":4791},""time"":1730201950095},{""box"":{""left"":6402,""right"":2583,""top"":6862,""bottom"":4791},""time"":1730201950157},{""box"":{""left"":6402,""right"":2583,""top"":6862,""bottom"":4791},""time"":1730201950208},{""box"":{""left"":6402,""right"":2583,""top"":6862,""bottom"":4791},""time"":1730201950270},{""box"":{""left"":6402,""right"":2583,""top"":6862,""bottom"":4791},""time"":1730201950331},{""box"":{""left"":6402,""right"":2583,""top"":6862,""bottom"":4791},""time"":1730201950380},{""box"":{""left"":6402,""right"":2583,""top"":6862,""bottom"":4791},""time"":1730201950443},{""box"":{""left"":6402,""right"":2583,""top"":6862,""bottom"":4791},""time"":1730201950493},{""box"":{""left"":6402,""right"":2583,""top"":6862,""bottom"":4791},""time"":1730201950555},{""box"":{""left"":6402,""right"":2583,""top"":6862,""bottom"":4791},""time"":1730201950614},{""box"":{""left"":6402,""right"":2583,""top"":6862,""bottom"":4791},""time"":1730201950676},{""box"":{""left"":6402,""right"":2583,""top"":6862,""bottom"":4791},""time"":1730201950729},{""box"":{""left"":6402,""right"":2583,""top"":6862,""bottom"":4791},""time"":1730201950792},{""box"":{""left"":6402,""right"":2583,""top"":6862,""bottom"":4791},""time"":1730201950841},{""box"":{""left"":6402,""right"":2583,""top"":6862,""bottom"":4791},""time"":1730201950905},{""box"":{""left"":6402,""right"":2583,""top"":6862,""bottom"":4791},""time"":1730201950964},{""box"":{""left"":6402,""right"":2583,""top"":6862,""bottom"":4791},""time"":1730201951016},{""box"":{""left"":6402,""right"":2583,""top"":6862,""bottom"":4791},""time"":1730201951076},{""box"":{""left"":6402,""right"":2583,""top"":6862,""bottom"":4791},""time"":1730201951129},{""box"":{""left"":6402,""right"":2583,""top"":6862,""bottom"":4791},""time"":1730201951191},{""box"":{""left"":6402,""right"":2583,""top"":6862,""bottom"":4791},""time"":1730201951243},{""box"":{""left"":6402,""right"":2583,""top"":6862,""bottom"":4791},""time"":1730201951303},{""box"":{""left"":6402,""right"":2583,""top"":6862,""bottom"":4791},""time"":1730201951354},{""box"":{""left"":6402,""right"":2583,""top"":6862,""bottom"":4791},""time"":1730201951416},{""box"":{""left"":6402,""right"":2583,""top"":6862,""bottom"":4791},""time"":1730201951479},{""box"":{""left"":6402,""right"":2583,""top"":6862,""bottom"":4791},""time"":1730201951528},{""box"":{""left"":6402,""right"":2583,""top"":6862,""bottom"":4791},""time"":1730201951590},{""box"":{""left"":6402,""right"":2583,""top"":6862,""bottom"":4791},""time"":1730201951650},{""box"":{""left"":6402,""right"":2583,""top"":6862,""bottom"":4791},""time"":1730201951701},{""box"":{""left"":6402,""right"":2583,""top"":6862,""bottom"":4791},""time"":1730201951763},{""box"":{""left"":6402,""right"":2583,""top"":6862,""bottom"":4791},""time"":1730201951815},{""box"":{""left"":6402,""right"":2583,""top"":6862,""bottom"":4791},""time"":1730201951873},{""box"":{""left"":6402,""right"":2583,""top"":6862,""bottom"":4791},""time"":1730201951925},{""box"":{""left"":6402,""right"":2583,""top"":6862,""bottom"":4791},""time"":1730201951980},{""box"":{""left"":6402,""right"":2583,""top"":6862,""bottom"":4791},""time"":1730201952038},{""box"":{""left"":6402,""right"":2583,""top"":6862,""bottom"":4791},""time"":1730201952099},{""box"":{""left"":6402,""right"":2583,""top"":6862,""bottom"":4791},""time"":1730201952150},{""box"":{""left"":6402,""right"":2583,""top"":6862,""bottom"":4791},""time"":1730201952211},{""box"":{""left"":6402,""right"":2583,""top"":6862,""bottom"":4791},""time"":1730201952271},{""box"":{""left"":6402,""right"":2583,""top"":6862,""bottom"":4791},""time"":1730201952322},{""box"":{""left"":6402,""right"":2583,""top"":6862,""bottom"":4791},""time"":1730201952375},{""box"":{""left"":6402,""right"":2583,""top"":6862,""bottom"":4791},""time"":1730201952434},{""box"":{""left"":6402,""right"":2583,""top"":6862,""bottom"":4791},""time"":1730201952485},{""box"":{""left"":6402,""right"":2583,""top"":6862,""bottom"":4791},""time"":1730201952547},{""box"":{""left"":6402,""right"":2583,""top"":6862,""bottom"":4791},""time"":1730201952599},{""box"":{""left"":6402,""right"":2583,""top"":6862,""bottom"":4791},""time"":1730201952659},{""box"":{""left"":6402,""right"":2583,""top"":6862,""bottom"":4791},""time"":1730201952720},{""box"":{""left"":6402,""right"":2583,""top"":6862,""bottom"":4791},""time"":1730201952771},{""box"":{""left"":6402,""right"":2583,""top"":6862,""bottom"":4791},""time"":1730201952823},{""box"":{""left"":6402,""right"":2583,""top"":6862,""bottom"":4791},""time"":1730201952882},{""box"":{""left"":6402,""right"":2583,""top"":6862,""bottom"":4791},""time"":1730201952945},{""box"":{""left"":6402,""right"":2583,""top"":6862,""bottom"":4791},""time"":1730201952990},{""box"":{""left"":6402,""right"":2583,""top"":6862,""bottom"":4791},""time"":1730201953220},{""box"":{""left"":6402,""right"":2583,""top"":6862,""bottom"":4791},""time"":1730201953282},{""box"":{""left"":6402,""right"":2583,""top"":6862,""bottom"":4791},""time"":1730201953333},{""box"":{""left"":6402,""right"":2583,""top"":6862,""bottom"":4791},""time"":1730201953395},{""box"":{""left"":6402,""right"":2583,""top"":6862,""bottom"":4791},""time"":1730201953456},{""box"":{""left"":6402,""right"":2583,""top"":6862,""bottom"":4791},""time"":1730201953506},{""box"":{""left"":6402,""right"":2583,""top"":6862,""bottom"":4791},""time"":1730201953570},{""box"":{""left"":6402,""right"":2583,""top"":6862,""bottom"":4791},""time"":1730201953629},{""box"":{""left"":6402,""right"":2583,""top"":6862,""bottom"":4791},""time"":1730201953681},{""box"":{""left"":6402,""right"":2583,""top"":6862,""bottom"":4791},""time"":1730201953741},{""box"":{""left"":6402,""right"":2583,""top"":6862,""bottom"":4791},""time"":1730201953801},{""box"":{""left"":6402,""right"":2583,""top"":6862,""bottom"":4791},""time"":1730201953852},{""box"":{""left"":6402,""right"":2583,""top"":6862,""bottom"":4791},""time"":1730201953905},{""box"":{""left"":6402,""right"":2583,""top"":6862,""bottom"":4791},""time"":1730201953965},{""box"":{""left"":6402,""right"":2583,""top"":6862,""bottom"":4791},""time"":1730201954015},{""box"":{""left"":6402,""right"":2583,""top"":6862,""bottom"":4791},""time"":1730201954075},{""box"":{""left"":6402,""right"":2583,""top"":6862,""bottom"":4791},""time"":1730201954129},{""box"":{""left"":6402,""right"":2583,""top"":6862,""bottom"":4791},""time"":1730201954189},{""box"":{""left"":6402,""right"":2583,""top"":6862,""bottom"":4791},""time"":1730201954239},{""box"":{""left"":6402,""right"":2583,""top"":6862,""bottom"":4791},""time"":1730201954299},{""box"":{""left"":6402,""right"":2583,""top"":6862,""bottom"":4791},""time"":1730201954362},{""box"":{""left"":6402,""right"":2583,""top"":6862,""bottom"":4791},""time"":1730201954412},{""box"":{""left"":6402,""right"":2583,""top"":6862,""bottom"":4791},""time"":1730201954474},{""box"":{""left"":6402,""right"":2583,""top"":6862,""bottom"":4791},""time"":1730201954524},{""box"":{""left"":6402,""right"":2583,""top"":6862,""bottom"":4791},""time"":1730201954576},{""box"":{""left"":6402,""right"":2583,""top"":6862,""bottom"":4791},""time"":1730201954637},{""box"":{""left"":6402,""right"":2583,""top"":6862,""bottom"":4791},""time"":1730201954698},{""box"":{""left"":6402,""right"":2583,""top"":6862,""bottom"":4791},""time"":1730201954757},{""box"":{""left"":6402,""right"":2583,""top"":6862,""bottom"":4791},""time"":1730201954812},{""box"":{""left"":6402,""right"":2583,""top"":6862,""bottom"":4791},""time"":1730201954874},{""box"":{""left"":6402,""right"":2583,""top"":6862,""bottom"":4791},""time"":1730201954925},{""box"":{""left"":6402,""right"":2583,""top"":6862,""bottom"":4791},""time"":1730201954986},{""box"":{""left"":6402,""right"":2583,""top"":6862,""bottom"":4791},""time"":1730201955036},{""box"":{""left"":6402,""right"":2583,""top"":6862,""bottom"":4791},""time"":1730201955096},{""box"":{""left"":6402,""right"":2583,""top"":6862,""bottom"":4791},""time"":1730201955159},{""box"":{""left"":6402,""right"":2583,""top"":6862,""bottom"":4791},""time"":1730201955211},{""box"":{""left"":6402,""right"":2583,""top"":6862,""bottom"":4791},""time"":1730201955271},{""box"":{""left"":6402,""right"":2583,""top"":6862,""bottom"":4791},""time"":1730201955321},{""box"":{""left"":6402,""right"":2583,""top"":6862,""bottom"":4791},""time"":1730201955374},{""box"":{""left"":6402,""right"":2583,""top"":6862,""bottom"":4791},""time"":1730201955434},{""box"":{""left"":6402,""right"":2583,""top"":6862,""bottom"":4791},""time"":1730201955495},{""box"":{""left"":6402,""right"":2583,""top"":6862,""bottom"":4791},""time"":1730201955546},{""box"":{""left"":6402,""right"":2583,""top"":6862,""bottom"":4791},""time"":1730201955606},{""box"":{""left"":6402,""right"":2583,""top"":6862,""bottom"":4791},""time"":1730201955666},{""box"":{""left"":6402,""right"":2583,""top"":6862,""bottom"":4791},""time"":1730201955718},{""box"":{""left"":6402,""right"":2583,""top"":6862,""bottom"":4791},""time"":1730201955768},{""box"":{""left"":6402,""right"":2583,""top"":6862,""bottom"":4791},""time"":1730201955830},{""box"":{""left"":6402,""right"":2583,""top"":6862,""bottom"":4791},""time"":1730201955892},{""box"":{""left"":6402,""right"":2583,""top"":6862,""bottom"":4791},""time"":1730201955944},{""box"":{""left"":6402,""right"":2583,""top"":6862,""bottom"":4791},""time"":1730201956002},{""box"":{""left"":6402,""right"":2583,""top"":6862,""bottom"":4791},""time"":1730201956065},{""box"":{""left"":6402,""right"":2583,""top"":6862,""bottom"":4791},""time"":1730201956124},{""box"":{""left"":6402,""right"":2583,""top"":6862,""bottom"":4791},""time"":1730201956177},{""box"":{""left"":6402,""right"":2583,""top"":6862,""bottom"":4791},""time"":1730201956237},{""box"":{""left"":6402,""right"":2583,""top"":6862,""bottom"":4791},""time"":1730201956290},{""box"":{""left"":6402,""right"":2583,""top"":6862,""bottom"":4791},""time"":1730201956339},{""box"":{""left"":6402,""right"":2583,""top"":6862,""bottom"":4791},""time"":1730201956400},{""box"":{""left"":6402,""right"":2583,""top"":6862,""bottom"":4791},""time"":1730201956450},{""box"":{""left"":6402,""right"":2583,""top"":6862,""bottom"":4791},""time"":1730201956511},{""box"":{""left"":6402,""right"":2583,""top"":6862,""bottom"":4791},""time"":1730201956562},{""box"":{""left"":6402,""right"":2583,""top"":6862,""bottom"":4791},""time"":1730201956625},{""box"":{""left"":6402,""right"":2583,""top"":6862,""bottom"":4791},""time"":1730201956675},{""box"":{""left"":6402,""right"":2583,""top"":6862,""bottom"":4791},""time"":1730201956737},{""box"":{""left"":6402,""right"":2583,""top"":6862,""bottom"":4791},""time"":1730201956797},{""box"":{""left"":6402,""right"":2583,""top"":6862,""bottom"":4791},""time"":1730201956849},{""box"":{""left"":6402,""right"":2583,""top"":6862,""bottom"":4791},""time"":1730201956910},{""box"":{""left"":6402,""right"":2583,""top"":6862,""bottom"":4791},""time"":1730201956958},{""box"":{""left"":6402,""right"":2583,""top"":6862,""bottom"":4791},""time"":1730201957020},{""box"":{""left"":6402,""right"":2583,""top"":6862,""bottom"":4791},""time"":1730201957070},{""box"":{""left"":6402,""right"":2583,""top"":6862,""bottom"":4791},""time"":1730201957131},{""box"":{""left"":6402,""right"":2583,""top"":6862,""bottom"":4791},""time"":1730201957182},{""box"":{""left"":6402,""right"":2583,""top"":6862,""bottom"":4791},""time"":1730201957243},{""box"":{""left"":6402,""right"":2583,""top"":6862,""bottom"":4791},""time"":1730201957303},{""box"":{""left"":6402,""right"":2583,""top"":6862,""bottom"":4791},""time"":1730201957468},{""box"":{""left"":6402,""right"":2583,""top"":6862,""bottom"":4791},""time"":1730201957517},{""box"":{""left"":6402,""right"":2583,""top"":6862,""bottom"":4791},""time"":1730201957581},{""box"":{""left"":6402,""right"":2583,""top"":6862,""bottom"":4791},""time"":1730201957630},{""box"":{""left"":6402,""right"":2583,""top"":6862,""bottom"":4791},""time"":1730201957692},{""box"":{""left"":6402,""right"":2583,""top"":6862,""bottom"":4791},""time"":1730201957742},{""box"":{""left"":6402,""right"":2583,""top"":6862,""bottom"":4791},""time"":1730201957802},{""box"":{""left"":6402,""right"":2583,""top"":6862,""bottom"":4791},""time"":1730201957854},{""box"":{""left"":6402,""right"":2583,""top"":6862,""bottom"":4791},""time"":1730201957915},{""box"":{""left"":6402,""right"":2583,""top"":6862,""bottom"":4791},""time"":1730201957967},{""box"":{""left"":6402,""right"":2583,""top"":6862,""bottom"":4791},""time"":1730201958027},{""box"":{""left"":6402,""right"":2583,""top"":6862,""bottom"":4791},""time"":1730201958087},{""box"":{""left"":6402,""right"":2583,""top"":6862,""bottom"":4791},""time"":1730201958148},{""box"":{""left"":6402,""right"":2583,""top"":6862,""bottom"":4791},""time"":1730201958251},{""box"":{""left"":6402,""right"":2583,""top"":6862,""bottom"":4791},""time"":1730201958373},{""box"":{""left"":6402,""right"":2583,""top"":6862,""bottom"":4791},""time"":1730201958485},{""box"":{""left"":6402,""right"":2583,""top"":6862,""bottom"":4791},""time"":1730201958546},{""box"":{""left"":6402,""right"":2583,""top"":6862,""bottom"":4791},""time"":1730201958717}",,,,,
