8606,Person,2024-11-25 15:55:07,2024-11-25 15:55:11,"{""box"":{""left"":2186,""right"":2771,""top"":2593,""bottom"":4633},""time"":1732517707116},{""box"":{""left"":2186,""right"":2771,""top"":2593,""bottom"":4633},""time"":1732517708024},{""box"":{""left"":2186,""right"":2771,""top"":2593,""bottom"":4633},""time"":1732517709048},{""box"":{""left"":2186,""right"":2771,""top"":2593,""bottom"":4633},""time"":1732517710021},{""box"":{""left"":2186,""right"":2771,""top"":2593,""bottom"":4633},""time"":1732517711047}",,,,,
8627,Person,2024-11-25 15:55:07,2024-11-25 15:55:12,"{""box"":{""left"":2421,""right"":2642,""top"":2740,""bottom"":4294},""time"":1732517707160},{""box"":{""left"":2421,""right"":2642,""top"":2740,""bottom"":4294},""time"":1732517708027},{""box"":{""left"":2421,""right"":2642,""top"":2740,""bottom"":4294},""time"":1732517709001},{""box"":{""left"":2421,""right"":2642,""top"":2740,""bottom"":4294},""time"":1732517710027},{""box"":{""left"":2421,""right"":2642,""top"":2740,""bottom"":4294},""time"":1732517711050},{""box"":{""left"":2421,""right"":2642,""top"":2740,""bottom"":4294},""time"":1732517712069}",,,,,
8628,Person,2024-11-25 15:55:07,2024-11-25 15:55:12,"{""box"":{""left"":4837,""right"":8541,""top"":6449,""bottom"":10000},""time"":1732517707514},{""box"":{""left"":4837,""right"":8541,""top"":6449,""bottom"":10000},""time"":1732517710197},{""box"":{""left"":4837,""right"":8541,""top"":6449,""bottom"":10000},""time"":1732517711162},{""box"":{""left"":4837,""right"":8541,""top"":6449,""bottom"":10000},""time"":1732517712017}",,,,,
8629,Person,2024-11-25 15:55:09,2024-11-25 15:55:09,"{""box"":{""left"":5956,""right"":1812,""top"":6100,""bottom"":2489},""time"":1732517709512}",,,,,
8630,Person,2024-11-25 15:55:12,2024-11-25 15:55:20,"{""box"":{""left"":9137,""right"":5000,""top"":9912,""bottom"":7520},""time"":1732517712019},{""box"":{""left"":9137,""right"":5000,""top"":9912,""bottom"":7520},""time"":1732517713036},{""box"":{""left"":9137,""right"":5000,""top"":9912,""bottom"":7520},""time"":1732517714005},{""box"":{""left"":9137,""right"":5000,""top"":9912,""bottom"":7520},""time"":1732517715024},{""box"":{""left"":9137,""right"":5000,""top"":9912,""bottom"":7520},""time"":1732517716036},{""box"":{""left"":9137,""right"":5000,""top"":9912,""bottom"":7520},""time"":1732517717005},{""box"":{""left"":9137,""right"":5000,""top"":9912,""bottom"":7520},""time"":1732517718031},{""box"":{""left"":9137,""right"":5000,""top"":9912,""bottom"":7520},""time"":1732517719009},{""box"":{""left"":9137,""right"":5000,""top"":9912,""bottom"":7520},""time"":1732517720024}",,,,,
8631,Person,2024-11-25 15:55:12,2024-11-25 15:55:12,"{""box"":{""left"":6013,""right"":1702,""top"":6181,""bottom"":2695},""time"":1732517712356}",,,,,
8632,Person,2024-11-25 15:55:13,2024-11-25 15:55:13,"{""box"":{""left"":5956,""right"":1902,""top"":6112,""bottom"":2898},""time"":1732517713324}",,,,,
8633,Person,2024-11-25 15:55:13,2024-11-25 15:55:15,"{""box"":{""left"":6412,""right"":1947,""top"":6593,""bottom"":2916},""time"":1732517713609},{""box"":{""left"":6412,""right"":1947,""top"":6593,""bottom"":2916},""time"":1732517715028}",,,,,
8635,Person,2024-11-25 15:55:15,2024-11-25 15:55:18,"{""box"":{""left"":1787,""right"":2656,""top"":2156,""bottom"":4114},""time"":1732517715704},{""box"":{""left"":1787,""right"":2656,""top"":2156,""bottom"":4114},""time"":1732517717009},{""box"":{""left"":1787,""right"":2656,""top"":2156,""bottom"":4114},""time"":1732517718035}",,,,,
8636,Person,2024-11-25 15:55:20,2024-11-25 15:55:54,"{""box"":{""left"":6312,""right"":8270,""top"":7550,""bottom"":9999},""time"":1732517720078},{""box"":{""left"":6312,""right"":8270,""top"":7550,""bottom"":9999},""time"":1732517721042},{""box"":{""left"":6312,""right"":8270,""top"":7550,""bottom"":9999},""time"":1732517722022},{""box"":{""left"":6312,""right"":8270,""top"":7550,""bottom"":9999},""time"":1732517723043},{""box"":{""left"":6312,""right"":8270,""top"":7550,""bottom"":9999},""time"":1732517724050},{""box"":{""left"":6312,""right"":8270,""top"":7550,""bottom"":9999},""time"":1732517725010},{""box"":{""left"":6312,""right"":8270,""top"":7550,""bottom"":9999},""time"":1732517726019},{""box"":{""left"":6312,""right"":8270,""top"":7550,""bottom"":9999},""time"":1732517727041},{""box"":{""left"":6312,""right"":8270,""top"":7550,""bottom"":9999},""time"":1732517728046},{""box"":{""left"":6312,""right"":8270,""top"":7550,""bottom"":9999},""time"":1732517729015},{""box"":{""left"":6312,""right"":8270,""top"":7550,""bottom"":9999},""time"":1732517730033},{""box"":{""left"":6312,""right"":8270,""top"":7550,""bottom"":9999},""time"":1732517731055},{""box"":{""left"":6312,""right"":8270,""top"":7550,""bottom"":9999},""time"":1732517732011},{""box"":{""left"":6312,""right"":8270,""top"":7550,""bottom"":9999},""time"":1732517733224},{""box"":{""left"":6312,""right"":8270,""top"":7550,""bottom"":9999},""time"":1732517734736},{""box"":{""left"":6312,""right"":8270,""top"":7550,""bottom"":9999},""time"":1732517735080},{""box"":{""left"":6312,""right"":8270,""top"":7550,""bottom"":9999},""time"":1732517736029},{""box"":{""left"":6312,""right"":8270,""top"":7550,""bottom"":9999},""time"":1732517737039},{""box"":{""left"":6312,""right"":8270,""top"":7550,""bottom"":9999},""time"":1732517738005},{""box"":{""left"":6312,""right"":8270,""top"":7550,""bottom"":9999},""time"":1732517739028},{""box"":{""left"":6312,""right"":8270,""top"":7550,""bottom"":9999},""time"":1732517740010},{""box"":{""left"":6312,""right"":8270,""top"":7550,""bottom"":9999},""time"":1732517741035},{""box"":{""left"":6312,""right"":8270,""top"":7550,""bottom"":9999},""time"":1732517742051},{""box"":{""left"":6312,""right"":8270,""top"":7550,""bottom"":9999},""time"":1732517743354},{""box"":{""left"":6312,""right"":8270,""top"":7550,""bottom"":9999},""time"":1732517744040},{""box"":{""left"":6312,""right"":8270,""top"":7550,""bottom"":9999},""time"":1732517745030},{""box"":{""left"":6312,""right"":8270,""top"":7550,""bottom"":9999},""time"":1732517746006},{""box"":{""left"":6312,""right"":8270,""top"":7550,""bottom"":9999},""time"":1732517747037},{""box"":{""left"":6312,""right"":8270,""top"":7550,""bottom"":9999},""time"":1732517748000},{""box"":{""left"":6312,""right"":8270,""top"":7550,""bottom"":9999},""time"":1732517749032},{""box"":{""left"":6312,""right"":8270,""top"":7550,""bottom"":9999},""time"":1732517750039},{""box"":{""left"":6312,""right"":8270,""top"":7550,""bottom"":9999},""time"":1732517751001},{""box"":{""left"":6312,""right"":8270,""top"":7550,""bottom"":9999},""time"":1732517752033},{""box"":{""left"":6312,""right"":8270,""top"":7550,""bottom"":9999},""time"":1732517753007},{""box"":{""left"":6312,""right"":8270,""top"":7550,""bottom"":9999},""time"":1732517754029}",,,,,
8637,Person,2024-11-25 15:55:22,2024-11-25 15:55:23,"{""box"":{""left"":6412,""right"":2010,""top"":6606,""bottom"":2843},""time"":1732517722363},{""box"":{""left"":6412,""right"":2010,""top"":6606,""bottom"":2843},""time"":1732517723047}",,,,,
8638,Person,2024-11-25 15:55:23,2024-11-25 15:55:30,"{""box"":{""left"":1881,""right"":2583,""top"":2093,""bottom"":3729},""time"":1732517723157},{""box"":{""left"":1881,""right"":2583,""top"":2093,""bottom"":3729},""time"":1732517725015},{""box"":{""left"":1881,""right"":2583,""top"":2093,""bottom"":3729},""time"":1732517726023},{""box"":{""left"":1881,""right"":2583,""top"":2093,""bottom"":3729},""time"":1732517727044},{""box"":{""left"":1881,""right"":2583,""top"":2093,""bottom"":3729},""time"":1732517728050},{""box"":{""left"":1881,""right"":2583,""top"":2093,""bottom"":3729},""time"":1732517729019},{""box"":{""left"":1881,""right"":2583,""top"":2093,""bottom"":3729},""time"":1732517730089}",,,,,
8640,Person,2024-11-25 15:55:24,2024-11-25 15:55:24,"{""box"":{""left"":5956,""right"":1738,""top"":6106,""bottom"":2551},""time"":1732517724949}",,,,,
8642,Person,2024-11-25 15:55:31,2024-11-25 15:55:32,"{""box"":{""left"":950,""right"":8645,""top"":2649,""bottom"":10000},""time"":1732517731845},{""box"":{""left"":950,""right"":8645,""top"":2649,""bottom"":10000},""time"":1732517732019}",,,,,
8643,Person,2024-11-25 15:55:37,2024-11-25 15:55:37,"{""box"":{""left"":5942,""right"":1958,""top"":6167,""bottom"":2781},""time"":1732517737889}",,,,,
8644,Person,2024-11-25 15:55:39,2024-11-25 15:55:39,"{""box"":{""left"":6506,""right"":1905,""top"":6668,""bottom"":2967},""time"":1732517739390}",,,,,
8645,Person,2024-11-25 15:55:39,2024-11-25 15:55:48,"{""box"":{""left"":6837,""right"":8041,""top"":8087,""bottom"":9999},""time"":1732517739677},{""box"":{""left"":6837,""right"":8041,""top"":8087,""bottom"":9999},""time"":1732517740017},{""box"":{""left"":6837,""right"":8041,""top"":8087,""bottom"":9999},""time"":1732517741041},{""box"":{""left"":6837,""right"":8041,""top"":8087,""bottom"":9999},""time"":1732517742058},{""box"":{""left"":6837,""right"":8041,""top"":8087,""bottom"":9999},""time"":1732517743015},{""box"":{""left"":6837,""right"":8041,""top"":8087,""bottom"":9999},""time"":1732517744046},{""box"":{""left"":6837,""right"":8041,""top"":8087,""bottom"":9999},""time"":1732517745036},{""box"":{""left"":6837,""right"":8041,""top"":8087,""bottom"":9999},""time"":1732517746013},{""box"":{""left"":6837,""right"":8041,""top"":8087,""bottom"":9999},""time"":1732517747043},{""box"":{""left"":6837,""right"":8041,""top"":8087,""bottom"":9999},""time"":1732517748007}",,,,,
8646,Person,2024-11-25 15:55:42,2024-11-25 15:55:43,"{""box"":{""left"":5752,""right"":2747,""top"":6334,""bottom"":5685},""time"":1732517742957}",,,,,
8647,Person,2024-11-25 15:55:40,2024-11-25 15:55:54,"{""box"":{""left"":4450,""right"":8208,""top"":5650,""bottom"":9999},""time"":1732517740194},{""box"":{""left"":4450,""right"":8208,""top"":5650,""bottom"":9999},""time"":1732517741046},{""box"":{""left"":4450,""right"":8208,""top"":5650,""bottom"":9999},""time"":1732517742062},{""box"":{""left"":4450,""right"":8208,""top"":5650,""bottom"":9999},""time"":1732517743365},{""box"":{""left"":4450,""right"":8208,""top"":5650,""bottom"":9999},""time"":1732517744050},{""box"":{""left"":4450,""right"":8208,""top"":5650,""bottom"":9999},""time"":1732517745040},{""box"":{""left"":4450,""right"":8208,""top"":5650,""bottom"":9999},""time"":1732517746016},{""box"":{""left"":4450,""right"":8208,""top"":5650,""bottom"":9999},""time"":1732517748568},{""box"":{""left"":4450,""right"":8208,""top"":5650,""bottom"":9999},""time"":1732517749040},{""box"":{""left"":4450,""right"":8208,""top"":5650,""bottom"":9999},""time"":1732517750046},{""box"":{""left"":4450,""right"":8208,""top"":5650,""bottom"":9999},""time"":1732517751005},{""box"":{""left"":4450,""right"":8208,""top"":5650,""bottom"":9999},""time"":1732517752037},{""box"":{""left"":4450,""right"":8208,""top"":5650,""bottom"":9999},""time"":1732517753010},{""box"":{""left"":4450,""right"":8208,""top"":5650,""bottom"":9999},""time"":1732517754033}",,,,,
8648,Person,2024-11-25 15:55:43,2024-11-25 15:55:46,"{""box"":{""left"":1787,""right"":2422,""top"":2090,""bottom"":3559},""time"":1732517743531},{""box"":{""left"":1787,""right"":2422,""top"":2090,""bottom"":3559},""time"":1732517744053},{""box"":{""left"":1787,""right"":2422,""top"":2090,""bottom"":3559},""time"":1732517745043},{""box"":{""left"":1787,""right"":2422,""top"":2090,""bottom"":3559},""time"":1732517746133}",,,,,
8649,Face,2024-11-25 15:55:44,2024-11-25 15:55:44,"{""box"":{""left"":4653,""right"":4726,""top"":5018,""bottom"":5258},""time"":1732517744972}","6,12",male,,,
8650,Face,2024-11-25 15:55:45,2024-11-25 15:55:45,"{""box"":{""left"":4059,""right"":5585,""top"":4425,""bottom"":6085},""time"":1732517745321}","18,24",male,,,
8651,Person,2024-11-25 15:55:46,2024-11-25 15:55:49,"{""box"":{""left"":2861,""right"":2666,""top"":3273,""bottom"":4583},""time"":1732517746933},{""box"":{""left"":2861,""right"":2666,""top"":3273,""bottom"":4583},""time"":1732517748010},{""box"":{""left"":2861,""right"":2666,""top"":3273,""bottom"":4583},""time"":1732517749090}",,,,,
8652,Person,2024-11-25 15:55:58,2024-11-25 15:56:05,"{""box"":{""left"":6761,""right"":2593,""top"":7086,""bottom"":4072},""time"":1732517758307},{""box"":{""left"":6761,""right"":2593,""top"":7086,""bottom"":4072},""time"":1732517759030},{""box"":{""left"":6761,""right"":2593,""top"":7086,""bottom"":4072},""time"":1732517760038},{""box"":{""left"":6761,""right"":2593,""top"":7086,""bottom"":4072},""time"":1732517761006},{""box"":{""left"":6761,""right"":2593,""top"":7086,""bottom"":4072},""time"":1732517762015},{""box"":{""left"":6761,""right"":2593,""top"":7086,""bottom"":4072},""time"":1732517763043},{""box"":{""left"":6761,""right"":2593,""top"":7086,""bottom"":4072},""time"":1732517764001},{""box"":{""left"":6761,""right"":2593,""top"":7086,""bottom"":4072},""time"":1732517765014}",,,,,
8653,Person,2024-11-25 15:55:59,2024-11-25 15:56:10,"{""box"":{""left"":6687,""right"":2458,""top"":7123,""bottom"":4416},""time"":1732517759315},{""box"":{""left"":6687,""right"":2458,""top"":7123,""bottom"":4416},""time"":1732517760041},{""box"":{""left"":6687,""right"":2458,""top"":7123,""bottom"":4416},""time"":1732517761010},{""box"":{""left"":6687,""right"":2458,""top"":7123,""bottom"":4416},""time"":1732517762019},{""box"":{""left"":6687,""right"":2458,""top"":7123,""bottom"":4416},""time"":1732517763047},{""box"":{""left"":6687,""right"":2458,""top"":7123,""bottom"":4416},""time"":1732517764004},{""box"":{""left"":6687,""right"":2458,""top"":7123,""bottom"":4416},""time"":1732517765018},{""box"":{""left"":6687,""right"":2458,""top"":7123,""bottom"":4416},""time"":1732517766036},{""box"":{""left"":6687,""right"":2458,""top"":7123,""bottom"":4416},""time"":1732517767002},{""box"":{""left"":6687,""right"":2458,""top"":7123,""bottom"":4416},""time"":1732517768020},{""box"":{""left"":6687,""right"":2458,""top"":7123,""bottom"":4416},""time"":1732517769028},{""box"":{""left"":6687,""right"":2458,""top"":7123,""bottom"":4416},""time"":1732517770000}",,,,,
8655,Person,2024-11-25 15:56:08,2024-11-25 15:56:08,"{""box"":{""left"":6412,""right"":1927,""top"":6612,""bottom"":2895},""time"":1732517768072}",,,,,
8656,Person,2024-11-25 15:56:09,2024-11-25 15:56:22,"{""box"":{""left"":1817,""right"":2312,""top"":2017,""bottom"":3395},""time"":1732517769030},{""box"":{""left"":1817,""right"":2312,""top"":2017,""bottom"":3395},""time"":1732517771190},{""box"":{""left"":1817,""right"":2312,""top"":2017,""bottom"":3395},""time"":1732517772033},{""box"":{""left"":1817,""right"":2312,""top"":2017,""bottom"":3395},""time"":1732517773000},{""box"":{""left"":1817,""right"":2312,""top"":2017,""bottom"":3395},""time"":1732517774031},{""box"":{""left"":1817,""right"":2312,""top"":2017,""bottom"":3395},""time"":1732517775056},{""box"":{""left"":1817,""right"":2312,""top"":2017,""bottom"":3395},""time"":1732517776022},{""box"":{""left"":1817,""right"":2312,""top"":2017,""bottom"":3395},""time"":1732517777034},{""box"":{""left"":1817,""right"":2312,""top"":2017,""bottom"":3395},""time"":1732517778011},{""box"":{""left"":1817,""right"":2312,""top"":2017,""bottom"":3395},""time"":1732517779040},{""box"":{""left"":1817,""right"":2312,""top"":2017,""bottom"":3395},""time"":1732517780010},{""box"":{""left"":1817,""right"":2312,""top"":2017,""bottom"":3395},""time"":1732517781037},{""box"":{""left"":1817,""right"":2312,""top"":2017,""bottom"":3395},""time"":1732517782063}",,,,,
8657,Person,2024-11-25 15:56:12,2024-11-25 15:56:24,"{""box"":{""left"":1781,""right"":2468,""top"":2049,""bottom"":3562},""time"":1732517772716},{""box"":{""left"":1781,""right"":2468,""top"":2049,""bottom"":3562},""time"":1732517774036},{""box"":{""left"":1781,""right"":2468,""top"":2049,""bottom"":3562},""time"":1732517775000},{""box"":{""left"":1781,""right"":2468,""top"":2049,""bottom"":3562},""time"":1732517776026},{""box"":{""left"":1781,""right"":2468,""top"":2049,""bottom"":3562},""time"":1732517777038},{""box"":{""left"":1781,""right"":2468,""top"":2049,""bottom"":3562},""time"":1732517778015},{""box"":{""left"":1781,""right"":2468,""top"":2049,""bottom"":3562},""time"":1732517779049},{""box"":{""left"":1781,""right"":2468,""top"":2049,""bottom"":3562},""time"":1732517780019},{""box"":{""left"":1781,""right"":2468,""top"":2049,""bottom"":3562},""time"":1732517781045},{""box"":{""left"":1781,""right"":2468,""top"":2049,""bottom"":3562},""time"":1732517782002},{""box"":{""left"":1781,""right"":2468,""top"":2049,""bottom"":3562},""time"":1732517783039},{""box"":{""left"":1781,""right"":2468,""top"":2049,""bottom"":3562},""time"":1732517784002}",,,,,
8659,Person,2024-11-25 15:56:16,2024-11-25 15:56:17,"{""box"":{""left"":0,""right"":6195,""top"":1169,""bottom"":10000},""time"":1732517776150},{""box"":{""left"":0,""right"":6195,""top"":1169,""bottom"":10000},""time"":1732517777041}",,,,,
8660,Person,2024-11-25 15:56:20,2024-11-25 15:56:20,"{""box"":{""left"":2031,""right"":3012,""top"":2418,""bottom"":4699},""time"":1732517780470}",,,,,
8661,Person,2024-11-25 15:56:20,2024-11-25 15:56:34,"{""box"":{""left"":6625,""right"":7957,""top"":7949,""bottom"":9977},""time"":1732517780359},{""box"":{""left"":6625,""right"":7957,""top"":7949,""bottom"":9977},""time"":1732517782005},{""box"":{""left"":6625,""right"":7957,""top"":7949,""bottom"":9977},""time"":1732517783047},{""box"":{""left"":6625,""right"":7957,""top"":7949,""bottom"":9977},""time"":1732517784011},{""box"":{""left"":6625,""right"":7957,""top"":7949,""bottom"":9977},""time"":1732517785030},{""box"":{""left"":6625,""right"":7957,""top"":7949,""bottom"":9977},""time"":1732517786032},{""box"":{""left"":6625,""right"":7957,""top"":7949,""bottom"":9977},""time"":1732517787006},{""box"":{""left"":6625,""right"":7957,""top"":7949,""bottom"":9977},""time"":1732517788036},{""box"":{""left"":6625,""right"":7957,""top"":7949,""bottom"":9977},""time"":1732517789056},{""box"":{""left"":6625,""right"":7957,""top"":7949,""bottom"":9977},""time"":1732517790016},{""box"":{""left"":6625,""right"":7957,""top"":7949,""bottom"":9977},""time"":1732517791033},{""box"":{""left"":6625,""right"":7957,""top"":7949,""bottom"":9977},""time"":1732517792054},{""box"":{""left"":6625,""right"":7957,""top"":7949,""bottom"":9977},""time"":1732517793012},{""box"":{""left"":6625,""right"":7957,""top"":7949,""bottom"":9977},""time"":1732517794028}",,,,,
8662,Person,2024-11-25 15:56:21,2024-11-25 15:56:29,"{""box"":{""left"":1989,""right"":3311,""top"":2621,""bottom"":6353},""time"":1732517781217},{""box"":{""left"":1989,""right"":3311,""top"":2621,""bottom"":6353},""time"":1732517782073},{""box"":{""left"":1989,""right"":3311,""top"":2621,""bottom"":6353},""time"":1732517784683},{""box"":{""left"":1989,""right"":3311,""top"":2621,""bottom"":6353},""time"":1732517785034},{""box"":{""left"":1989,""right"":3311,""top"":2621,""bottom"":6353},""time"":1732517786035},{""box"":{""left"":1989,""right"":3311,""top"":2621,""bottom"":6353},""time"":1732517787011},{""box"":{""left"":1989,""right"":3311,""top"":2621,""bottom"":6353},""time"":1732517788040},{""box"":{""left"":1989,""right"":3311,""top"":2621,""bottom"":6353},""time"":1732517789061}",,,,,
8663,Person,2024-11-25 15:56:21,2024-11-25 15:56:21,"{""box"":{""left"":2063,""right"":3319,""top"":2244,""bottom"":4069},""time"":1732517781672}",,,,,
8664,Person,2024-11-25 15:56:23,2024-11-25 15:56:24,"{""box"":{""left"":1037,""right"":4625,""top"":1800,""bottom"":8269},""time"":1732517783957}",,,,,
8665,Person,2024-11-25 15:56:24,2024-11-25 15:56:24,"{""box"":{""left"":912,""right"":4520,""top"":1675,""bottom"":7458},""time"":1732517784637}",,,,,
8666,Person,2024-11-25 15:56:29,2024-11-25 15:56:36,"{""box"":{""left"":3384,""right"":3181,""top"":4081,""bottom"":6035},""time"":1732517789958},{""box"":{""left"":3384,""right"":3181,""top"":4081,""bottom"":6035},""time"":1732517791037},{""box"":{""left"":3384,""right"":3181,""top"":4081,""bottom"":6035},""time"":1732517793020},{""box"":{""left"":3384,""right"":3181,""top"":4081,""bottom"":6035},""time"":1732517794037},{""box"":{""left"":3384,""right"":3181,""top"":4081,""bottom"":6035},""time"":1732517795046},{""box"":{""left"":3384,""right"":3181,""top"":4081,""bottom"":6035},""time"":1732517796002}",,,,,
8667,Person,2024-11-25 15:56:28,2024-11-25 15:56:29,"{""box"":{""left"":6412,""right"":2010,""top"":6631,""bottom"":3062},""time"":1732517788886}",,,,,
8670,Person,2024-11-25 15:56:38,2024-11-25 15:56:39,"{""box"":{""left"":6500,""right"":1791,""top"":6687,""bottom"":2697},""time"":1732517798931}",,,,,
8671,Person,2024-11-25 15:56:43,2024-11-25 15:57:00,"{""box"":{""left"":0,""right"":6041,""top"":1200,""bottom"":10000},""time"":1732517803424},{""box"":{""left"":0,""right"":6041,""top"":1200,""bottom"":10000},""time"":1732517804054},{""box"":{""left"":0,""right"":6041,""top"":1200,""bottom"":10000},""time"":1732517805011},{""box"":{""left"":0,""right"":6041,""top"":1200,""bottom"":10000},""time"":1732517806002},{""box"":{""left"":0,""right"":6041,""top"":1200,""bottom"":10000},""time"":1732517807038},{""box"":{""left"":0,""right"":6041,""top"":1200,""bottom"":10000},""time"":1732517808005},{""box"":{""left"":0,""right"":6041,""top"":1200,""bottom"":10000},""time"":1732517809025},{""box"":{""left"":0,""right"":6041,""top"":1200,""bottom"":10000},""time"":1732517810033},{""box"":{""left"":0,""right"":6041,""top"":1200,""bottom"":10000},""time"":1732517811060},{""box"":{""left"":0,""right"":6041,""top"":1200,""bottom"":10000},""time"":1732517812019},{""box"":{""left"":0,""right"":6041,""top"":1200,""bottom"":10000},""time"":1732517813040},{""box"":{""left"":0,""right"":6041,""top"":1200,""bottom"":10000},""time"":1732517814019},{""box"":{""left"":0,""right"":6041,""top"":1200,""bottom"":10000},""time"":1732517815040},{""box"":{""left"":0,""right"":6041,""top"":1200,""bottom"":10000},""time"":1732517816049},{""box"":{""left"":0,""right"":6041,""top"":1200,""bottom"":10000},""time"":1732517817013},{""box"":{""left"":0,""right"":6041,""top"":1200,""bottom"":10000},""time"":1732517818039},{""box"":{""left"":0,""right"":6041,""top"":1200,""bottom"":10000},""time"":1732517819034},{""box"":{""left"":0,""right"":6041,""top"":1200,""bottom"":10000},""time"":1732517820001}",,,,,
8672,Person,2024-11-25 15:56:45,2024-11-25 15:56:45,"{""box"":{""left"":6467,""right"":1908,""top"":6648,""bottom"":2997},""time"":1732517805369}",,,,,
8673,Face,2024-11-25 15:56:45,2024-11-25 15:56:46,"{""box"":{""left"":5109,""right"":6889,""top"":5499,""bottom"":7531},""time"":1732517805998}","13,17",male,,,
8674,Person,2024-11-25 15:56:46,2024-11-25 15:56:59,"{""box"":{""left"":6750,""right"":2561,""top"":6973,""bottom"":4426},""time"":1732517806480},{""box"":{""left"":6750,""right"":2561,""top"":6973,""bottom"":4426},""time"":1732517807042},{""box"":{""left"":6750,""right"":2561,""top"":6973,""bottom"":4426},""time"":1732517808010},{""box"":{""left"":6750,""right"":2561,""top"":6973,""bottom"":4426},""time"":1732517809030},{""box"":{""left"":6750,""right"":2561,""top"":6973,""bottom"":4426},""time"":1732517810037},{""box"":{""left"":6750,""right"":2561,""top"":6973,""bottom"":4426},""time"":1732517811002},{""box"":{""left"":6750,""right"":2561,""top"":6973,""bottom"":4426},""time"":1732517812023},{""box"":{""left"":6750,""right"":2561,""top"":6973,""bottom"":4426},""time"":1732517813044},{""box"":{""left"":6750,""right"":2561,""top"":6973,""bottom"":4426},""time"":1732517814023},{""box"":{""left"":6750,""right"":2561,""top"":6973,""bottom"":4426},""time"":1732517815044},{""box"":{""left"":6750,""right"":2561,""top"":6973,""bottom"":4426},""time"":1732517816000},{""box"":{""left"":6750,""right"":2561,""top"":6973,""bottom"":4426},""time"":1732517817009},{""box"":{""left"":6750,""right"":2561,""top"":6973,""bottom"":4426},""time"":1732517818035},{""box"":{""left"":6750,""right"":2561,""top"":6973,""bottom"":4426},""time"":1732517819085}",,,,,
8676,Face,2024-11-25 15:56:59,2024-11-25 15:57:00,"{""box"":{""left"":3734,""right"":7083,""top"":4124,""bottom"":7650},""time"":1732517819030}","13,17",male,,,
8677,Person,2024-11-25 15:57:00,2024-11-25 15:57:18,"{""box"":{""left"":6712,""right"":7332,""top"":7975,""bottom"":9999},""time"":1732517820507},{""box"":{""left"":6712,""right"":7332,""top"":7975,""bottom"":9999},""time"":1732517821021},{""box"":{""left"":6712,""right"":7332,""top"":7975,""bottom"":9999},""time"":1732517822040},{""box"":{""left"":6712,""right"":7332,""top"":7975,""bottom"":9999},""time"":1732517823048},{""box"":{""left"":6712,""right"":7332,""top"":7975,""bottom"":9999},""time"":1732517824011},{""box"":{""left"":6712,""right"":7332,""top"":7975,""bottom"":9999},""time"":1732517826044},{""box"":{""left"":6712,""right"":7332,""top"":7975,""bottom"":9999},""time"":1732517827015},{""box"":{""left"":6712,""right"":7332,""top"":7975,""bottom"":9999},""time"":1732517828032},{""box"":{""left"":6712,""right"":7332,""top"":7975,""bottom"":9999},""time"":1732517829049},{""box"":{""left"":6712,""right"":7332,""top"":7975,""bottom"":9999},""time"":1732517830017},{""box"":{""left"":6712,""right"":7332,""top"":7975,""bottom"":9999},""time"":1732517831037},{""box"":{""left"":6712,""right"":7332,""top"":7975,""bottom"":9999},""time"":1732517832053},{""box"":{""left"":6712,""right"":7332,""top"":7975,""bottom"":9999},""time"":1732517833033},{""box"":{""left"":6712,""right"":7332,""top"":7975,""bottom"":9999},""time"":1732517834046},{""box"":{""left"":6712,""right"":7332,""top"":7975,""bottom"":9999},""time"":1732517835021},{""box"":{""left"":6712,""right"":7332,""top"":7975,""bottom"":9999},""time"":1732517836036},{""box"":{""left"":6712,""right"":7332,""top"":7975,""bottom"":9999},""time"":1732517837007},{""box"":{""left"":6712,""right"":7332,""top"":7975,""bottom"":9999},""time"":1732517838244}",,,,,
8678,Person,2024-11-25 15:57:04,2024-11-25 15:57:04,"{""box"":{""left"":5955,""right"":2076,""top"":6226,""bottom"":2940},""time"":1732517824298}",,,,,
8679,Person,2024-11-25 15:57:05,2024-11-25 15:57:16,"{""box"":{""left"":1743,""right"":2416,""top"":1949,""bottom"":3500},""time"":1732517825313},{""box"":{""left"":1743,""right"":2416,""top"":1949,""bottom"":3500},""time"":1732517828037},{""box"":{""left"":1743,""right"":2416,""top"":1949,""bottom"":3500},""time"":1732517829053},{""box"":{""left"":1743,""right"":2416,""top"":1949,""bottom"":3500},""time"":1732517830020},{""box"":{""left"":1743,""right"":2416,""top"":1949,""bottom"":3500},""time"":1732517831040},{""box"":{""left"":1743,""right"":2416,""top"":1949,""bottom"":3500},""time"":1732517832059},{""box"":{""left"":1743,""right"":2416,""top"":1949,""bottom"":3500},""time"":1732517833040},{""box"":{""left"":1743,""right"":2416,""top"":1949,""bottom"":3500},""time"":1732517834000},{""box"":{""left"":1743,""right"":2416,""top"":1949,""bottom"":3500},""time"":1732517835028},{""box"":{""left"":1743,""right"":2416,""top"":1949,""bottom"":3500},""time"":1732517836040}",,,,,
8681,Person,2024-11-25 15:57:21,2024-11-25 15:57:23,"{""box"":{""left"":5950,""right"":1895,""top"":6181,""bottom"":2697},""time"":1732517841954}",,,,,
8682,Person,2024-11-25 15:57:22,2024-11-25 15:57:28,"{""box"":{""left"":1931,""right"":2479,""top"":2156,""bottom"":3604},""time"":1732517842580},{""box"":{""left"":1931,""right"":2479,""top"":2156,""bottom"":3604},""time"":1732517844058},{""box"":{""left"":1931,""right"":2479,""top"":2156,""bottom"":3604},""time"":1732517845014},{""box"":{""left"":1931,""right"":2479,""top"":2156,""bottom"":3604},""time"":1732517846034},{""box"":{""left"":1931,""right"":2479,""top"":2156,""bottom"":3604},""time"":1732517847052},{""box"":{""left"":1931,""right"":2479,""top"":2156,""bottom"":3604},""time"":1732517848009}",,,,,
8683,Person,2024-11-25 15:57:23,2024-11-25 15:57:23,"{""box"":{""left"":6418,""right"":1937,""top"":6562,""bottom"":2832},""time"":1732517843205}",,,,,
8684,Person,2024-11-25 15:57:23,2024-11-25 15:57:24,"{""box"":{""left"":470,""right"":4962,""top"":999,""bottom"":8024},""time"":1732517843835},{""box"":{""left"":470,""right"":4962,""top"":999,""bottom"":8024},""time"":1732517844000}",,,,,
8685,Person,2024-11-25 15:57:23,2024-11-25 15:57:23,"{""box"":{""left"":925,""right"":5270,""top"":1599,""bottom"":8374},""time"":1732517843774}",,,,,
8686,Person,2024-11-25 15:57:26,2024-11-25 15:57:26,"{""box"":{""left"":5956,""right"":1697,""top"":6112,""bottom"":2447},""time"":1732517846260}",,,,,
8687,Person,2024-11-25 15:57:29,2024-11-25 15:57:31,"{""box"":{""left"":1787,""right"":2697,""top"":2124,""bottom"":3781},""time"":1732517849644},{""box"":{""left"":1787,""right"":2697,""top"":2124,""bottom"":3781},""time"":1732517851393}",,,,,
8688,Person,2024-11-25 15:57:33,2024-11-25 15:57:38,"{""box"":{""left"":1875,""right"":2875,""top"":2223,""bottom"":4239},""time"":1732517853492},{""box"":{""left"":1875,""right"":2875,""top"":2223,""bottom"":4239},""time"":1732517855520},{""box"":{""left"":1875,""right"":2875,""top"":2223,""bottom"":4239},""time"":1732517856088},{""box"":{""left"":1875,""right"":2875,""top"":2223,""bottom"":4239},""time"":1732517857054},{""box"":{""left"":1875,""right"":2875,""top"":2223,""bottom"":4239},""time"":1732517858232}",,,,,
8689,Person,2024-11-25 15:57:39,2024-11-25 15:57:39,"{""box"":{""left"":5956,""right"":1812,""top"":6106,""bottom"":2718},""time"":1732517859132}",,,,,
8690,Person,2024-11-25 15:57:40,2024-11-25 15:57:41,"{""box"":{""left"":6431,""right"":1875,""top"":6631,""bottom"":2927},""time"":1732517860981},{""box"":{""left"":6431,""right"":1875,""top"":6631,""bottom"":2927},""time"":1732517861095}",,,,,
8691,Person,2024-11-25 15:57:41,2024-11-25 15:57:43,"{""box"":{""left"":5950,""right"":1885,""top"":6106,""bottom"":2885},""time"":1732517861208}",,,,,
8692,Person,2024-11-25 15:57:42,2024-11-25 15:57:45,"{""box"":{""left"":6512,""right"":1812,""top"":6650,""bottom"":2541},""time"":1732517862499},{""box"":{""left"":6512,""right"":1812,""top"":6650,""bottom"":2541},""time"":1732517863018},{""box"":{""left"":6512,""right"":1812,""top"":6650,""bottom"":2541},""time"":1732517865175}",,,,,
8693,Person,2024-11-25 15:57:46,2024-11-25 15:57:46,"{""box"":{""left"":6537,""right"":1864,""top"":6687,""bottom"":2812},""time"":1732517866012}",,,,,
8694,Person,2024-11-25 15:57:47,2024-11-25 15:57:47,"{""box"":{""left"":5975,""right"":1833,""top"":6231,""bottom"":3041},""time"":1732517867153}",,,,,
8695,Person,2024-11-25 15:57:47,2024-11-25 15:57:48,"{""box"":{""left"":6468,""right"":1916,""top"":6668,""bottom"":3020},""time"":1732517867425},{""box"":{""left"":6468,""right"":1916,""top"":6668,""bottom"":3020},""time"":1732517868437}",,,,,
8696,Person,2024-11-25 15:57:51,2024-11-25 15:57:51,"{""box"":{""left"":5950,""right"":1875,""top"":6143,""bottom"":2656},""time"":1732517871000}",,,,,
8697,Person,2024-11-25 15:57:53,2024-11-25 15:57:55,"{""box"":{""left"":6437,""right"":1916,""top"":6668,""bottom"":2885},""time"":1732517873419},{""box"":{""left"":6437,""right"":1916,""top"":6668,""bottom"":2885},""time"":1732517875430}",,,,,
8698,Person,2024-11-25 15:58:04,2024-11-25 15:58:12,"{""box"":{""left"":1812,""right"":2385,""top"":2043,""bottom"":3437},""time"":1732517884824},{""box"":{""left"":1812,""right"":2385,""top"":2043,""bottom"":3437},""time"":1732517887031},{""box"":{""left"":1812,""right"":2385,""top"":2043,""bottom"":3437},""time"":1732517888047},{""box"":{""left"":1812,""right"":2385,""top"":2043,""bottom"":3437},""time"":1732517889004},{""box"":{""left"":1812,""right"":2385,""top"":2043,""bottom"":3437},""time"":1732517890031},{""box"":{""left"":1812,""right"":2385,""top"":2043,""bottom"":3437},""time"":1732517891048},{""box"":{""left"":1812,""right"":2385,""top"":2043,""bottom"":3437},""time"":1732517892001}",,,,,
8699,Person,2024-11-25 15:58:09,2024-11-25 15:58:09,"{""box"":{""left"":6512,""right"":1905,""top"":6687,""bottom"":3030},""time"":1732517889115}",,,,,
8700,Person,2024-11-25 15:58:12,2024-11-25 15:58:14,"{""box"":{""left"":1806,""right"":2458,""top"":2068,""bottom"":3583},""time"":1732517892167}",,,,,
8701,Person,2024-11-25 15:58:13,2024-11-25 15:58:21,"{""box"":{""left"":9087,""right"":4916,""top"":9987,""bottom"":7500},""time"":1732517893908},{""box"":{""left"":9087,""right"":4916,""top"":9987,""bottom"":7500},""time"":1732517894032},{""box"":{""left"":9087,""right"":4916,""top"":9987,""bottom"":7500},""time"":1732517895085},{""box"":{""left"":9087,""right"":4916,""top"":9987,""bottom"":7500},""time"":1732517896003},{""box"":{""left"":9087,""right"":4916,""top"":9987,""bottom"":7500},""time"":1732517897020},{""box"":{""left"":9087,""right"":4916,""top"":9987,""bottom"":7500},""time"":1732517898266},{""box"":{""left"":9087,""right"":4916,""top"":9987,""bottom"":7500},""time"":1732517899055},{""box"":{""left"":9087,""right"":4916,""top"":9987,""bottom"":7500},""time"":1732517900024},{""box"":{""left"":9087,""right"":4916,""top"":9987,""bottom"":7500},""time"":1732517901055}",,,,,
8702,Person,2024-11-25 15:58:14,2024-11-25 15:58:15,"{""box"":{""left"":987,""right"":5104,""top"":1850,""bottom"":8645},""time"":1732517894364},{""box"":{""left"":987,""right"":5104,""top"":1850,""bottom"":8645},""time"":1732517895034}",,,,,
8703,Person,2024-11-25 15:58:17,2024-11-25 15:58:17,"{""box"":{""left"":6531,""right"":1812,""top"":6675,""bottom"":2562},""time"":1732517897022}",,,,,
8704,Person,2024-11-25 15:58:19,2024-11-25 15:58:32,"{""box"":{""left"":1962,""right"":3031,""top"":2331,""bottom"":4979},""time"":1732517899577},{""box"":{""left"":1962,""right"":3031,""top"":2331,""bottom"":4979},""time"":1732517900027},{""box"":{""left"":1962,""right"":3031,""top"":2331,""bottom"":4979},""time"":1732517901059},{""box"":{""left"":1962,""right"":3031,""top"":2331,""bottom"":4979},""time"":1732517902020},{""box"":{""left"":1962,""right"":3031,""top"":2331,""bottom"":4979},""time"":1732517903038},{""box"":{""left"":1962,""right"":3031,""top"":2331,""bottom"":4979},""time"":1732517904007},{""box"":{""left"":1962,""right"":3031,""top"":2331,""bottom"":4979},""time"":1732517905021},{""box"":{""left"":1962,""right"":3031,""top"":2331,""bottom"":4979},""time"":1732517906421},{""box"":{""left"":1962,""right"":3031,""top"":2331,""bottom"":4979},""time"":1732517907002},{""box"":{""left"":1962,""right"":3031,""top"":2331,""bottom"":4979},""time"":1732517908013},{""box"":{""left"":1962,""right"":3031,""top"":2331,""bottom"":4979},""time"":1732517909042},{""box"":{""left"":1962,""right"":3031,""top"":2331,""bottom"":4979},""time"":1732517910005},{""box"":{""left"":1962,""right"":3031,""top"":2331,""bottom"":4979},""time"":1732517911030},{""box"":{""left"":1962,""right"":3031,""top"":2331,""bottom"":4979},""time"":1732517912008}",,,,,
8706,Person,2024-11-25 15:58:21,2024-11-25 15:58:21,"{""box"":{""left"":394,""right"":5512,""top"":1407,""bottom"":8970},""time"":1732517901503}",,,,,
8707,Person,2024-11-25 15:58:20,2024-11-25 15:58:23,"{""box"":{""left"":9137,""right"":5166,""top"":9862,""bottom"":7562},""time"":1732517900658},{""box"":{""left"":9137,""right"":5166,""top"":9862,""bottom"":7562},""time"":1732517901342},{""box"":{""left"":9137,""right"":5166,""top"":9862,""bottom"":7562},""time"":1732517902024},{""box"":{""left"":9137,""right"":5166,""top"":9862,""bottom"":7562},""time"":1732517903042}",,,,,
8708,Person,2024-11-25 15:58:25,2024-11-25 15:58:44,"{""box"":{""left"":7243,""right"":3520,""top"":7731,""bottom"":4989},""time"":1732517905960},{""box"":{""left"":7243,""right"":3520,""top"":7731,""bottom"":4989},""time"":1732517907006},{""box"":{""left"":7243,""right"":3520,""top"":7731,""bottom"":4989},""time"":1732517908018},{""box"":{""left"":7243,""right"":3520,""top"":7731,""bottom"":4989},""time"":1732517909047},{""box"":{""left"":7243,""right"":3520,""top"":7731,""bottom"":4989},""time"":1732517910013},{""box"":{""left"":7243,""right"":3520,""top"":7731,""bottom"":4989},""time"":1732517911037},{""box"":{""left"":7243,""right"":3520,""top"":7731,""bottom"":4989},""time"":1732517912015},{""box"":{""left"":7243,""right"":3520,""top"":7731,""bottom"":4989},""time"":1732517913040},{""box"":{""left"":7243,""right"":3520,""top"":7731,""bottom"":4989},""time"":1732517914048},{""box"":{""left"":7243,""right"":3520,""top"":7731,""bottom"":4989},""time"":1732517915007},{""box"":{""left"":7243,""right"":3520,""top"":7731,""bottom"":4989},""time"":1732517916032},{""box"":{""left"":7243,""right"":3520,""top"":7731,""bottom"":4989},""time"":1732517917000},{""box"":{""left"":7243,""right"":3520,""top"":7731,""bottom"":4989},""time"":1732517918025},{""box"":{""left"":7243,""right"":3520,""top"":7731,""bottom"":4989},""time"":1732517919039},{""box"":{""left"":7243,""right"":3520,""top"":7731,""bottom"":4989},""time"":1732517920014},{""box"":{""left"":7243,""right"":3520,""top"":7731,""bottom"":4989},""time"":1732517921028},{""box"":{""left"":7243,""right"":3520,""top"":7731,""bottom"":4989},""time"":1732517922002},{""box"":{""left"":7243,""right"":3520,""top"":7731,""bottom"":4989},""time"":1732517923021},{""box"":{""left"":7243,""right"":3520,""top"":7731,""bottom"":4989},""time"":1732517924042}",,,,,
8709,Person,2024-11-25 15:58:25,2024-11-25 15:58:31,"{""box"":{""left"":7781,""right"":3833,""top"":8162,""bottom"":5145},""time"":1732517905963},{""box"":{""left"":7781,""right"":3833,""top"":8162,""bottom"":5145},""time"":1732517906312},{""box"":{""left"":7781,""right"":3833,""top"":8162,""bottom"":5145},""time"":1732517910812},{""box"":{""left"":7781,""right"":3833,""top"":8162,""bottom"":5145},""time"":1732517911221}",,,,,
8710,Person,2024-11-25 15:58:28,2024-11-25 15:58:28,"{""box"":{""left"":2037,""right"":3296,""top"":2262,""bottom"":4291},""time"":1732517908020}",,,,,
8711,Person,2024-11-25 15:58:29,2024-11-25 15:58:29,"{""box"":{""left"":6443,""right"":1947,""top"":6655,""bottom"":2864},""time"":1732517909281}",,,,,
8712,Person,2024-11-25 15:58:29,2024-11-25 15:58:31,"{""box"":{""left"":8739,""right"":4835,""top"":9359,""bottom"":7601},""time"":1732517909623}",,,,,
8713,Person,2024-11-25 15:58:30,2024-11-25 15:58:36,"{""box"":{""left"":5209,""right"":8308,""top"":6471,""bottom"":10000},""time"":1732517910292},{""box"":{""left"":5209,""right"":8308,""top"":6471,""bottom"":10000},""time"":1732517911045},{""box"":{""left"":5209,""right"":8308,""top"":6471,""bottom"":10000},""time"":1732517912019},{""box"":{""left"":5209,""right"":8308,""top"":6471,""bottom"":10000},""time"":1732517913044},{""box"":{""left"":5209,""right"":8308,""top"":6471,""bottom"":10000},""time"":1732517914052},{""box"":{""left"":5209,""right"":8308,""top"":6471,""bottom"":10000},""time"":1732517915012},{""box"":{""left"":5209,""right"":8308,""top"":6471,""bottom"":10000},""time"":1732517916040}",,,,,
8714,Person,2024-11-25 15:58:31,2024-11-25 15:58:32,"{""box"":{""left"":2018,""right"":2875,""top"":2237,""bottom"":3531},""time"":1732517911624}",,,,,
8716,Person,2024-11-25 15:58:36,2024-11-25 15:58:41,"{""box"":{""left"":8729,""right"":4903,""top"":9372,""bottom"":7596},""time"":1732517916828},{""box"":{""left"":8729,""right"":4903,""top"":9372,""bottom"":7596},""time"":1732517919048},{""box"":{""left"":8729,""right"":4903,""top"":9372,""bottom"":7596},""time"":1732517920022},{""box"":{""left"":8729,""right"":4903,""top"":9372,""bottom"":7596},""time"":1732517921089}",,,,,
8717,Person,2024-11-25 15:58:35,2024-11-25 15:58:41,"{""box"":{""left"":4182,""right"":2812,""top"":4631,""bottom"":4983},""time"":1732517915585},{""box"":{""left"":4182,""right"":2812,""top"":4631,""bottom"":4983},""time"":1732517916044},{""box"":{""left"":4182,""right"":2812,""top"":4631,""bottom"":4983},""time"":1732517918256},{""box"":{""left"":4182,""right"":2812,""top"":4631,""bottom"":4983},""time"":1732517920295},{""box"":{""left"":4182,""right"":2812,""top"":4631,""bottom"":4983},""time"":1732517921038}",,,,,
8718,Person,2024-11-25 15:58:38,2024-11-25 15:58:39,"{""box"":{""left"":5950,""right"":1645,""top"":6125,""bottom"":2656},""time"":1732517918424},{""box"":{""left"":5950,""right"":1645,""top"":6125,""bottom"":2656},""time"":1732517919337}",,,,,
8719,Person,2024-11-25 15:58:40,2024-11-25 15:58:41,"{""box"":{""left"":6418,""right"":1916,""top"":6630,""bottom"":2885},""time"":1732517920247},{""box"":{""left"":6418,""right"":1916,""top"":6630,""bottom"":2885},""time"":1732517921093}",,,,,
8720,Person,2024-11-25 15:58:42,2024-11-25 15:58:50,"{""box"":{""left"":6736,""right"":3583,""top"":7286,""bottom"":5833},""time"":1732517922965},{""box"":{""left"":6736,""right"":3583,""top"":7286,""bottom"":5833},""time"":1732517924050},{""box"":{""left"":6736,""right"":3583,""top"":7286,""bottom"":5833},""time"":1732517925060},{""box"":{""left"":6736,""right"":3583,""top"":7286,""bottom"":5833},""time"":1732517926026},{""box"":{""left"":6736,""right"":3583,""top"":7286,""bottom"":5833},""time"":1732517927001},{""box"":{""left"":6736,""right"":3583,""top"":7286,""bottom"":5833},""time"":1732517928022},{""box"":{""left"":6736,""right"":3583,""top"":7286,""bottom"":5833},""time"":1732517929041},{""box"":{""left"":6736,""right"":3583,""top"":7286,""bottom"":5833},""time"":1732517930060}",,,,,
8721,Person,2024-11-25 15:58:45,2024-11-25 15:58:49,"{""box"":{""left"":1743,""right"":2145,""top"":2012,""bottom"":3635},""time"":1732517925337},{""box"":{""left"":1743,""right"":2145,""top"":2012,""bottom"":3635},""time"":1732517926366},{""box"":{""left"":1743,""right"":2145,""top"":2012,""bottom"":3635},""time"":1732517927006},{""box"":{""left"":1743,""right"":2145,""top"":2012,""bottom"":3635},""time"":1732517928026},{""box"":{""left"":1743,""right"":2145,""top"":2012,""bottom"":3635},""time"":1732517929046}",,,,,
8722,Person,2024-11-25 15:58:52,2024-11-25 15:58:56,"{""box"":{""left"":1793,""right"":2458,""top"":2037,""bottom"":3604},""time"":1732517932914}",,,,,
8723,Person,2024-11-25 15:58:55,2024-11-25 15:59:10,"{""box"":{""left"":2050,""right"":3270,""top"":2524,""bottom"":5437},""time"":1732517935511},{""box"":{""left"":2050,""right"":3270,""top"":2524,""bottom"":5437},""time"":1732517936025},{""box"":{""left"":2050,""right"":3270,""top"":2524,""bottom"":5437},""time"":1732517937038},{""box"":{""left"":2050,""right"":3270,""top"":2524,""bottom"":5437},""time"":1732517938006},{""box"":{""left"":2050,""right"":3270,""top"":2524,""bottom"":5437},""time"":1732517939026},{""box"":{""left"":2050,""right"":3270,""top"":2524,""bottom"":5437},""time"":1732517940036},{""box"":{""left"":2050,""right"":3270,""top"":2524,""bottom"":5437},""time"":1732517941005},{""box"":{""left"":2050,""right"":3270,""top"":2524,""bottom"":5437},""time"":1732517942019},{""box"":{""left"":2050,""right"":3270,""top"":2524,""bottom"":5437},""time"":1732517943038},{""box"":{""left"":2050,""right"":3270,""top"":2524,""bottom"":5437},""time"":1732517944058},{""box"":{""left"":2050,""right"":3270,""top"":2524,""bottom"":5437},""time"":1732517945019},{""box"":{""left"":2050,""right"":3270,""top"":2524,""bottom"":5437},""time"":1732517946003},{""box"":{""left"":2050,""right"":3270,""top"":2524,""bottom"":5437},""time"":1732517947055},{""box"":{""left"":2050,""right"":3270,""top"":2524,""bottom"":5437},""time"":1732517948028},{""box"":{""left"":2050,""right"":3270,""top"":2524,""bottom"":5437},""time"":1732517949000},{""box"":{""left"":2050,""right"":3270,""top"":2524,""bottom"":5437},""time"":1732517950801}",,,,,
8724,Person,2024-11-25 15:58:57,2024-11-25 15:58:59,"{""box"":{""left"":6468,""right"":1895,""top"":6675,""bottom"":3343},""time"":1732517937956},{""box"":{""left"":6468,""right"":1895,""top"":6675,""bottom"":3343},""time"":1732517939081}",,,,,
8725,Person,2024-11-25 15:58:59,2024-11-25 15:59:00,"{""box"":{""left"":6012,""right"":1916,""top"":6231,""bottom"":3114},""time"":1732517939591}",,,,,
8726,Person,2024-11-25 15:59:00,2024-11-25 15:59:24,"{""box"":{""left"":6930,""right"":7978,""top"":8559,""bottom"":10000},""time"":1732517940202},{""box"":{""left"":6930,""right"":7978,""top"":8559,""bottom"":10000},""time"":1732517941009},{""box"":{""left"":6930,""right"":7978,""top"":8559,""bottom"":10000},""time"":1732517942023},{""box"":{""left"":6930,""right"":7978,""top"":8559,""bottom"":10000},""time"":1732517943042},{""box"":{""left"":6930,""right"":7978,""top"":8559,""bottom"":10000},""time"":1732517944001},{""box"":{""left"":6930,""right"":7978,""top"":8559,""bottom"":10000},""time"":1732517945023},{""box"":{""left"":6930,""right"":7978,""top"":8559,""bottom"":10000},""time"":1732517946006},{""box"":{""left"":6930,""right"":7978,""top"":8559,""bottom"":10000},""time"":1732517947000},{""box"":{""left"":6930,""right"":7978,""top"":8559,""bottom"":10000},""time"":1732517948035},{""box"":{""left"":6930,""right"":7978,""top"":8559,""bottom"":10000},""time"":1732517949007},{""box"":{""left"":6930,""right"":7978,""top"":8559,""bottom"":10000},""time"":1732517950002},{""box"":{""left"":6930,""right"":7978,""top"":8559,""bottom"":10000},""time"":1732517951015},{""box"":{""left"":6930,""right"":7978,""top"":8559,""bottom"":10000},""time"":1732517952036},{""box"":{""left"":6930,""right"":7978,""top"":8559,""bottom"":10000},""time"":1732517953011},{""box"":{""left"":6930,""right"":7978,""top"":8559,""bottom"":10000},""time"":1732517954033},{""box"":{""left"":6930,""right"":7978,""top"":8559,""bottom"":10000},""time"":1732517955006},{""box"":{""left"":6930,""right"":7978,""top"":8559,""bottom"":10000},""time"":1732517956006},{""box"":{""left"":6930,""right"":7978,""top"":8559,""bottom"":10000},""time"":1732517957048},{""box"":{""left"":6930,""right"":7978,""top"":8559,""bottom"":10000},""time"":1732517958019},{""box"":{""left"":6930,""right"":7978,""top"":8559,""bottom"":10000},""time"":1732517959045},{""box"":{""left"":6930,""right"":7978,""top"":8559,""bottom"":10000},""time"":1732517960002},{""box"":{""left"":6930,""right"":7978,""top"":8559,""bottom"":10000},""time"":1732517961006},{""box"":{""left"":6930,""right"":7978,""top"":8559,""bottom"":10000},""time"":1732517962001},{""box"":{""left"":6930,""right"":7978,""top"":8559,""bottom"":10000},""time"":1732517963028},{""box"":{""left"":6930,""right"":7978,""top"":8559,""bottom"":10000},""time"":1732517964040}",,,,,
8727,Person,2024-11-25 15:59:09,2024-11-25 15:59:33,"{""box"":{""left"":2083,""right"":2709,""top"":2324,""bottom"":4127},""time"":1732517949667},{""box"":{""left"":2083,""right"":2709,""top"":2324,""bottom"":4127},""time"":1732517950006},{""box"":{""left"":2083,""right"":2709,""top"":2324,""bottom"":4127},""time"":1732517951018},{""box"":{""left"":2083,""right"":2709,""top"":2324,""bottom"":4127},""time"":1732517952042},{""box"":{""left"":2083,""right"":2709,""top"":2324,""bottom"":4127},""time"":1732517953014},{""box"":{""left"":2083,""right"":2709,""top"":2324,""bottom"":4127},""time"":1732517954037},{""box"":{""left"":2083,""right"":2709,""top"":2324,""bottom"":4127},""time"":1732517955002},{""box"":{""left"":2083,""right"":2709,""top"":2324,""bottom"":4127},""time"":1732517956010},{""box"":{""left"":2083,""right"":2709,""top"":2324,""bottom"":4127},""time"":1732517957053},{""box"":{""left"":2083,""right"":2709,""top"":2324,""bottom"":4127},""time"":1732517958022},{""box"":{""left"":2083,""right"":2709,""top"":2324,""bottom"":4127},""time"":1732517959049},{""box"":{""left"":2083,""right"":2709,""top"":2324,""bottom"":4127},""time"":1732517960005},{""box"":{""left"":2083,""right"":2709,""top"":2324,""bottom"":4127},""time"":1732517961009},{""box"":{""left"":2083,""right"":2709,""top"":2324,""bottom"":4127},""time"":1732517962005},{""box"":{""left"":2083,""right"":2709,""top"":2324,""bottom"":4127},""time"":1732517963031},{""box"":{""left"":2083,""right"":2709,""top"":2324,""bottom"":4127},""time"":1732517964044},{""box"":{""left"":2083,""right"":2709,""top"":2324,""bottom"":4127},""time"":1732517965012},{""box"":{""left"":2083,""right"":2709,""top"":2324,""bottom"":4127},""time"":1732517966035},{""box"":{""left"":2083,""right"":2709,""top"":2324,""bottom"":4127},""time"":1732517967005},{""box"":{""left"":2083,""right"":2709,""top"":2324,""bottom"":4127},""time"":1732517968026},{""box"":{""left"":2083,""right"":2709,""top"":2324,""bottom"":4127},""time"":1732517969039},{""box"":{""left"":2083,""right"":2709,""top"":2324,""bottom"":4127},""time"":1732517970007},{""box"":{""left"":2083,""right"":2709,""top"":2324,""bottom"":4127},""time"":1732517971042},{""box"":{""left"":2083,""right"":2709,""top"":2324,""bottom"":4127},""time"":1732517972001},{""box"":{""left"":2083,""right"":2709,""top"":2324,""bottom"":4127},""time"":1732517973065}",,,,,
8729,Person,2024-11-25 15:59:24,2024-11-25 15:59:28,"{""box"":{""left"":2612,""right"":3586,""top"":3406,""bottom"":6581},""time"":1732517964453},{""box"":{""left"":2612,""right"":3586,""top"":3406,""bottom"":6581},""time"":1732517965018},{""box"":{""left"":2612,""right"":3586,""top"":3406,""bottom"":6581},""time"":1732517966275},{""box"":{""left"":2612,""right"":3586,""top"":3406,""bottom"":6581},""time"":1732517967573},{""box"":{""left"":2612,""right"":3586,""top"":3406,""bottom"":6581},""time"":1732517968033}",,,,,
8730,Person,2024-11-25 15:59:22,2024-11-25 15:59:26,"{""box"":{""left"":1768,""right"":2864,""top"":1943,""bottom"":3629},""time"":1732517962636},{""box"":{""left"":1768,""right"":2864,""top"":1943,""bottom"":3629},""time"":1732517964053},{""box"":{""left"":1768,""right"":2864,""top"":1943,""bottom"":3629},""time"":1732517965528},{""box"":{""left"":1768,""right"":2864,""top"":1943,""bottom"":3629},""time"":1732517966042}",,,,,
8731,Person,2024-11-25 15:59:28,2024-11-25 15:59:48,"{""box"":{""left"":2062,""right"":2502,""top"":2437,""bottom"":3817},""time"":1732517968246},{""box"":{""left"":2062,""right"":2502,""top"":2437,""bottom"":3817},""time"":1732517970014},{""box"":{""left"":2062,""right"":2502,""top"":2437,""bottom"":3817},""time"":1732517971050},{""box"":{""left"":2062,""right"":2502,""top"":2437,""bottom"":3817},""time"":1732517972004},{""box"":{""left"":2062,""right"":2502,""top"":2437,""bottom"":3817},""time"":1732517973005},{""box"":{""left"":2062,""right"":2502,""top"":2437,""bottom"":3817},""time"":1732517974024},{""box"":{""left"":2062,""right"":2502,""top"":2437,""bottom"":3817},""time"":1732517975034},{""box"":{""left"":2062,""right"":2502,""top"":2437,""bottom"":3817},""time"":1732517976043},{""box"":{""left"":2062,""right"":2502,""top"":2437,""bottom"":3817},""time"":1732517978121},{""box"":{""left"":2062,""right"":2502,""top"":2437,""bottom"":3817},""time"":1732517979037},{""box"":{""left"":2062,""right"":2502,""top"":2437,""bottom"":3817},""time"":1732517980055},{""box"":{""left"":2062,""right"":2502,""top"":2437,""bottom"":3817},""time"":1732517988035}",,,,,
8732,Person,2024-11-25 15:59:31,2024-11-25 16:00:07,"{""box"":{""left"":4875,""right"":4556,""top"":5748,""bottom"":8597},""time"":1732517971155},{""box"":{""left"":4875,""right"":4556,""top"":5748,""bottom"":8597},""time"":1732517972955},{""box"":{""left"":4875,""right"":4556,""top"":5748,""bottom"":8597},""time"":1732517973009},{""box"":{""left"":4875,""right"":4556,""top"":5748,""bottom"":8597},""time"":1732517974027},{""box"":{""left"":4875,""right"":4556,""top"":5748,""bottom"":8597},""time"":1732517975038},{""box"":{""left"":4875,""right"":4556,""top"":5748,""bottom"":8597},""time"":1732517976046},{""box"":{""left"":4875,""right"":4556,""top"":5748,""bottom"":8597},""time"":1732517977002},{""box"":{""left"":4875,""right"":4556,""top"":5748,""bottom"":8597},""time"":1732517978010},{""box"":{""left"":4875,""right"":4556,""top"":5748,""bottom"":8597},""time"":1732517979044},{""box"":{""left"":4875,""right"":4556,""top"":5748,""bottom"":8597},""time"":1732517980061},{""box"":{""left"":4875,""right"":4556,""top"":5748,""bottom"":8597},""time"":1732517981003},{""box"":{""left"":4875,""right"":4556,""top"":5748,""bottom"":8597},""time"":1732517982042},{""box"":{""left"":4875,""right"":4556,""top"":5748,""bottom"":8597},""time"":1732517983013},{""box"":{""left"":4875,""right"":4556,""top"":5748,""bottom"":8597},""time"":1732517984024},{""box"":{""left"":4875,""right"":4556,""top"":5748,""bottom"":8597},""time"":1732517985038},{""box"":{""left"":4875,""right"":4556,""top"":5748,""bottom"":8597},""time"":1732517986054},{""box"":{""left"":4875,""right"":4556,""top"":5748,""bottom"":8597},""time"":1732517987146},{""box"":{""left"":4875,""right"":4556,""top"":5748,""bottom"":8597},""time"":1732517988039},{""box"":{""left"":4875,""right"":4556,""top"":5748,""bottom"":8597},""time"":1732517989017},{""box"":{""left"":4875,""right"":4556,""top"":5748,""bottom"":8597},""time"":1732517990037},{""box"":{""left"":4875,""right"":4556,""top"":5748,""bottom"":8597},""time"":1732517991043},{""box"":{""left"":4875,""right"":4556,""top"":5748,""bottom"":8597},""time"":1732517992011},{""box"":{""left"":4875,""right"":4556,""top"":5748,""bottom"":8597},""time"":1732517993046},{""box"":{""left"":4875,""right"":4556,""top"":5748,""bottom"":8597},""time"":1732517994004},{""box"":{""left"":4875,""right"":4556,""top"":5748,""bottom"":8597},""time"":1732517995015},{""box"":{""left"":4875,""right"":4556,""top"":5748,""bottom"":8597},""time"":1732517996036},{""box"":{""left"":4875,""right"":4556,""top"":5748,""bottom"":8597},""time"":1732517997036},{""box"":{""left"":4875,""right"":4556,""top"":5748,""bottom"":8597},""time"":1732517998002},{""box"":{""left"":4875,""right"":4556,""top"":5748,""bottom"":8597},""time"":1732517999031},{""box"":{""left"":4875,""right"":4556,""top"":5748,""bottom"":8597},""time"":1732518000052},{""box"":{""left"":4875,""right"":4556,""top"":5748,""bottom"":8597},""time"":1732518001009},{""box"":{""left"":4875,""right"":4556,""top"":5748,""bottom"":8597},""time"":1732518002027},{""box"":{""left"":4875,""right"":4556,""top"":5748,""bottom"":8597},""time"":1732518003052},{""box"":{""left"":4875,""right"":4556,""top"":5748,""bottom"":8597},""time"":1732518004011},{""box"":{""left"":4875,""right"":4556,""top"":5748,""bottom"":8597},""time"":1732518005037},{""box"":{""left"":4875,""right"":4556,""top"":5748,""bottom"":8597},""time"":1732518006001},{""box"":{""left"":4875,""right"":4556,""top"":5748,""bottom"":8597},""time"":1732518007012}",,,,,
8733,Person,2024-11-25 15:59:46,2024-11-25 15:59:52,"{""box"":{""left"":1806,""right"":2635,""top"":2175,""bottom"":4333},""time"":1732517986975},{""box"":{""left"":1806,""right"":2635,""top"":2175,""bottom"":4333},""time"":1732517987088},{""box"":{""left"":1806,""right"":2635,""top"":2175,""bottom"":4333},""time"":1732517988102},{""box"":{""left"":1806,""right"":2635,""top"":2175,""bottom"":4333},""time"":1732517989023},{""box"":{""left"":1806,""right"":2635,""top"":2175,""bottom"":4333},""time"":1732517990045},{""box"":{""left"":1806,""right"":2635,""top"":2175,""bottom"":4333},""time"":1732517991051},{""box"":{""left"":1806,""right"":2635,""top"":2175,""bottom"":4333},""time"":1732517992017}",,,,,
8734,Person,2024-11-25 15:59:56,2024-11-25 15:59:56,"{""box"":{""left"":6518,""right"":1922,""top"":6662,""bottom"":2765},""time"":1732517996214}",,,,,
8735,Person,2024-11-25 15:59:57,2024-11-25 16:00:07,"{""box"":{""left"":1750,""right"":2500,""top"":1924,""bottom"":3479},""time"":1732517997154},{""box"":{""left"":1750,""right"":2500,""top"":1924,""bottom"":3479},""time"":1732518002033},{""box"":{""left"":1750,""right"":2500,""top"":1924,""bottom"":3479},""time"":1732518003966},{""box"":{""left"":1750,""right"":2500,""top"":1924,""bottom"":3479},""time"":1732518004019},{""box"":{""left"":1750,""right"":2500,""top"":1924,""bottom"":3479},""time"":1732518005045},{""box"":{""left"":1750,""right"":2500,""top"":1924,""bottom"":3479},""time"":1732518006454},{""box"":{""left"":1750,""right"":2500,""top"":1924,""bottom"":3479},""time"":1732518007018}",,,,,
8736,Person,2024-11-25 16:00:02,2024-11-25 16:00:06,"{""box"":{""left"":1901,""right"":2746,""top"":2161,""bottom"":3805},""time"":1732518002715},{""box"":{""left"":1901,""right"":2746,""top"":2161,""bottom"":3805},""time"":1732518004194},{""box"":{""left"":1901,""right"":2746,""top"":2161,""bottom"":3805},""time"":1732518005154},{""box"":{""left"":1901,""right"":2746,""top"":2161,""bottom"":3805},""time"":1732518006009}",,,,,
8737,Person,2024-11-25 16:00:06,2024-11-25 16:00:07,"{""box"":{""left"":6476,""right"":1881,""top"":6654,""bottom"":2682},""time"":1732518006792}",,,,,
8738,Person,2024-11-25 16:00:06,2024-11-25 16:00:07,"{""box"":{""left"":425,""right"":7062,""top"":1612,""bottom"":10000},""time"":1732518006630},{""box"":{""left"":425,""right"":7062,""top"":1612,""bottom"":10000},""time"":1732518007024}",,,,,