14191,Person,2024-11-16 15:30:05,2024-11-16 15:30:10,"{""box"":{""left"":6749,""right"":4149,""top"":7389,""bottom"":5680},""time"":1731738605850},{""box"":{""left"":6749,""right"":4149,""top"":7389,""bottom"":5680},""time"":1731738606009},{""box"":{""left"":6749,""right"":4149,""top"":7389,""bottom"":5680},""time"":1731738607031},{""box"":{""left"":6749,""right"":4149,""top"":7389,""bottom"":5680},""time"":1731738608167},{""box"":{""left"":6749,""right"":4149,""top"":7389,""bottom"":5680},""time"":1731738609048},{""box"":{""left"":6749,""right"":4149,""top"":7389,""bottom"":5680},""time"":1731738610030}",,,,,
14201,Person,2024-11-16 15:30:05,2024-11-16 15:30:20,"{""box"":{""left"":7709,""right"":6036,""top"":8788,""bottom"":9981},""time"":1731738605898},{""box"":{""left"":7709,""right"":6036,""top"":8788,""bottom"":9981},""time"":1731738610035},{""box"":{""left"":7709,""right"":6036,""top"":8788,""bottom"":9981},""time"":1731738611033},{""box"":{""left"":7709,""right"":6036,""top"":8788,""bottom"":9981},""time"":1731738612016},{""box"":{""left"":7709,""right"":6036,""top"":8788,""bottom"":9981},""time"":1731738613007},{""box"":{""left"":7709,""right"":6036,""top"":8788,""bottom"":9981},""time"":1731738615038},{""box"":{""left"":7709,""right"":6036,""top"":8788,""bottom"":9981},""time"":1731738616051},{""box"":{""left"":7709,""right"":6036,""top"":8788,""bottom"":9981},""time"":1731738617010},{""box"":{""left"":7709,""right"":6036,""top"":8788,""bottom"":9981},""time"":1731738618032},{""box"":{""left"":7709,""right"":6036,""top"":8788,""bottom"":9981},""time"":1731738619052},{""box"":{""left"":7709,""right"":6036,""top"":8788,""bottom"":9981},""time"":1731738620033}",,,,,
14209,Person,2024-11-16 15:30:05,2024-11-16 15:30:13,"{""box"":{""left"":2298,""right"":2687,""top"":2704,""bottom"":4418},""time"":1731738605899},{""box"":{""left"":2298,""right"":2687,""top"":2704,""bottom"":4418},""time"":1731738607036},{""box"":{""left"":2298,""right"":2687,""top"":2704,""bottom"":4418},""time"":1731738608046},{""box"":{""left"":2298,""right"":2687,""top"":2704,""bottom"":4418},""time"":1731738609053},{""box"":{""left"":2298,""right"":2687,""top"":2704,""bottom"":4418},""time"":1731738610037},{""box"":{""left"":2298,""right"":2687,""top"":2704,""bottom"":4418},""time"":1731738611037},{""box"":{""left"":2298,""right"":2687,""top"":2704,""bottom"":4418},""time"":1731738612013},{""box"":{""left"":2298,""right"":2687,""top"":2704,""bottom"":4418},""time"":1731738613004}",,,,,
14211,Person,2024-11-16 15:30:05,2024-11-16 15:30:15,"{""box"":{""left"":1801,""right"":2508,""top"":2097,""bottom"":3966},""time"":1731738605901},{""box"":{""left"":1801,""right"":2508,""top"":2097,""bottom"":3966},""time"":1731738608048},{""box"":{""left"":1801,""right"":2508,""top"":2097,""bottom"":3966},""time"":1731738609003},{""box"":{""left"":1801,""right"":2508,""top"":2097,""bottom"":3966},""time"":1731738610040},{""box"":{""left"":1801,""right"":2508,""top"":2097,""bottom"":3966},""time"":1731738611039},{""box"":{""left"":1801,""right"":2508,""top"":2097,""bottom"":3966},""time"":1731738612020},{""box"":{""left"":1801,""right"":2508,""top"":2097,""bottom"":3966},""time"":1731738613012},{""box"":{""left"":1801,""right"":2508,""top"":2097,""bottom"":3966},""time"":1731738614031},{""box"":{""left"":1801,""right"":2508,""top"":2097,""bottom"":3966},""time"":1731738615041}",,,,,
14213,Person,2024-11-16 15:30:06,2024-11-16 15:30:13,"{""box"":{""left"":2014,""right"":2984,""top"":2271,""bottom"":4357},""time"":1731738606133},{""box"":{""left"":2014,""right"":2984,""top"":2271,""bottom"":4357},""time"":1731738608051},{""box"":{""left"":2014,""right"":2984,""top"":2271,""bottom"":4357},""time"":1731738609007},{""box"":{""left"":2014,""right"":2984,""top"":2271,""bottom"":4357},""time"":1731738610043},{""box"":{""left"":2014,""right"":2984,""top"":2271,""bottom"":4357},""time"":1731738611042},{""box"":{""left"":2014,""right"":2984,""top"":2271,""bottom"":4357},""time"":1731738612023},{""box"":{""left"":2014,""right"":2984,""top"":2271,""bottom"":4357},""time"":1731738613015}",,,,,
14214,Person,2024-11-16 15:30:05,2024-11-16 15:30:06,"{""box"":{""left"":5956,""right"":1895,""top"":6118,""bottom"":2790},""time"":1731738605967}",,,,,
14215,Person,2024-11-16 15:30:06,2024-11-16 15:30:08,"{""box"":{""left"":1925,""right"":4343,""top"":2350,""bottom"":5989},""time"":1731738606869},{""box"":{""left"":1925,""right"":4343,""top"":2350,""bottom"":5989},""time"":1731738607204},{""box"":{""left"":1925,""right"":4343,""top"":2350,""bottom"":5989},""time"":1731738608054}",,,,,
14216,Person,2024-11-16 15:30:07,2024-11-16 15:30:10,"{""box"":{""left"":9005,""right"":7106,""top"":9989,""bottom"":9985},""time"":1731738607929},{""box"":{""left"":9005,""right"":7106,""top"":9989,""bottom"":9985},""time"":1731738609413},{""box"":{""left"":9005,""right"":7106,""top"":9989,""bottom"":9985},""time"":1731738610098}",,,,,
14217,Face,2024-11-16 15:30:07,2024-11-16 15:30:08,"{""box"":{""left"":8340,""right"":6506,""top"":8706,""bottom"":7038},""time"":1731738607916}","6,12",male,,,
14218,Person,2024-11-16 15:30:08,2024-11-16 15:30:15,"{""box"":{""left"":1843,""right"":3572,""top"":2037,""bottom"":4406},""time"":1731738608121},{""box"":{""left"":1843,""right"":3572,""top"":2037,""bottom"":4406},""time"":1731738609416},{""box"":{""left"":1843,""right"":3572,""top"":2037,""bottom"":4406},""time"":1731738610213},{""box"":{""left"":1843,""right"":3572,""top"":2037,""bottom"":4406},""time"":1731738611044},{""box"":{""left"":1843,""right"":3572,""top"":2037,""bottom"":4406},""time"":1731738612262},{""box"":{""left"":1843,""right"":3572,""top"":2037,""bottom"":4406},""time"":1731738613017},{""box"":{""left"":1843,""right"":3572,""top"":2037,""bottom"":4406},""time"":1731738614034},{""box"":{""left"":1843,""right"":3572,""top"":2037,""bottom"":4406},""time"":1731738615044}",,,,,
14220,Person,2024-11-16 15:30:09,2024-11-16 15:30:09,"{""box"":{""left"":525,""right"":5228,""top"":1233,""bottom"":8506},""time"":1731738609417}",,,,,
14221,Person,2024-11-16 15:30:09,2024-11-16 15:30:10,"{""box"":{""left"":1090,""right"":6040,""top"":1781,""bottom"":8131},""time"":1731738609419},{""box"":{""left"":1090,""right"":6040,""top"":1781,""bottom"":8131},""time"":1731738610216}",,,,,
14222,Person,2024-11-16 15:30:10,2024-11-16 15:30:10,"{""box"":{""left"":6524,""right"":1785,""top"":6692,""bottom"":2726},""time"":1731738610217}",,,,,
14223,Face,2024-11-16 15:30:10,2024-11-16 15:30:10,"{""box"":{""left"":3601,""right"":4450,""top"":3851,""bottom"":4752},""time"":1731738610798}","35,44",male,,,
14224,Person,2024-11-16 15:30:10,2024-11-16 15:30:15,"{""box"":{""left"":2868,""right"":3864,""top"":3168,""bottom"":4979},""time"":1731738610815},{""box"":{""left"":2868,""right"":3864,""top"":3168,""bottom"":4979},""time"":1731738611331},{""box"":{""left"":2868,""right"":3864,""top"":3168,""bottom"":4979},""time"":1731738612026},{""box"":{""left"":2868,""right"":3864,""top"":3168,""bottom"":4979},""time"":1731738613020},{""box"":{""left"":2868,""right"":3864,""top"":3168,""bottom"":4979},""time"":1731738614037},{""box"":{""left"":2868,""right"":3864,""top"":3168,""bottom"":4979},""time"":1731738615047}",,,,,
14225,Person,2024-11-16 15:30:13,2024-11-16 15:30:14,"{""box"":{""left"":762,""right"":2937,""top"":974,""bottom"":3395},""time"":1731738613575}",,,,,
14226,Person,2024-11-16 15:30:13,2024-11-16 15:30:23,"{""box"":{""left"":1787,""right"":2409,""top"":2043,""bottom"":3704},""time"":1731738613230},{""box"":{""left"":1787,""right"":2409,""top"":2043,""bottom"":3704},""time"":1731738616003},{""box"":{""left"":1787,""right"":2409,""top"":2043,""bottom"":3704},""time"":1731738617015},{""box"":{""left"":1787,""right"":2409,""top"":2043,""bottom"":3704},""time"":1731738618037},{""box"":{""left"":1787,""right"":2409,""top"":2043,""bottom"":3704},""time"":1731738619003},{""box"":{""left"":1787,""right"":2409,""top"":2043,""bottom"":3704},""time"":1731738620038},{""box"":{""left"":1787,""right"":2409,""top"":2043,""bottom"":3704},""time"":1731738621045},{""box"":{""left"":1787,""right"":2409,""top"":2043,""bottom"":3704},""time"":1731738622014},{""box"":{""left"":1787,""right"":2409,""top"":2043,""bottom"":3704},""time"":1731738623043}",,,,,
14227,Person,2024-11-16 15:30:13,2024-11-16 15:30:30,"{""box"":{""left"":1837,""right"":3333,""top"":2174,""bottom"":5229},""time"":1731738613579},{""box"":{""left"":1837,""right"":3333,""top"":2174,""bottom"":5229},""time"":1731738621909},{""box"":{""left"":1837,""right"":3333,""top"":2174,""bottom"":5229},""time"":1731738622019},{""box"":{""left"":1837,""right"":3333,""top"":2174,""bottom"":5229},""time"":1731738623047},{""box"":{""left"":1837,""right"":3333,""top"":2174,""bottom"":5229},""time"":1731738624016},{""box"":{""left"":1837,""right"":3333,""top"":2174,""bottom"":5229},""time"":1731738625025},{""box"":{""left"":1837,""right"":3333,""top"":2174,""bottom"":5229},""time"":1731738626051},{""box"":{""left"":1837,""right"":3333,""top"":2174,""bottom"":5229},""time"":1731738627022},{""box"":{""left"":1837,""right"":3333,""top"":2174,""bottom"":5229},""time"":1731738628051},{""box"":{""left"":1837,""right"":3333,""top"":2174,""bottom"":5229},""time"":1731738629000},{""box"":{""left"":1837,""right"":3333,""top"":2174,""bottom"":5229},""time"":1731738630022}",,,,,
14228,Face,2024-11-16 15:30:14,2024-11-16 15:30:14,"{""box"":{""left"":3596,""right"":5226,""top"":3962,""bottom"":5732},""time"":1731738614325}","25,34",male,,,
14229,Face,2024-11-16 15:30:15,2024-11-16 15:30:15,"{""box"":{""left"":5222,""right"":7553,""top"":5604,""bottom"":8048},""time"":1731738615596}","6,12",male,,,
14230,Person,2024-11-16 15:30:20,2024-11-16 15:30:21,"{""box"":{""left"":6008,""right"":1864,""top"":6178,""bottom"":2718},""time"":1731738620650},{""box"":{""left"":6008,""right"":1864,""top"":6178,""bottom"":2718},""time"":1731738621000}",,,,,
14231,Person,2024-11-16 15:30:22,2024-11-16 15:30:30,"{""box"":{""left"":1750,""right"":2468,""top"":1949,""bottom"":3520},""time"":1731738622479},{""box"":{""left"":1750,""right"":2468,""top"":1949,""bottom"":3520},""time"":1731738625270},{""box"":{""left"":1750,""right"":2468,""top"":1949,""bottom"":3520},""time"":1731738626002},{""box"":{""left"":1750,""right"":2468,""top"":1949,""bottom"":3520},""time"":1731738627032},{""box"":{""left"":1750,""right"":2468,""top"":1949,""bottom"":3520},""time"":1731738628000},{""box"":{""left"":1750,""right"":2468,""top"":1949,""bottom"":3520},""time"":1731738629011},{""box"":{""left"":1750,""right"":2468,""top"":1949,""bottom"":3520},""time"":1731738630031}",,,,,
14232,Person,2024-11-16 15:30:23,2024-11-16 15:30:26,"{""box"":{""left"":7000,""right"":2166,""top"":7174,""bottom"":3145},""time"":1731738623621},{""box"":{""left"":7000,""right"":2166,""top"":7174,""bottom"":3145},""time"":1731738625496},{""box"":{""left"":7000,""right"":2166,""top"":7174,""bottom"":3145},""time"":1731738626119}",,,,,
14233,Person,2024-11-16 15:30:28,2024-11-16 15:30:28,"{""box"":{""left"":6447,""right"":1864,""top"":6645,""bottom"":2822},""time"":1731738628446}",,,,,
14234,Person,2024-11-16 15:30:30,2024-11-16 15:30:30,"{""box"":{""left"":9337,""right"":6354,""top"":10000,""bottom"":9958},""time"":1731738630148}",,,,,
14235,Person,2024-11-16 15:30:31,2024-11-16 15:30:31,"{""box"":{""left"":5956,""right"":1697,""top"":6100,""bottom"":2510},""time"":1731738631401}",,,,,
14236,Person,2024-11-16 15:30:33,2024-11-16 15:30:34,"{""box"":{""left"":5950,""right"":1875,""top"":6125,""bottom"":2906},""time"":1731738633855},{""box"":{""left"":5950,""right"":1875,""top"":6125,""bottom"":2906},""time"":1731738634080}",,,,,
14237,Person,2024-11-16 15:30:35,2024-11-16 15:30:36,"{""box"":{""left"":6418,""right"":1979,""top"":6618,""bottom"":3114},""time"":1731738635152},{""box"":{""left"":6418,""right"":1979,""top"":6618,""bottom"":3114},""time"":1731738636046}",,,,,
14238,Person,2024-11-16 15:30:37,2024-11-16 15:30:37,"{""box"":{""left"":6975,""right"":2125,""top"":7225,""bottom"":3572},""time"":1731738637508}",,,,,
14239,Person,2024-11-16 15:30:39,2024-11-16 15:30:52,"{""box"":{""left"":1762,""right"":2600,""top"":1943,""bottom"":3631},""time"":1731738639959},{""box"":{""left"":1762,""right"":2600,""top"":1943,""bottom"":3631},""time"":1731738641043},{""box"":{""left"":1762,""right"":2600,""top"":1943,""bottom"":3631},""time"":1731738642001},{""box"":{""left"":1762,""right"":2600,""top"":1943,""bottom"":3631},""time"":1731738643016},{""box"":{""left"":1762,""right"":2600,""top"":1943,""bottom"":3631},""time"":1731738644036},{""box"":{""left"":1762,""right"":2600,""top"":1943,""bottom"":3631},""time"":1731738645057},{""box"":{""left"":1762,""right"":2600,""top"":1943,""bottom"":3631},""time"":1731738646024},{""box"":{""left"":1762,""right"":2600,""top"":1943,""bottom"":3631},""time"":1731738647031},{""box"":{""left"":1762,""right"":2600,""top"":1943,""bottom"":3631},""time"":1731738648060},{""box"":{""left"":1762,""right"":2600,""top"":1943,""bottom"":3631},""time"":1731738649039},{""box"":{""left"":1762,""right"":2600,""top"":1943,""bottom"":3631},""time"":1731738650047},{""box"":{""left"":1762,""right"":2600,""top"":1943,""bottom"":3631},""time"":1731738651006},{""box"":{""left"":1762,""right"":2600,""top"":1943,""bottom"":3631},""time"":1731738652030}",,,,,
14240,Person,2024-11-16 15:30:44,2024-11-16 15:30:45,"{""box"":{""left"":6993,""right"":2208,""top"":7174,""bottom"":3229},""time"":1731738644993}",,,,,
14241,Person,2024-11-16 15:30:46,2024-11-16 15:30:46,"{""box"":{""left"":6431,""right"":2031,""top"":6612,""bottom"":3000},""time"":1731738646371}",,,,,
14242,Person,2024-11-16 15:30:47,2024-11-16 15:30:48,"{""box"":{""left"":5956,""right"":1895,""top"":6118,""bottom"":2812},""time"":1731738647768}",,,,,
14243,Person,2024-11-16 15:30:50,2024-11-16 15:31:03,"{""box"":{""left"":6662,""right"":7770,""top"":8062,""bottom"":9979},""time"":1731738650839},{""box"":{""left"":6662,""right"":7770,""top"":8062,""bottom"":9979},""time"":1731738651016},{""box"":{""left"":6662,""right"":7770,""top"":8062,""bottom"":9979},""time"":1731738652040},{""box"":{""left"":6662,""right"":7770,""top"":8062,""bottom"":9979},""time"":1731738653058},{""box"":{""left"":6662,""right"":7770,""top"":8062,""bottom"":9979},""time"":1731738654017},{""box"":{""left"":6662,""right"":7770,""top"":8062,""bottom"":9979},""time"":1731738655042},{""box"":{""left"":6662,""right"":7770,""top"":8062,""bottom"":9979},""time"":1731738656048},{""box"":{""left"":6662,""right"":7770,""top"":8062,""bottom"":9979},""time"":1731738657002},{""box"":{""left"":6662,""right"":7770,""top"":8062,""bottom"":9979},""time"":1731738658007},{""box"":{""left"":6662,""right"":7770,""top"":8062,""bottom"":9979},""time"":1731738659035},{""box"":{""left"":6662,""right"":7770,""top"":8062,""bottom"":9979},""time"":1731738660044},{""box"":{""left"":6662,""right"":7770,""top"":8062,""bottom"":9979},""time"":1731738661012},{""box"":{""left"":6662,""right"":7770,""top"":8062,""bottom"":9979},""time"":1731738662037},{""box"":{""left"":6662,""right"":7770,""top"":8062,""bottom"":9979},""time"":1731738663000}",,,,,
14244,Person,2024-11-16 15:30:51,2024-11-16 15:30:51,"{""box"":{""left"":6977,""right"":2374,""top"":7165,""bottom"":3380},""time"":1731738651190}",,,,,
14245,Person,2024-11-16 15:30:53,2024-11-16 15:30:53,"{""box"":{""left"":6406,""right"":1967,""top"":6637,""bottom"":3030},""time"":1731738653061}",,,,,
14246,Person,2024-11-16 15:30:53,2024-11-16 15:30:54,"{""box"":{""left"":6043,""right"":2145,""top"":6218,""bottom"":2947},""time"":1731738653517}",,,,,
14247,Person,2024-11-16 15:31:05,2024-11-16 15:31:05,"{""box"":{""left"":6980,""right"":2302,""top"":7205,""bottom"":3354},""time"":1731738665403}",,,,,
14248,Person,2024-11-16 15:31:06,2024-11-16 15:31:06,"{""box"":{""left"":6425,""right"":1958,""top"":6662,""bottom"":3156},""time"":1731738666575}",,,,,
14249,Person,2024-11-16 15:31:07,2024-11-16 15:31:08,"{""box"":{""left"":5931,""right"":1854,""top"":6118,""bottom"":2927},""time"":1731738667929}",,,,,
14250,Person,2024-11-16 15:31:11,2024-11-16 15:31:12,"{""box"":{""left"":25,""right"":6020,""top"":1287,""bottom"":9833},""time"":1731738671340},{""box"":{""left"":25,""right"":6020,""top"":1287,""bottom"":9833},""time"":1731738672011}",,,,,
14251,Person,2024-11-16 15:31:14,2024-11-16 15:31:33,"{""box"":{""left"":1850,""right"":3708,""top"":2375,""bottom"":6166},""time"":1731738674122},{""box"":{""left"":1850,""right"":3708,""top"":2375,""bottom"":6166},""time"":1731738675018},{""box"":{""left"":1850,""right"":3708,""top"":2375,""bottom"":6166},""time"":1731738676027},{""box"":{""left"":1850,""right"":3708,""top"":2375,""bottom"":6166},""time"":1731738677045},{""box"":{""left"":1850,""right"":3708,""top"":2375,""bottom"":6166},""time"":1731738678012},{""box"":{""left"":1850,""right"":3708,""top"":2375,""bottom"":6166},""time"":1731738679021},{""box"":{""left"":1850,""right"":3708,""top"":2375,""bottom"":6166},""time"":1731738680029},{""box"":{""left"":1850,""right"":3708,""top"":2375,""bottom"":6166},""time"":1731738681049},{""box"":{""left"":1850,""right"":3708,""top"":2375,""bottom"":6166},""time"":1731738682015},{""box"":{""left"":1850,""right"":3708,""top"":2375,""bottom"":6166},""time"":1731738683033},{""box"":{""left"":1850,""right"":3708,""top"":2375,""bottom"":6166},""time"":1731738684000},{""box"":{""left"":1850,""right"":3708,""top"":2375,""bottom"":6166},""time"":1731738685021},{""box"":{""left"":1850,""right"":3708,""top"":2375,""bottom"":6166},""time"":1731738686047},{""box"":{""left"":1850,""right"":3708,""top"":2375,""bottom"":6166},""time"":1731738687010},{""box"":{""left"":1850,""right"":3708,""top"":2375,""bottom"":6166},""time"":1731738688032},{""box"":{""left"":1850,""right"":3708,""top"":2375,""bottom"":6166},""time"":1731738689046},{""box"":{""left"":1850,""right"":3708,""top"":2375,""bottom"":6166},""time"":1731738690017},{""box"":{""left"":1850,""right"":3708,""top"":2375,""bottom"":6166},""time"":1731738691044},{""box"":{""left"":1850,""right"":3708,""top"":2375,""bottom"":6166},""time"":1731738692025},{""box"":{""left"":1850,""right"":3708,""top"":2375,""bottom"":6166},""time"":1731738693019}",,,,,
14252,Person,2024-11-16 15:31:15,2024-11-16 15:31:23,"{""box"":{""left"":1812,""right"":3301,""top"":2106,""bottom"":4946},""time"":1731738675693},{""box"":{""left"":1812,""right"":3301,""top"":2106,""bottom"":4946},""time"":1731738677051},{""box"":{""left"":1812,""right"":3301,""top"":2106,""bottom"":4946},""time"":1731738678019},{""box"":{""left"":1812,""right"":3301,""top"":2106,""bottom"":4946},""time"":1731738679027},{""box"":{""left"":1812,""right"":3301,""top"":2106,""bottom"":4946},""time"":1731738680607},{""box"":{""left"":1812,""right"":3301,""top"":2106,""bottom"":4946},""time"":1731738681004},{""box"":{""left"":1812,""right"":3301,""top"":2106,""bottom"":4946},""time"":1731738682022},{""box"":{""left"":1812,""right"":3301,""top"":2106,""bottom"":4946},""time"":1731738683038}",,,,,
14253,Person,2024-11-16 15:31:22,2024-11-16 15:31:23,"{""box"":{""left"":8887,""right"":7354,""top"":10000,""bottom"":10000},""time"":1731738682247}",,,,,
14254,Person,2024-11-16 15:31:24,2024-11-16 15:31:29,"{""box"":{""left"":6675,""right"":8166,""top"":7812,""bottom"":10000},""time"":1731738684003},{""box"":{""left"":6675,""right"":8166,""top"":7812,""bottom"":10000},""time"":1731738685030},{""box"":{""left"":6675,""right"":8166,""top"":7812,""bottom"":10000},""time"":1731738686057},{""box"":{""left"":6675,""right"":8166,""top"":7812,""bottom"":10000},""time"":1731738687018},{""box"":{""left"":6675,""right"":8166,""top"":7812,""bottom"":10000},""time"":1731738688039},{""box"":{""left"":6675,""right"":8166,""top"":7812,""bottom"":10000},""time"":1731738689051}",,,,,
14255,Person,2024-11-16 15:31:24,2024-11-16 15:31:32,"{""box"":{""left"":3650,""right"":8020,""top"":5587,""bottom"":10000},""time"":1731738684757},{""box"":{""left"":3650,""right"":8020,""top"":5587,""bottom"":10000},""time"":1731738685034},{""box"":{""left"":3650,""right"":8020,""top"":5587,""bottom"":10000},""time"":1731738686061},{""box"":{""left"":3650,""right"":8020,""top"":5587,""bottom"":10000},""time"":1731738687024},{""box"":{""left"":3650,""right"":8020,""top"":5587,""bottom"":10000},""time"":1731738688043},{""box"":{""left"":3650,""right"":8020,""top"":5587,""bottom"":10000},""time"":1731738689162},{""box"":{""left"":3650,""right"":8020,""top"":5587,""bottom"":10000},""time"":1731738690020},{""box"":{""left"":3650,""right"":8020,""top"":5587,""bottom"":10000},""time"":1731738691049},{""box"":{""left"":3650,""right"":8020,""top"":5587,""bottom"":10000},""time"":1731738692028}",,,,,
14256,Person,2024-11-16 15:31:27,2024-11-16 15:31:39,"{""box"":{""left"":5700,""right"":8208,""top"":6912,""bottom"":9999},""time"":1731738687476},{""box"":{""left"":5700,""right"":8208,""top"":6912,""bottom"":9999},""time"":1731738688047},{""box"":{""left"":5700,""right"":8208,""top"":6912,""bottom"":9999},""time"":1731738689054},{""box"":{""left"":5700,""right"":8208,""top"":6912,""bottom"":9999},""time"":1731738690023},{""box"":{""left"":5700,""right"":8208,""top"":6912,""bottom"":9999},""time"":1731738691000},{""box"":{""left"":5700,""right"":8208,""top"":6912,""bottom"":9999},""time"":1731738692031},{""box"":{""left"":5700,""right"":8208,""top"":6912,""bottom"":9999},""time"":1731738693025},{""box"":{""left"":5700,""right"":8208,""top"":6912,""bottom"":9999},""time"":1731738694052},{""box"":{""left"":5700,""right"":8208,""top"":6912,""bottom"":9999},""time"":1731738695011},{""box"":{""left"":5700,""right"":8208,""top"":6912,""bottom"":9999},""time"":1731738696031},{""box"":{""left"":5700,""right"":8208,""top"":6912,""bottom"":9999},""time"":1731738697051},{""box"":{""left"":5700,""right"":8208,""top"":6912,""bottom"":9999},""time"":1731738698009},{""box"":{""left"":5700,""right"":8208,""top"":6912,""bottom"":9999},""time"":1731738699038}",,,,,
14257,Person,2024-11-16 15:31:28,2024-11-16 15:31:28,"{""box"":{""left"":3811,""right"":8395,""top"":4723,""bottom"":10000},""time"":1731738688049}",,,,,
14258,Person,2024-11-16 15:31:28,2024-11-16 15:31:30,"{""box"":{""left"":5956,""right"":1916,""top"":6106,""bottom"":2802},""time"":1731738688382},{""box"":{""left"":5956,""right"":1916,""top"":6106,""bottom"":2802},""time"":1731738690076}",,,,,
14259,Person,2024-11-16 15:31:28,2024-11-16 15:31:32,"{""box"":{""left"":2932,""right"":6348,""top"":3948,""bottom"":9764},""time"":1731738688877},{""box"":{""left"":2932,""right"":6348,""top"":3948,""bottom"":9764},""time"":1731738689058},{""box"":{""left"":2932,""right"":6348,""top"":3948,""bottom"":9764},""time"":1731738690078},{""box"":{""left"":2932,""right"":6348,""top"":3948,""bottom"":9764},""time"":1731738691003},{""box"":{""left"":2932,""right"":6348,""top"":3948,""bottom"":9764},""time"":1731738692090}",,,,,
14260,Person,2024-11-16 15:31:30,2024-11-16 15:31:34,"{""box"":{""left"":2893,""right"":2842,""top"":3358,""bottom"":4835},""time"":1731738690190},{""box"":{""left"":2893,""right"":2842,""top"":3358,""bottom"":4835},""time"":1731738691005},{""box"":{""left"":2893,""right"":2842,""top"":3358,""bottom"":4835},""time"":1731738692093},{""box"":{""left"":2893,""right"":2842,""top"":3358,""bottom"":4835},""time"":1731738693028},{""box"":{""left"":2893,""right"":2842,""top"":3358,""bottom"":4835},""time"":1731738694058}",,,,,
14261,Person,2024-11-16 15:31:31,2024-11-16 15:31:32,"{""box"":{""left"":6416,""right"":2029,""top"":6616,""bottom"":3035},""time"":1731738691460},{""box"":{""left"":6416,""right"":2029,""top"":6616,""bottom"":3035},""time"":1731738692503}",,,,,
14263,Person,2024-11-16 15:31:32,2024-11-16 15:31:33,"{""box"":{""left"":6937,""right"":2193,""top"":7144,""bottom"":3307},""time"":1731738692257}",,,,,
14264,Person,2024-11-16 15:31:34,2024-11-16 15:31:34,"{""box"":{""left"":5942,""right"":1885,""top"":6142,""bottom"":2968},""time"":1731738694105}",,,,,
14265,Person,2024-11-16 15:31:35,2024-11-16 15:31:43,"{""box"":{""left"":6781,""right"":2468,""top"":7217,""bottom"":4375},""time"":1731738695015},{""box"":{""left"":6781,""right"":2468,""top"":7217,""bottom"":4375},""time"":1731738696037},{""box"":{""left"":6781,""right"":2468,""top"":7217,""bottom"":4375},""time"":1731738697003},{""box"":{""left"":6781,""right"":2468,""top"":7217,""bottom"":4375},""time"":1731738698015},{""box"":{""left"":6781,""right"":2468,""top"":7217,""bottom"":4375},""time"":1731738699049},{""box"":{""left"":6781,""right"":2468,""top"":7217,""bottom"":4375},""time"":1731738700060},{""box"":{""left"":6781,""right"":2468,""top"":7217,""bottom"":4375},""time"":1731738701018},{""box"":{""left"":6781,""right"":2468,""top"":7217,""bottom"":4375},""time"":1731738702025},{""box"":{""left"":6781,""right"":2468,""top"":7217,""bottom"":4375},""time"":1731738703041}",,,,,
14266,Person,2024-11-16 15:31:37,2024-11-16 15:31:39,"{""box"":{""left"":7006,""right"":1937,""top"":7181,""bottom"":2895},""time"":1731738697678},{""box"":{""left"":7006,""right"":1937,""top"":7181,""bottom"":2895},""time"":1731738699214}",,,,,
14267,Person,2024-11-16 15:31:41,2024-11-16 15:31:42,"{""box"":{""left"":5956,""right"":1614,""top"":6100,""bottom"":2416},""time"":1731738701243},{""box"":{""left"":5956,""right"":1614,""top"":6100,""bottom"":2416},""time"":1731738702092}",,,,,
14268,Person,2024-11-16 15:31:53,2024-11-16 15:32:03,"{""box"":{""left"":1775,""right"":2760,""top"":1975,""bottom"":4052},""time"":1731738713332},{""box"":{""left"":1775,""right"":2760,""top"":1975,""bottom"":4052},""time"":1731738714005},{""box"":{""left"":1775,""right"":2760,""top"":1975,""bottom"":4052},""time"":1731738715036},{""box"":{""left"":1775,""right"":2760,""top"":1975,""bottom"":4052},""time"":1731738716046},{""box"":{""left"":1775,""right"":2760,""top"":1975,""bottom"":4052},""time"":1731738717002},{""box"":{""left"":1775,""right"":2760,""top"":1975,""bottom"":4052},""time"":1731738718024},{""box"":{""left"":1775,""right"":2760,""top"":1975,""bottom"":4052},""time"":1731738719035},{""box"":{""left"":1775,""right"":2760,""top"":1975,""bottom"":4052},""time"":1731738720002},{""box"":{""left"":1775,""right"":2760,""top"":1975,""bottom"":4052},""time"":1731738721031},{""box"":{""left"":1775,""right"":2760,""top"":1975,""bottom"":4052},""time"":1731738722053},{""box"":{""left"":1775,""right"":2760,""top"":1975,""bottom"":4052},""time"":1731738723002}",,,,,
14269,Person,2024-11-16 15:31:54,2024-11-16 15:32:16,"{""box"":{""left"":8050,""right"":8500,""top"":9075,""bottom"":10000},""time"":1731738714243},{""box"":{""left"":8050,""right"":8500,""top"":9075,""bottom"":10000},""time"":1731738715042},{""box"":{""left"":8050,""right"":8500,""top"":9075,""bottom"":10000},""time"":1731738716051},{""box"":{""left"":8050,""right"":8500,""top"":9075,""bottom"":10000},""time"":1731738717007},{""box"":{""left"":8050,""right"":8500,""top"":9075,""bottom"":10000},""time"":1731738718028},{""box"":{""left"":8050,""right"":8500,""top"":9075,""bottom"":10000},""time"":1731738719040},{""box"":{""left"":8050,""right"":8500,""top"":9075,""bottom"":10000},""time"":1731738720007},{""box"":{""left"":8050,""right"":8500,""top"":9075,""bottom"":10000},""time"":1731738721037},{""box"":{""left"":8050,""right"":8500,""top"":9075,""bottom"":10000},""time"":1731738722003},{""box"":{""left"":8050,""right"":8500,""top"":9075,""bottom"":10000},""time"":1731738723007},{""box"":{""left"":8050,""right"":8500,""top"":9075,""bottom"":10000},""time"":1731738724018},{""box"":{""left"":8050,""right"":8500,""top"":9075,""bottom"":10000},""time"":1731738725041},{""box"":{""left"":8050,""right"":8500,""top"":9075,""bottom"":10000},""time"":1731738726010},{""box"":{""left"":8050,""right"":8500,""top"":9075,""bottom"":10000},""time"":1731738727030},{""box"":{""left"":8050,""right"":8500,""top"":9075,""bottom"":10000},""time"":1731738728003},{""box"":{""left"":8050,""right"":8500,""top"":9075,""bottom"":10000},""time"":1731738729025},{""box"":{""left"":8050,""right"":8500,""top"":9075,""bottom"":10000},""time"":1731738730049},{""box"":{""left"":8050,""right"":8500,""top"":9075,""bottom"":10000},""time"":1731738731019},{""box"":{""left"":8050,""right"":8500,""top"":9075,""bottom"":10000},""time"":1731738732042},{""box"":{""left"":8050,""right"":8500,""top"":9075,""bottom"":10000},""time"":1731738733005},{""box"":{""left"":8050,""right"":8500,""top"":9075,""bottom"":10000},""time"":1731738734038},{""box"":{""left"":8050,""right"":8500,""top"":9075,""bottom"":10000},""time"":1731738735003},{""box"":{""left"":8050,""right"":8500,""top"":9075,""bottom"":10000},""time"":1731738736032}",,,,,
14270,Person,2024-11-16 15:31:56,2024-11-16 15:32:08,"{""box"":{""left"":4248,""right"":7474,""top"":5641,""bottom"":9966},""time"":1731738716673},{""box"":{""left"":4248,""right"":7474,""top"":5641,""bottom"":9966},""time"":1731738717125},{""box"":{""left"":4248,""right"":7474,""top"":5641,""bottom"":9966},""time"":1731738718033},{""box"":{""left"":4248,""right"":7474,""top"":5641,""bottom"":9966},""time"":1731738719090},{""box"":{""left"":4248,""right"":7474,""top"":5641,""bottom"":9966},""time"":1731738720125},{""box"":{""left"":4248,""right"":7474,""top"":5641,""bottom"":9966},""time"":1731738721326},{""box"":{""left"":4248,""right"":7474,""top"":5641,""bottom"":9966},""time"":1731738722007},{""box"":{""left"":4248,""right"":7474,""top"":5641,""bottom"":9966},""time"":1731738723237},{""box"":{""left"":4248,""right"":7474,""top"":5641,""bottom"":9966},""time"":1731738724023},{""box"":{""left"":4248,""right"":7474,""top"":5641,""bottom"":9966},""time"":1731738725048},{""box"":{""left"":4248,""right"":7474,""top"":5641,""bottom"":9966},""time"":1731738726020},{""box"":{""left"":4248,""right"":7474,""top"":5641,""bottom"":9966},""time"":1731738727041},{""box"":{""left"":4248,""right"":7474,""top"":5641,""bottom"":9966},""time"":1731738728008}",,,,,
14271,Person,2024-11-16 15:32:01,2024-11-16 15:32:04,"{""box"":{""left"":1756,""right"":2442,""top"":1906,""bottom"":3587},""time"":1731738721778},{""box"":{""left"":1756,""right"":2442,""top"":1906,""bottom"":3587},""time"":1731738723242},{""box"":{""left"":1756,""right"":2442,""top"":1906,""bottom"":3587},""time"":1731738724027}",,,,,
14272,Person,2024-11-16 15:32:08,2024-11-16 15:32:09,"{""box"":{""left"":1825,""right"":2891,""top"":2112,""bottom"":5287},""time"":1731738728164},{""box"":{""left"":1825,""right"":2891,""top"":2112,""bottom"":5287},""time"":1731738729035}",,,,,
14273,Person,2024-11-16 15:32:10,2024-11-16 15:32:24,"{""box"":{""left"":1868,""right"":2520,""top"":2062,""bottom"":3468},""time"":1731738730795},{""box"":{""left"":1868,""right"":2520,""top"":2062,""bottom"":3468},""time"":1731738732051},{""box"":{""left"":1868,""right"":2520,""top"":2062,""bottom"":3468},""time"":1731738733016},{""box"":{""left"":1868,""right"":2520,""top"":2062,""bottom"":3468},""time"":1731738734048},{""box"":{""left"":1868,""right"":2520,""top"":2062,""bottom"":3468},""time"":1731738735008},{""box"":{""left"":1868,""right"":2520,""top"":2062,""bottom"":3468},""time"":1731738736042},{""box"":{""left"":1868,""right"":2520,""top"":2062,""bottom"":3468},""time"":1731738737001},{""box"":{""left"":1868,""right"":2520,""top"":2062,""bottom"":3468},""time"":1731738738015},{""box"":{""left"":1868,""right"":2520,""top"":2062,""bottom"":3468},""time"":1731738739031},{""box"":{""left"":1868,""right"":2520,""top"":2062,""bottom"":3468},""time"":1731738740043},{""box"":{""left"":1868,""right"":2520,""top"":2062,""bottom"":3468},""time"":1731738741014},{""box"":{""left"":1868,""right"":2520,""top"":2062,""bottom"":3468},""time"":1731738742023},{""box"":{""left"":1868,""right"":2520,""top"":2062,""bottom"":3468},""time"":1731738743004},{""box"":{""left"":1868,""right"":2520,""top"":2062,""bottom"":3468},""time"":1731738744027}",,,,,
14274,Person,2024-11-16 15:32:11,2024-11-16 15:32:13,"{""box"":{""left"":1012,""right"":4604,""top"":1599,""bottom"":8395},""time"":1731738731769},{""box"":{""left"":1012,""right"":4604,""top"":1599,""bottom"":8395},""time"":1731738732055},{""box"":{""left"":1012,""right"":4604,""top"":1599,""bottom"":8395},""time"":1731738733021}",,,,,
14275,Person,2024-11-16 15:32:12,2024-11-16 15:32:20,"{""box"":{""left"":6900,""right"":2447,""top"":7237,""bottom"":4281},""time"":1731738732458},{""box"":{""left"":6900,""right"":2447,""top"":7237,""bottom"":4281},""time"":1731738733027},{""box"":{""left"":6900,""right"":2447,""top"":7237,""bottom"":4281},""time"":1731738734001},{""box"":{""left"":6900,""right"":2447,""top"":7237,""bottom"":4281},""time"":1731738735014},{""box"":{""left"":6900,""right"":2447,""top"":7237,""bottom"":4281},""time"":1731738736046},{""box"":{""left"":6900,""right"":2447,""top"":7237,""bottom"":4281},""time"":1731738737005},{""box"":{""left"":6900,""right"":2447,""top"":7237,""bottom"":4281},""time"":1731738738019},{""box"":{""left"":6900,""right"":2447,""top"":7237,""bottom"":4281},""time"":1731738739036},{""box"":{""left"":6900,""right"":2447,""top"":7237,""bottom"":4281},""time"":1731738740048}",,,,,
14276,Person,2024-11-16 15:32:15,2024-11-16 15:32:25,"{""box"":{""left"":1781,""right"":2739,""top"":1956,""bottom"":4000},""time"":1731738735873},{""box"":{""left"":1781,""right"":2739,""top"":1956,""bottom"":4000},""time"":1731738738641},{""box"":{""left"":1781,""right"":2739,""top"":1956,""bottom"":4000},""time"":1731738739100},{""box"":{""left"":1781,""right"":2739,""top"":1956,""bottom"":4000},""time"":1731738740108},{""box"":{""left"":1781,""right"":2739,""top"":1956,""bottom"":4000},""time"":1731738741018},{""box"":{""left"":1781,""right"":2739,""top"":1956,""bottom"":4000},""time"":1731738742029},{""box"":{""left"":1781,""right"":2739,""top"":1956,""bottom"":4000},""time"":1731738743007},{""box"":{""left"":1781,""right"":2739,""top"":1956,""bottom"":4000},""time"":1731738744029},{""box"":{""left"":1781,""right"":2739,""top"":1956,""bottom"":4000},""time"":1731738745058}",,,,,
14277,Person,2024-11-16 15:32:15,2024-11-16 15:32:18,"{""box"":{""left"":162,""right"":6791,""top"":1200,""bottom"":9375},""time"":1731738735875},{""box"":{""left"":162,""right"":6791,""top"":1200,""bottom"":9375},""time"":1731738736107},{""box"":{""left"":162,""right"":6791,""top"":1200,""bottom"":9375},""time"":1731738737354},{""box"":{""left"":162,""right"":6791,""top"":1200,""bottom"":9375},""time"":1731738738311}",,,,,
14278,Person,2024-11-16 15:32:16,2024-11-16 15:32:19,"{""box"":{""left"":315,""right"":6328,""top"":1115,""bottom"":8953},""time"":1731738736329},{""box"":{""left"":315,""right"":6328,""top"":1115,""bottom"":8953},""time"":1731738737587},{""box"":{""left"":315,""right"":6328,""top"":1115,""bottom"":8953},""time"":1731738738373},{""box"":{""left"":315,""right"":6328,""top"":1115,""bottom"":8953},""time"":1731738739104}",,,,,
14279,Person,2024-11-16 15:32:17,2024-11-16 15:32:21,"{""box"":{""left"":5472,""right"":2691,""top"":5853,""bottom"":4016},""time"":1731738737357},{""box"":{""left"":5472,""right"":2691,""top"":5853,""bottom"":4016},""time"":1731738738316},{""box"":{""left"":5472,""right"":2691,""top"":5853,""bottom"":4016},""time"":1731738739040},{""box"":{""left"":5472,""right"":2691,""top"":5853,""bottom"":4016},""time"":1731738740000},{""box"":{""left"":5472,""right"":2691,""top"":5853,""bottom"":4016},""time"":1731738741022}",,,,,
14281,Person,2024-11-16 15:32:18,2024-11-16 15:32:30,"{""box"":{""left"":1756,""right"":2447,""top"":1906,""bottom"":3385},""time"":1731738738826},{""box"":{""left"":1756,""right"":2447,""top"":1906,""bottom"":3385},""time"":1731738742032},{""box"":{""left"":1756,""right"":2447,""top"":1906,""bottom"":3385},""time"":1731738743120},{""box"":{""left"":1756,""right"":2447,""top"":1906,""bottom"":3385},""time"":1731738744032},{""box"":{""left"":1756,""right"":2447,""top"":1906,""bottom"":3385},""time"":1731738745061},{""box"":{""left"":1756,""right"":2447,""top"":1906,""bottom"":3385},""time"":1731738746032},{""box"":{""left"":1756,""right"":2447,""top"":1906,""bottom"":3385},""time"":1731738747006},{""box"":{""left"":1756,""right"":2447,""top"":1906,""bottom"":3385},""time"":1731738748007},{""box"":{""left"":1756,""right"":2447,""top"":1906,""bottom"":3385},""time"":1731738749045},{""box"":{""left"":1756,""right"":2447,""top"":1906,""bottom"":3385},""time"":1731738750020}",,,,,
14282,Person,2024-11-16 15:32:19,2024-11-16 15:32:33,"{""box"":{""left"":2002,""right"":5386,""top"":2704,""bottom"":7594},""time"":1731738739661},{""box"":{""left"":2002,""right"":5386,""top"":2704,""bottom"":7594},""time"":1731738740009},{""box"":{""left"":2002,""right"":5386,""top"":2704,""bottom"":7594},""time"":1731738741030},{""box"":{""left"":2002,""right"":5386,""top"":2704,""bottom"":7594},""time"":1731738742035},{""box"":{""left"":2002,""right"":5386,""top"":2704,""bottom"":7594},""time"":1731738743009},{""box"":{""left"":2002,""right"":5386,""top"":2704,""bottom"":7594},""time"":1731738744035},{""box"":{""left"":2002,""right"":5386,""top"":2704,""bottom"":7594},""time"":1731738745001},{""box"":{""left"":2002,""right"":5386,""top"":2704,""bottom"":7594},""time"":1731738746035},{""box"":{""left"":2002,""right"":5386,""top"":2704,""bottom"":7594},""time"":1731738747011},{""box"":{""left"":2002,""right"":5386,""top"":2704,""bottom"":7594},""time"":1731738748009},{""box"":{""left"":2002,""right"":5386,""top"":2704,""bottom"":7594},""time"":1731738749050},{""box"":{""left"":2002,""right"":5386,""top"":2704,""bottom"":7594},""time"":1731738750026},{""box"":{""left"":2002,""right"":5386,""top"":2704,""bottom"":7594},""time"":1731738751000},{""box"":{""left"":2002,""right"":5386,""top"":2704,""bottom"":7594},""time"":1731738752027},{""box"":{""left"":2002,""right"":5386,""top"":2704,""bottom"":7594},""time"":1731738753008}",,,,,
14283,Person,2024-11-16 15:32:21,2024-11-16 15:32:24,"{""box"":{""left"":1861,""right"":3937,""top"":2299,""bottom"":6083},""time"":1731738741251},{""box"":{""left"":1861,""right"":3937,""top"":2299,""bottom"":6083},""time"":1731738742037},{""box"":{""left"":1861,""right"":3937,""top"":2299,""bottom"":6083},""time"":1731738743012},{""box"":{""left"":1861,""right"":3937,""top"":2299,""bottom"":6083},""time"":1731738744037}",,,,,
14284,Person,2024-11-16 15:32:22,2024-11-16 15:32:41,"{""box"":{""left"":8650,""right"":6293,""top"":10000,""bottom"":9997},""time"":1731738742788},{""box"":{""left"":8650,""right"":6293,""top"":10000,""bottom"":9997},""time"":1731738743472},{""box"":{""left"":8650,""right"":6293,""top"":10000,""bottom"":9997},""time"":1731738744088},{""box"":{""left"":8650,""right"":6293,""top"":10000,""bottom"":9997},""time"":1731738745004},{""box"":{""left"":8650,""right"":6293,""top"":10000,""bottom"":9997},""time"":1731738746038},{""box"":{""left"":8650,""right"":6293,""top"":10000,""bottom"":9997},""time"":1731738747345},{""box"":{""left"":8650,""right"":6293,""top"":10000,""bottom"":9997},""time"":1731738748012},{""box"":{""left"":8650,""right"":6293,""top"":10000,""bottom"":9997},""time"":1731738749053},{""box"":{""left"":8650,""right"":6293,""top"":10000,""bottom"":9997},""time"":1731738750203},{""box"":{""left"":8650,""right"":6293,""top"":10000,""bottom"":9997},""time"":1731738751003},{""box"":{""left"":8650,""right"":6293,""top"":10000,""bottom"":9997},""time"":1731738752030},{""box"":{""left"":8650,""right"":6293,""top"":10000,""bottom"":9997},""time"":1731738753017},{""box"":{""left"":8650,""right"":6293,""top"":10000,""bottom"":9997},""time"":1731738754057},{""box"":{""left"":8650,""right"":6293,""top"":10000,""bottom"":9997},""time"":1731738755032},{""box"":{""left"":8650,""right"":6293,""top"":10000,""bottom"":9997},""time"":1731738756001},{""box"":{""left"":8650,""right"":6293,""top"":10000,""bottom"":9997},""time"":1731738757027},{""box"":{""left"":8650,""right"":6293,""top"":10000,""bottom"":9997},""time"":1731738758047},{""box"":{""left"":8650,""right"":6293,""top"":10000,""bottom"":9997},""time"":1731738759029},{""box"":{""left"":8650,""right"":6293,""top"":10000,""bottom"":9997},""time"":1731738760053},{""box"":{""left"":8650,""right"":6293,""top"":10000,""bottom"":9997},""time"":1731738761182}",,,,,
14286,Person,2024-11-16 15:32:24,2024-11-16 15:32:39,"{""box"":{""left"":8898,""right"":6419,""top"":9963,""bottom"":9996},""time"":1731738744263},{""box"":{""left"":8898,""right"":6419,""top"":9963,""bottom"":9996},""time"":1731738745007},{""box"":{""left"":8898,""right"":6419,""top"":9963,""bottom"":9996},""time"":1731738746040},{""box"":{""left"":8898,""right"":6419,""top"":9963,""bottom"":9996},""time"":1731738747127},{""box"":{""left"":8898,""right"":6419,""top"":9963,""bottom"":9996},""time"":1731738748015},{""box"":{""left"":8898,""right"":6419,""top"":9963,""bottom"":9996},""time"":1731738749056},{""box"":{""left"":8898,""right"":6419,""top"":9963,""bottom"":9996},""time"":1731738750029},{""box"":{""left"":8898,""right"":6419,""top"":9963,""bottom"":9996},""time"":1731738751005},{""box"":{""left"":8898,""right"":6419,""top"":9963,""bottom"":9996},""time"":1731738752033},{""box"":{""left"":8898,""right"":6419,""top"":9963,""bottom"":9996},""time"":1731738753022},{""box"":{""left"":8898,""right"":6419,""top"":9963,""bottom"":9996},""time"":1731738754003},{""box"":{""left"":8898,""right"":6419,""top"":9963,""bottom"":9996},""time"":1731738755037},{""box"":{""left"":8898,""right"":6419,""top"":9963,""bottom"":9996},""time"":1731738756006},{""box"":{""left"":8898,""right"":6419,""top"":9963,""bottom"":9996},""time"":1731738757033},{""box"":{""left"":8898,""right"":6419,""top"":9963,""bottom"":9996},""time"":1731738758001},{""box"":{""left"":8898,""right"":6419,""top"":9963,""bottom"":9996},""time"":1731738759709}",,,,,
14287,Person,2024-11-16 15:32:26,2024-11-16 15:32:26,"{""box"":{""left"":5956,""right"":1885,""top"":6124,""bottom"":2874},""time"":1731738746042}",,,,,
14288,Person,2024-11-16 15:32:26,2024-11-16 15:32:30,"{""box"":{""left"":8750,""right"":7104,""top"":9787,""bottom"":9979},""time"":1731738746215},{""box"":{""left"":8750,""right"":7104,""top"":9787,""bottom"":9979},""time"":1731738747131},{""box"":{""left"":8750,""right"":7104,""top"":9787,""bottom"":9979},""time"":1731738748018},{""box"":{""left"":8750,""right"":7104,""top"":9787,""bottom"":9979},""time"":1731738749058},{""box"":{""left"":8750,""right"":7104,""top"":9787,""bottom"":9979},""time"":1731738750268}",,,,,
14289,Person,2024-11-16 15:32:26,2024-11-16 15:32:30,"{""box"":{""left"":1783,""right"":2947,""top"":1997,""bottom"":4218},""time"":1731738746969},{""box"":{""left"":1783,""right"":2947,""top"":1997,""bottom"":4218},""time"":1731738748020},{""box"":{""left"":1783,""right"":2947,""top"":1997,""bottom"":4218},""time"":1731738749061},{""box"":{""left"":1783,""right"":2947,""top"":1997,""bottom"":4218},""time"":1731738750032}",,,,,
14290,Person,2024-11-16 15:32:29,2024-11-16 15:32:42,"{""box"":{""left"":7914,""right"":6675,""top"":9289,""bottom"":10000},""time"":1731738749297},{""box"":{""left"":7914,""right"":6675,""top"":9289,""bottom"":10000},""time"":1731738750208},{""box"":{""left"":7914,""right"":6675,""top"":9289,""bottom"":10000},""time"":1731738751008},{""box"":{""left"":7914,""right"":6675,""top"":9289,""bottom"":10000},""time"":1731738752036},{""box"":{""left"":7914,""right"":6675,""top"":9289,""bottom"":10000},""time"":1731738753026},{""box"":{""left"":7914,""right"":6675,""top"":9289,""bottom"":10000},""time"":1731738754009},{""box"":{""left"":7914,""right"":6675,""top"":9289,""bottom"":10000},""time"":1731738755041},{""box"":{""left"":7914,""right"":6675,""top"":9289,""bottom"":10000},""time"":1731738756298},{""box"":{""left"":7914,""right"":6675,""top"":9289,""bottom"":10000},""time"":1731738757148},{""box"":{""left"":7914,""right"":6675,""top"":9289,""bottom"":10000},""time"":1731738758052},{""box"":{""left"":7914,""right"":6675,""top"":9289,""bottom"":10000},""time"":1731738759035},{""box"":{""left"":7914,""right"":6675,""top"":9289,""bottom"":10000},""time"":1731738760057},{""box"":{""left"":7914,""right"":6675,""top"":9289,""bottom"":10000},""time"":1731738761009},{""box"":{""left"":7914,""right"":6675,""top"":9289,""bottom"":10000},""time"":1731738762039}",,,,,
14291,Face,2024-11-16 15:32:29,2024-11-16 15:32:32,"{""box"":{""left"":5349,""right"":6004,""top"":5734,""bottom"":6504},""time"":1731738749235},{""box"":{""left"":5325,""right"":5935,""top"":5701,""bottom"":6417},""time"":1731738752142}","6,12",male,,,
14292,Person,2024-11-16 15:32:31,2024-11-16 15:32:32,"{""box"":{""left"":6375,""right"":8208,""top"":7200,""bottom"":9999},""time"":1731738751470},{""box"":{""left"":6375,""right"":8208,""top"":7200,""bottom"":9999},""time"":1731738752040}",,,,,
14293,Person,2024-11-16 15:32:32,2024-11-16 15:32:37,"{""box"":{""left"":5225,""right"":5416,""top"":5937,""bottom"":7937},""time"":1731738752438},{""box"":{""left"":5225,""right"":5416,""top"":5937,""bottom"":7937},""time"":1731738753030},{""box"":{""left"":5225,""right"":5416,""top"":5937,""bottom"":7937},""time"":1731738754015},{""box"":{""left"":5225,""right"":5416,""top"":5937,""bottom"":7937},""time"":1731738755046},{""box"":{""left"":5225,""right"":5416,""top"":5937,""bottom"":7937},""time"":1731738756303},{""box"":{""left"":5225,""right"":5416,""top"":5937,""bottom"":7937},""time"":1731738757153}",,,,,
14295,Face,2024-11-16 15:32:34,2024-11-16 15:32:34,"{""box"":{""left"":5558,""right"":5793,""top"":5902,""bottom"":6273},""time"":1731738754018}","6,12",male,,,
14296,Person,2024-11-16 15:32:36,2024-11-16 15:32:59,"{""box"":{""left"":5325,""right"":8333,""top"":6549,""bottom"":10000},""time"":1731738756818},{""box"":{""left"":5325,""right"":8333,""top"":6549,""bottom"":10000},""time"":1731738757158},{""box"":{""left"":5325,""right"":8333,""top"":6549,""bottom"":10000},""time"":1731738758056},{""box"":{""left"":5325,""right"":8333,""top"":6549,""bottom"":10000},""time"":1731738759041},{""box"":{""left"":5325,""right"":8333,""top"":6549,""bottom"":10000},""time"":1731738760000},{""box"":{""left"":5325,""right"":8333,""top"":6549,""bottom"":10000},""time"":1731738761013},{""box"":{""left"":5325,""right"":8333,""top"":6549,""bottom"":10000},""time"":1731738762044},{""box"":{""left"":5325,""right"":8333,""top"":6549,""bottom"":10000},""time"":1731738763012},{""box"":{""left"":5325,""right"":8333,""top"":6549,""bottom"":10000},""time"":1731738764045},{""box"":{""left"":5325,""right"":8333,""top"":6549,""bottom"":10000},""time"":1731738765013},{""box"":{""left"":5325,""right"":8333,""top"":6549,""bottom"":10000},""time"":1731738766034},{""box"":{""left"":5325,""right"":8333,""top"":6549,""bottom"":10000},""time"":1731738767050},{""box"":{""left"":5325,""right"":8333,""top"":6549,""bottom"":10000},""time"":1731738768200},{""box"":{""left"":5325,""right"":8333,""top"":6549,""bottom"":10000},""time"":1731738769052},{""box"":{""left"":5325,""right"":8333,""top"":6549,""bottom"":10000},""time"":1731738770061},{""box"":{""left"":5325,""right"":8333,""top"":6549,""bottom"":10000},""time"":1731738771008},{""box"":{""left"":5325,""right"":8333,""top"":6549,""bottom"":10000},""time"":1731738772030},{""box"":{""left"":5325,""right"":8333,""top"":6549,""bottom"":10000},""time"":1731738773011},{""box"":{""left"":5325,""right"":8333,""top"":6549,""bottom"":10000},""time"":1731738774038},{""box"":{""left"":5325,""right"":8333,""top"":6549,""bottom"":10000},""time"":1731738775002},{""box"":{""left"":5325,""right"":8333,""top"":6549,""bottom"":10000},""time"":1731738776026},{""box"":{""left"":5325,""right"":8333,""top"":6549,""bottom"":10000},""time"":1731738777008},{""box"":{""left"":5325,""right"":8333,""top"":6549,""bottom"":10000},""time"":1731738778037},{""box"":{""left"":5325,""right"":8333,""top"":6549,""bottom"":10000},""time"":1731738779009}",,,,,
14297,Person,2024-11-16 15:32:39,2024-11-16 15:32:50,"{""box"":{""left"":2343,""right"":3334,""top"":2724,""bottom"":5304},""time"":1731738759894},{""box"":{""left"":2343,""right"":3334,""top"":2724,""bottom"":5304},""time"":1731738761018},{""box"":{""left"":2343,""right"":3334,""top"":2724,""bottom"":5304},""time"":1731738762159},{""box"":{""left"":2343,""right"":3334,""top"":2724,""bottom"":5304},""time"":1731738763129},{""box"":{""left"":2343,""right"":3334,""top"":2724,""bottom"":5304},""time"":1731738764050},{""box"":{""left"":2343,""right"":3334,""top"":2724,""bottom"":5304},""time"":1731738765018},{""box"":{""left"":2343,""right"":3334,""top"":2724,""bottom"":5304},""time"":1731738766039},{""box"":{""left"":2343,""right"":3334,""top"":2724,""bottom"":5304},""time"":1731738767003},{""box"":{""left"":2343,""right"":3334,""top"":2724,""bottom"":5304},""time"":1731738768026},{""box"":{""left"":2343,""right"":3334,""top"":2724,""bottom"":5304},""time"":1731738769062},{""box"":{""left"":2343,""right"":3334,""top"":2724,""bottom"":5304},""time"":1731738770050}",,,,,
14298,Person,2024-11-16 15:32:39,2024-11-16 15:32:47,"{""box"":{""left"":1768,""right"":2489,""top"":1943,""bottom"":3510},""time"":1731738759958},{""box"":{""left"":1768,""right"":2489,""top"":1943,""bottom"":3510},""time"":1731738761537},{""box"":{""left"":1768,""right"":2489,""top"":1943,""bottom"":3510},""time"":1731738762048},{""box"":{""left"":1768,""right"":2489,""top"":1943,""bottom"":3510},""time"":1731738763017},{""box"":{""left"":1768,""right"":2489,""top"":1943,""bottom"":3510},""time"":1731738764055},{""box"":{""left"":1768,""right"":2489,""top"":1943,""bottom"":3510},""time"":1731738765409},{""box"":{""left"":1768,""right"":2489,""top"":1943,""bottom"":3510},""time"":1731738766163},{""box"":{""left"":1768,""right"":2489,""top"":1943,""bottom"":3510},""time"":1731738767059}",,,,,
14299,Person,2024-11-16 15:32:41,2024-11-16 15:32:43,"{""box"":{""left"":1856,""right"":2718,""top"":2187,""bottom"":3677},""time"":1731738761877},{""box"":{""left"":1856,""right"":2718,""top"":2187,""bottom"":3677},""time"":1731738762053},{""box"":{""left"":1856,""right"":2718,""top"":2187,""bottom"":3677},""time"":1731738763200}",,,,,
14300,Person,2024-11-16 15:32:43,2024-11-16 15:35:05,"{""box"":{""left"":8646,""right"":7562,""top"":9916,""bottom"":10000},""time"":1731738763652},{""box"":{""left"":8646,""right"":7562,""top"":9916,""bottom"":10000},""time"":1731738764059},{""box"":{""left"":8646,""right"":7562,""top"":9916,""bottom"":10000},""time"":1731738765414},{""box"":{""left"":8646,""right"":7562,""top"":9916,""bottom"":10000},""time"":1731738766168},{""box"":{""left"":8646,""right"":7562,""top"":9916,""bottom"":10000},""time"":1731738767007},{""box"":{""left"":8646,""right"":7562,""top"":9916,""bottom"":10000},""time"":1731738768031},{""box"":{""left"":8646,""right"":7562,""top"":9916,""bottom"":10000},""time"":1731738769003},{""box"":{""left"":8646,""right"":7562,""top"":9916,""bottom"":10000},""time"":1731738770003},{""box"":{""left"":8646,""right"":7562,""top"":9916,""bottom"":10000},""time"":1731738771013},{""box"":{""left"":8646,""right"":7562,""top"":9916,""bottom"":10000},""time"":1731738772035},{""box"":{""left"":8646,""right"":7562,""top"":9916,""bottom"":10000},""time"":1731738773014},{""box"":{""left"":8646,""right"":7562,""top"":9916,""bottom"":10000},""time"":1731738774043},{""box"":{""left"":8646,""right"":7562,""top"":9916,""bottom"":10000},""time"":1731738775007},{""box"":{""left"":8646,""right"":7562,""top"":9916,""bottom"":10000},""time"":1731738776035},{""box"":{""left"":8646,""right"":7562,""top"":9916,""bottom"":10000},""time"":1731738777017},{""box"":{""left"":8646,""right"":7562,""top"":9916,""bottom"":10000},""time"":1731738778046},{""box"":{""left"":8646,""right"":7562,""top"":9916,""bottom"":10000},""time"":1731738779018},{""box"":{""left"":8646,""right"":7562,""top"":9916,""bottom"":10000},""time"":1731738780026},{""box"":{""left"":8646,""right"":7562,""top"":9916,""bottom"":10000},""time"":1731738781038},{""box"":{""left"":8646,""right"":7562,""top"":9916,""bottom"":10000},""time"":1731738782011},{""box"":{""left"":8646,""right"":7562,""top"":9916,""bottom"":10000},""time"":1731738783035},{""box"":{""left"":8646,""right"":7562,""top"":9916,""bottom"":10000},""time"":1731738784000},{""box"":{""left"":8646,""right"":7562,""top"":9916,""bottom"":10000},""time"":1731738785021},{""box"":{""left"":8646,""right"":7562,""top"":9916,""bottom"":10000},""time"":1731738786022},{""box"":{""left"":8646,""right"":7562,""top"":9916,""bottom"":10000},""time"":1731738787044},{""box"":{""left"":8646,""right"":7562,""top"":9916,""bottom"":10000},""time"":1731738788001},{""box"":{""left"":8646,""right"":7562,""top"":9916,""bottom"":10000},""time"":1731738789004},{""box"":{""left"":8646,""right"":7562,""top"":9916,""bottom"":10000},""time"":1731738790021},{""box"":{""left"":8646,""right"":7562,""top"":9916,""bottom"":10000},""time"":1731738791050},{""box"":{""left"":8646,""right"":7562,""top"":9916,""bottom"":10000},""time"":1731738792028},{""box"":{""left"":8646,""right"":7562,""top"":9916,""bottom"":10000},""time"":1731738793008},{""box"":{""left"":8646,""right"":7562,""top"":9916,""bottom"":10000},""time"":1731738794020},{""box"":{""left"":8646,""right"":7562,""top"":9916,""bottom"":10000},""time"":1731738795027},{""box"":{""left"":8646,""right"":7562,""top"":9916,""bottom"":10000},""time"":1731738796001},{""box"":{""left"":8646,""right"":7562,""top"":9916,""bottom"":10000},""time"":1731738797014},{""box"":{""left"":8646,""right"":7562,""top"":9916,""bottom"":10000},""time"":1731738798053},{""box"":{""left"":8646,""right"":7562,""top"":9916,""bottom"":10000},""time"":1731738799030},{""box"":{""left"":8646,""right"":7562,""top"":9916,""bottom"":10000},""time"":1731738800022},{""box"":{""left"":8646,""right"":7562,""top"":9916,""bottom"":10000},""time"":1731738801033},{""box"":{""left"":8646,""right"":7562,""top"":9916,""bottom"":10000},""time"":1731738802045},{""box"":{""left"":8646,""right"":7562,""top"":9916,""bottom"":10000},""time"":1731738803020},{""box"":{""left"":8646,""right"":7562,""top"":9916,""bottom"":10000},""time"":1731738804045},{""box"":{""left"":8646,""right"":7562,""top"":9916,""bottom"":10000},""time"":1731738805011},{""box"":{""left"":8646,""right"":7562,""top"":9916,""bottom"":10000},""time"":1731738806033},{""box"":{""left"":8646,""right"":7562,""top"":9916,""bottom"":10000},""time"":1731738807001},{""box"":{""left"":8646,""right"":7562,""top"":9916,""bottom"":10000},""time"":1731738808008},{""box"":{""left"":8646,""right"":7562,""top"":9916,""bottom"":10000},""time"":1731738809037},{""box"":{""left"":8646,""right"":7562,""top"":9916,""bottom"":10000},""time"":1731738810012},{""box"":{""left"":8646,""right"":7562,""top"":9916,""bottom"":10000},""time"":1731738811034},{""box"":{""left"":8646,""right"":7562,""top"":9916,""bottom"":10000},""time"":1731738812046},{""box"":{""left"":8646,""right"":7562,""top"":9916,""bottom"":10000},""time"":1731738813004},{""box"":{""left"":8646,""right"":7562,""top"":9916,""bottom"":10000},""time"":1731738814021},{""box"":{""left"":8646,""right"":7562,""top"":9916,""bottom"":10000},""time"":1731738815049},{""box"":{""left"":8646,""right"":7562,""top"":9916,""bottom"":10000},""time"":1731738816014},{""box"":{""left"":8646,""right"":7562,""top"":9916,""bottom"":10000},""time"":1731738817038},{""box"":{""left"":8646,""right"":7562,""top"":9916,""bottom"":10000},""time"":1731738818001},{""box"":{""left"":8646,""right"":7562,""top"":9916,""bottom"":10000},""time"":1731738819020},{""box"":{""left"":8646,""right"":7562,""top"":9916,""bottom"":10000},""time"":1731738820034},{""box"":{""left"":8646,""right"":7562,""top"":9916,""bottom"":10000},""time"":1731738821044},{""box"":{""left"":8646,""right"":7562,""top"":9916,""bottom"":10000},""time"":1731738822004},{""box"":{""left"":8646,""right"":7562,""top"":9916,""bottom"":10000},""time"":1731738823044},{""box"":{""left"":8646,""right"":7562,""top"":9916,""bottom"":10000},""time"":1731738824025},{""box"":{""left"":8646,""right"":7562,""top"":9916,""bottom"":10000},""time"":1731738825058},{""box"":{""left"":8646,""right"":7562,""top"":9916,""bottom"":10000},""time"":1731738826018},{""box"":{""left"":8646,""right"":7562,""top"":9916,""bottom"":10000},""time"":1731738827007},{""box"":{""left"":8646,""right"":7562,""top"":9916,""bottom"":10000},""time"":1731738828026},{""box"":{""left"":8646,""right"":7562,""top"":9916,""bottom"":10000},""time"":1731738829048},{""box"":{""left"":8646,""right"":7562,""top"":9916,""bottom"":10000},""time"":1731738830007},{""box"":{""left"":8646,""right"":7562,""top"":9916,""bottom"":10000},""time"":1731738831036},{""box"":{""left"":8646,""right"":7562,""top"":9916,""bottom"":10000},""time"":1731738832007},{""box"":{""left"":8646,""right"":7562,""top"":9916,""bottom"":10000},""time"":1731738833045},{""box"":{""left"":8646,""right"":7562,""top"":9916,""bottom"":10000},""time"":1731738834048},{""box"":{""left"":8646,""right"":7562,""top"":9916,""bottom"":10000},""time"":1731738835060},{""box"":{""left"":8646,""right"":7562,""top"":9916,""bottom"":10000},""time"":1731738836000},{""box"":{""left"":8646,""right"":7562,""top"":9916,""bottom"":10000},""time"":1731738837039},{""box"":{""left"":8646,""right"":7562,""top"":9916,""bottom"":10000},""time"":1731738838014},{""box"":{""left"":8646,""right"":7562,""top"":9916,""bottom"":10000},""time"":1731738839051},{""box"":{""left"":8646,""right"":7562,""top"":9916,""bottom"":10000},""time"":1731738840038},{""box"":{""left"":8646,""right"":7562,""top"":9916,""bottom"":10000},""time"":1731738841005},{""box"":{""left"":8646,""right"":7562,""top"":9916,""bottom"":10000},""time"":1731738842014},{""box"":{""left"":8646,""right"":7562,""top"":9916,""bottom"":10000},""time"":1731738843041},{""box"":{""left"":8646,""right"":7562,""top"":9916,""bottom"":10000},""time"":1731738844009},{""box"":{""left"":8646,""right"":7562,""top"":9916,""bottom"":10000},""time"":1731738845043},{""box"":{""left"":8646,""right"":7562,""top"":9916,""bottom"":10000},""time"":1731738846004},{""box"":{""left"":8646,""right"":7562,""top"":9916,""bottom"":10000},""time"":1731738847052},{""box"":{""left"":8646,""right"":7562,""top"":9916,""bottom"":10000},""time"":1731738848001},{""box"":{""left"":8646,""right"":7562,""top"":9916,""bottom"":10000},""time"":1731738849026},{""box"":{""left"":8646,""right"":7562,""top"":9916,""bottom"":10000},""time"":1731738850000},{""box"":{""left"":8646,""right"":7562,""top"":9916,""bottom"":10000},""time"":1731738851015},{""box"":{""left"":8646,""right"":7562,""top"":9916,""bottom"":10000},""time"":1731738852037},{""box"":{""left"":8646,""right"":7562,""top"":9916,""bottom"":10000},""time"":1731738853050},{""box"":{""left"":8646,""right"":7562,""top"":9916,""bottom"":10000},""time"":1731738854015},{""box"":{""left"":8646,""right"":7562,""top"":9916,""bottom"":10000},""time"":1731738855018},{""box"":{""left"":8646,""right"":7562,""top"":9916,""bottom"":10000},""time"":1731738856032},{""box"":{""left"":8646,""right"":7562,""top"":9916,""bottom"":10000},""time"":1731738857005},{""box"":{""left"":8646,""right"":7562,""top"":9916,""bottom"":10000},""time"":1731738858028},{""box"":{""left"":8646,""right"":7562,""top"":9916,""bottom"":10000},""time"":1731738859043},{""box"":{""left"":8646,""right"":7562,""top"":9916,""bottom"":10000},""time"":1731738860027},{""box"":{""left"":8646,""right"":7562,""top"":9916,""bottom"":10000},""time"":1731738861003},{""box"":{""left"":8646,""right"":7562,""top"":9916,""bottom"":10000},""time"":1731738862024},{""box"":{""left"":8646,""right"":7562,""top"":9916,""bottom"":10000},""time"":1731738863004},{""box"":{""left"":8646,""right"":7562,""top"":9916,""bottom"":10000},""time"":1731738864003},{""box"":{""left"":8646,""right"":7562,""top"":9916,""bottom"":10000},""time"":1731738865028},{""box"":{""left"":8646,""right"":7562,""top"":9916,""bottom"":10000},""time"":1731738866013},{""box"":{""left"":8646,""right"":7562,""top"":9916,""bottom"":10000},""time"":1731738867039},{""box"":{""left"":8646,""right"":7562,""top"":9916,""bottom"":10000},""time"":1731738868002},{""box"":{""left"":8646,""right"":7562,""top"":9916,""bottom"":10000},""time"":1731738869022},{""box"":{""left"":8646,""right"":7562,""top"":9916,""bottom"":10000},""time"":1731738870050},{""box"":{""left"":8646,""right"":7562,""top"":9916,""bottom"":10000},""time"":1731738871012},{""box"":{""left"":8646,""right"":7562,""top"":9916,""bottom"":10000},""time"":1731738872024},{""box"":{""left"":8646,""right"":7562,""top"":9916,""bottom"":10000},""time"":1731738873041},{""box"":{""left"":8646,""right"":7562,""top"":9916,""bottom"":10000},""time"":1731738874027},{""box"":{""left"":8646,""right"":7562,""top"":9916,""bottom"":10000},""time"":1731738875049},{""box"":{""left"":8646,""right"":7562,""top"":9916,""bottom"":10000},""time"":1731738876027},{""box"":{""left"":8646,""right"":7562,""top"":9916,""bottom"":10000},""time"":1731738877043},{""box"":{""left"":8646,""right"":7562,""top"":9916,""bottom"":10000},""time"":1731738878019},{""box"":{""left"":8646,""right"":7562,""top"":9916,""bottom"":10000},""time"":1731738879008},{""box"":{""left"":8646,""right"":7562,""top"":9916,""bottom"":10000},""time"":1731738880026},{""box"":{""left"":8646,""right"":7562,""top"":9916,""bottom"":10000},""time"":1731738881051},{""box"":{""left"":8646,""right"":7562,""top"":9916,""bottom"":10000},""time"":1731738882035},{""box"":{""left"":8646,""right"":7562,""top"":9916,""bottom"":10000},""time"":1731738883022},{""box"":{""left"":8646,""right"":7562,""top"":9916,""bottom"":10000},""time"":1731738884041},{""box"":{""left"":8646,""right"":7562,""top"":9916,""bottom"":10000},""time"":1731738885013},{""box"":{""left"":8646,""right"":7562,""top"":9916,""bottom"":10000},""time"":1731738886060},{""box"":{""left"":8646,""right"":7562,""top"":9916,""bottom"":10000},""time"":1731738887021},{""box"":{""left"":8646,""right"":7562,""top"":9916,""bottom"":10000},""time"":1731738888045},{""box"":{""left"":8646,""right"":7562,""top"":9916,""bottom"":10000},""time"":1731738889018},{""box"":{""left"":8646,""right"":7562,""top"":9916,""bottom"":10000},""time"":1731738890039},{""box"":{""left"":8646,""right"":7562,""top"":9916,""bottom"":10000},""time"":1731738891018},{""box"":{""left"":8646,""right"":7562,""top"":9916,""bottom"":10000},""time"":1731738892038},{""box"":{""left"":8646,""right"":7562,""top"":9916,""bottom"":10000},""time"":1731738893005},{""box"":{""left"":8646,""right"":7562,""top"":9916,""bottom"":10000},""time"":1731738894039},{""box"":{""left"":8646,""right"":7562,""top"":9916,""bottom"":10000},""time"":1731738895004},{""box"":{""left"":8646,""right"":7562,""top"":9916,""bottom"":10000},""time"":1731738896024},{""box"":{""left"":8646,""right"":7562,""top"":9916,""bottom"":10000},""time"":1731738897048},{""box"":{""left"":8646,""right"":7562,""top"":9916,""bottom"":10000},""time"":1731738898023},{""box"":{""left"":8646,""right"":7562,""top"":9916,""bottom"":10000},""time"":1731738899048},{""box"":{""left"":8646,""right"":7562,""top"":9916,""bottom"":10000},""time"":1731738900020},{""box"":{""left"":8646,""right"":7562,""top"":9916,""bottom"":10000},""time"":1731738901003},{""box"":{""left"":8646,""right"":7562,""top"":9916,""bottom"":10000},""time"":1731738902026},{""box"":{""left"":8646,""right"":7562,""top"":9916,""bottom"":10000},""time"":1731738903038},{""box"":{""left"":8646,""right"":7562,""top"":9916,""bottom"":10000},""time"":1731738904008},{""box"":{""left"":8646,""right"":7562,""top"":9916,""bottom"":10000},""time"":1731738905039}",,,,,
14301,Person,2024-11-16 15:32:44,2024-11-16 15:32:53,"{""box"":{""left"":6931,""right"":2561,""top"":7225,""bottom"":4311},""time"":1731738764062},{""box"":{""left"":6931,""right"":2561,""top"":7225,""bottom"":4311},""time"":1731738765418},{""box"":{""left"":6931,""right"":2561,""top"":7225,""bottom"":4311},""time"":1731738766172},{""box"":{""left"":6931,""right"":2561,""top"":7225,""bottom"":4311},""time"":1731738767011},{""box"":{""left"":6931,""right"":2561,""top"":7225,""bottom"":4311},""time"":1731738768323},{""box"":{""left"":6931,""right"":2561,""top"":7225,""bottom"":4311},""time"":1731738769008},{""box"":{""left"":6931,""right"":2561,""top"":7225,""bottom"":4311},""time"":1731738770008},{""box"":{""left"":6931,""right"":2561,""top"":7225,""bottom"":4311},""time"":1731738771015},{""box"":{""left"":6931,""right"":2561,""top"":7225,""bottom"":4311},""time"":1731738772037},{""box"":{""left"":6931,""right"":2561,""top"":7225,""bottom"":4311},""time"":1731738773016}",,,,,
14303,Person,2024-11-16 15:32:49,2024-11-16 15:32:49,"{""box"":{""left"":5952,""right"":1873,""top"":6116,""bottom"":2742},""time"":1731738769412}",,,,,
14304,Person,2024-11-16 15:32:48,2024-11-16 15:32:49,"{""box"":{""left"":886,""right"":4916,""top"":1661,""bottom"":8312},""time"":1731738768891}",,,,,
14305,Face,2024-11-16 15:32:49,2024-11-16 15:32:50,"{""box"":{""left"":5945,""right"":4569,""top"":6289,""bottom"":5102},""time"":1731738769991}","55,64",male,,,
14306,Person,2024-11-16 15:32:54,2024-11-16 15:33:00,"{""box"":{""left"":2062,""right"":2697,""top"":2312,""bottom"":4187},""time"":1731738774668},{""box"":{""left"":2062,""right"":2697,""top"":2312,""bottom"":4187},""time"":1731738776040},{""box"":{""left"":2062,""right"":2697,""top"":2312,""bottom"":4187},""time"":1731738777023},{""box"":{""left"":2062,""right"":2697,""top"":2312,""bottom"":4187},""time"":1731738778052},{""box"":{""left"":2062,""right"":2697,""top"":2312,""bottom"":4187},""time"":1731738779571},{""box"":{""left"":2062,""right"":2697,""top"":2312,""bottom"":4187},""time"":1731738780037}",,,,,
14307,Person,2024-11-16 15:32:57,2024-11-16 15:32:58,"{""box"":{""left"":7028,""right"":2032,""top"":7185,""bottom"":2915},""time"":1731738777822}",,,,,
14308,Person,2024-11-16 15:32:57,2024-11-16 15:33:13,"{""box"":{""left"":6987,""right"":8125,""top"":8187,""bottom"":10000},""time"":1731738777943},{""box"":{""left"":6987,""right"":8125,""top"":8187,""bottom"":10000},""time"":1731738778061},{""box"":{""left"":6987,""right"":8125,""top"":8187,""bottom"":10000},""time"":1731738779023},{""box"":{""left"":6987,""right"":8125,""top"":8187,""bottom"":10000},""time"":1731738780042},{""box"":{""left"":6987,""right"":8125,""top"":8187,""bottom"":10000},""time"":1731738781047},{""box"":{""left"":6987,""right"":8125,""top"":8187,""bottom"":10000},""time"":1731738782020},{""box"":{""left"":6987,""right"":8125,""top"":8187,""bottom"":10000},""time"":1731738783044},{""box"":{""left"":6987,""right"":8125,""top"":8187,""bottom"":10000},""time"":1731738784004},{""box"":{""left"":6987,""right"":8125,""top"":8187,""bottom"":10000},""time"":1731738785030},{""box"":{""left"":6987,""right"":8125,""top"":8187,""bottom"":10000},""time"":1731738786026},{""box"":{""left"":6987,""right"":8125,""top"":8187,""bottom"":10000},""time"":1731738787001},{""box"":{""left"":6987,""right"":8125,""top"":8187,""bottom"":10000},""time"":1731738788067},{""box"":{""left"":6987,""right"":8125,""top"":8187,""bottom"":10000},""time"":1731738789013},{""box"":{""left"":6987,""right"":8125,""top"":8187,""bottom"":10000},""time"":1731738790029},{""box"":{""left"":6987,""right"":8125,""top"":8187,""bottom"":10000},""time"":1731738791000},{""box"":{""left"":6987,""right"":8125,""top"":8187,""bottom"":10000},""time"":1731738792087},{""box"":{""left"":6987,""right"":8125,""top"":8187,""bottom"":10000},""time"":1731738793004}",,,,,
14309,Person,2024-11-16 15:33:04,2024-11-16 15:33:12,"{""box"":{""left"":1775,""right"":2967,""top"":2074,""bottom"":4696},""time"":1731738784691},{""box"":{""left"":1775,""right"":2967,""top"":2074,""bottom"":4696},""time"":1731738786095},{""box"":{""left"":1775,""right"":2967,""top"":2074,""bottom"":4696},""time"":1731738787005},{""box"":{""left"":1775,""right"":2967,""top"":2074,""bottom"":4696},""time"":1731738788005},{""box"":{""left"":1775,""right"":2967,""top"":2074,""bottom"":4696},""time"":1731738789016},{""box"":{""left"":1775,""right"":2967,""top"":2074,""bottom"":4696},""time"":1731738790033},{""box"":{""left"":1775,""right"":2967,""top"":2074,""bottom"":4696},""time"":1731738791004},{""box"":{""left"":1775,""right"":2967,""top"":2074,""bottom"":4696},""time"":1731738792091}",,,,,
14310,Face,2024-11-16 15:33:05,2024-11-16 15:33:05,"{""box"":{""left"":5965,""right"":4773,""top"":6331,""bottom"":5273},""time"":1731738785086}","6,12",male,,,
14311,Person,2024-11-16 15:33:05,2024-11-16 15:33:14,"{""box"":{""left"":1743,""right"":2454,""top"":1955,""bottom"":3491},""time"":1731738785702},{""box"":{""left"":1743,""right"":2454,""top"":1955,""bottom"":3491},""time"":1731738786100},{""box"":{""left"":1743,""right"":2454,""top"":1955,""bottom"":3491},""time"":1731738787009},{""box"":{""left"":1743,""right"":2454,""top"":1955,""bottom"":3491},""time"":1731738788009},{""box"":{""left"":1743,""right"":2454,""top"":1955,""bottom"":3491},""time"":1731738789020},{""box"":{""left"":1743,""right"":2454,""top"":1955,""bottom"":3491},""time"":1731738790037},{""box"":{""left"":1743,""right"":2454,""top"":1955,""bottom"":3491},""time"":1731738791007},{""box"":{""left"":1743,""right"":2454,""top"":1955,""bottom"":3491},""time"":1731738792096},{""box"":{""left"":1743,""right"":2454,""top"":1955,""bottom"":3491},""time"":1731738793016},{""box"":{""left"":1743,""right"":2454,""top"":1955,""bottom"":3491},""time"":1731738794025}",,,,,
14312,Face,2024-11-16 15:33:12,2024-11-16 15:33:19,"{""box"":{""left"":5965,""right"":4773,""top"":6331,""bottom"":5273},""time"":1731738792492}","45,54",male,,,
14313,Person,2024-11-16 15:33:15,2024-11-16 15:33:16,"{""box"":{""left"":900,""right"":5062,""top"":1837,""bottom"":8687},""time"":1731738795201},{""box"":{""left"":900,""right"":5062,""top"":1837,""bottom"":8687},""time"":1731738796088}",,,,,
14314,Person,2024-11-16 15:33:15,2024-11-16 15:33:15,"{""box"":{""left"":881,""right"":4875,""top"":1493,""bottom"":6875},""time"":1731738795497}",,,,,
14315,Person,2024-11-16 15:33:17,2024-11-16 15:33:27,"{""box"":{""left"":6781,""right"":2416,""top"":7200,""bottom"":4145},""time"":1731738797636},{""box"":{""left"":6781,""right"":2416,""top"":7200,""bottom"":4145},""time"":1731738798003},{""box"":{""left"":6781,""right"":2416,""top"":7200,""bottom"":4145},""time"":1731738799038},{""box"":{""left"":6781,""right"":2416,""top"":7200,""bottom"":4145},""time"":1731738800027},{""box"":{""left"":6781,""right"":2416,""top"":7200,""bottom"":4145},""time"":1731738801043},{""box"":{""left"":6781,""right"":2416,""top"":7200,""bottom"":4145},""time"":1731738802003},{""box"":{""left"":6781,""right"":2416,""top"":7200,""bottom"":4145},""time"":1731738803025},{""box"":{""left"":6781,""right"":2416,""top"":7200,""bottom"":4145},""time"":1731738804054},{""box"":{""left"":6781,""right"":2416,""top"":7200,""bottom"":4145},""time"":1731738805020},{""box"":{""left"":6781,""right"":2416,""top"":7200,""bottom"":4145},""time"":1731738806037},{""box"":{""left"":6781,""right"":2416,""top"":7200,""bottom"":4145},""time"":1731738807068}",,,,,
14316,Person,2024-11-16 15:33:18,2024-11-16 15:33:31,"{""box"":{""left"":6906,""right"":2656,""top"":7206,""bottom"":4364},""time"":1731738798180},{""box"":{""left"":6906,""right"":2656,""top"":7206,""bottom"":4364},""time"":1731738799042},{""box"":{""left"":6906,""right"":2656,""top"":7206,""bottom"":4364},""time"":1731738800031},{""box"":{""left"":6906,""right"":2656,""top"":7206,""bottom"":4364},""time"":1731738801047},{""box"":{""left"":6906,""right"":2656,""top"":7206,""bottom"":4364},""time"":1731738802007},{""box"":{""left"":6906,""right"":2656,""top"":7206,""bottom"":4364},""time"":1731738803029},{""box"":{""left"":6906,""right"":2656,""top"":7206,""bottom"":4364},""time"":1731738804058},{""box"":{""left"":6906,""right"":2656,""top"":7206,""bottom"":4364},""time"":1731738805024},{""box"":{""left"":6906,""right"":2656,""top"":7206,""bottom"":4364},""time"":1731738806041},{""box"":{""left"":6906,""right"":2656,""top"":7206,""bottom"":4364},""time"":1731738807006},{""box"":{""left"":6906,""right"":2656,""top"":7206,""bottom"":4364},""time"":1731738808017},{""box"":{""left"":6906,""right"":2656,""top"":7206,""bottom"":4364},""time"":1731738809046},{""box"":{""left"":6906,""right"":2656,""top"":7206,""bottom"":4364},""time"":1731738810020},{""box"":{""left"":6906,""right"":2656,""top"":7206,""bottom"":4364},""time"":1731738811042}",,,,,
14317,Person,2024-11-16 15:33:25,2024-11-16 15:33:26,"{""box"":{""left"":9287,""right"":6082,""top"":10000,""bottom"":8957},""time"":1731738805588},{""box"":{""left"":9287,""right"":6082,""top"":10000,""bottom"":8957},""time"":1731738806045}",,,,,
14318,Person,2024-11-16 15:33:27,2024-11-16 15:33:28,"{""box"":{""left"":8287,""right"":4416,""top"":8743,""bottom"":5927},""time"":1731738807244},{""box"":{""left"":8287,""right"":4416,""top"":8743,""bottom"":5927},""time"":1731738808021}",,,,,
14319,Person,2024-11-16 15:33:28,2024-11-16 15:33:37,"{""box"":{""left"":6900,""right"":2625,""top"":7200,""bottom"":4072},""time"":1731738808131},{""box"":{""left"":6900,""right"":2625,""top"":7200,""bottom"":4072},""time"":1731738809050},{""box"":{""left"":6900,""right"":2625,""top"":7200,""bottom"":4072},""time"":1731738810024},{""box"":{""left"":6900,""right"":2625,""top"":7200,""bottom"":4072},""time"":1731738811046},{""box"":{""left"":6900,""right"":2625,""top"":7200,""bottom"":4072},""time"":1731738812054},{""box"":{""left"":6900,""right"":2625,""top"":7200,""bottom"":4072},""time"":1731738813012},{""box"":{""left"":6900,""right"":2625,""top"":7200,""bottom"":4072},""time"":1731738814026},{""box"":{""left"":6900,""right"":2625,""top"":7200,""bottom"":4072},""time"":1731738815060},{""box"":{""left"":6900,""right"":2625,""top"":7200,""bottom"":4072},""time"":1731738816023},{""box"":{""left"":6900,""right"":2625,""top"":7200,""bottom"":4072},""time"":1731738817042}",,,,,
14320,Person,2024-11-16 15:33:28,2024-11-16 15:33:30,"{""box"":{""left"":2205,""right"":2895,""top"":2533,""bottom"":4729},""time"":1731738808421},{""box"":{""left"":2205,""right"":2895,""top"":2533,""bottom"":4729},""time"":1731738809054},{""box"":{""left"":2205,""right"":2895,""top"":2533,""bottom"":4729},""time"":1731738810028}",,,,,
14321,Person,2024-11-16 15:33:29,2024-11-16 15:33:38,"{""box"":{""left"":6955,""right"":2635,""top"":7199,""bottom"":4489},""time"":1731738809628},{""box"":{""left"":6955,""right"":2635,""top"":7199,""bottom"":4489},""time"":1731738811050},{""box"":{""left"":6955,""right"":2635,""top"":7199,""bottom"":4489},""time"":1731738812002},{""box"":{""left"":6955,""right"":2635,""top"":7199,""bottom"":4489},""time"":1731738813017},{""box"":{""left"":6955,""right"":2635,""top"":7199,""bottom"":4489},""time"":1731738814030},{""box"":{""left"":6955,""right"":2635,""top"":7199,""bottom"":4489},""time"":1731738815065},{""box"":{""left"":6955,""right"":2635,""top"":7199,""bottom"":4489},""time"":1731738816027},{""box"":{""left"":6955,""right"":2635,""top"":7199,""bottom"":4489},""time"":1731738817047},{""box"":{""left"":6955,""right"":2635,""top"":7199,""bottom"":4489},""time"":1731738818006}",,,,,
14322,Person,2024-11-16 15:33:30,2024-11-16 15:33:32,"{""box"":{""left"":5962,""right"":1770,""top"":6106,""bottom"":2510},""time"":1731738810659},{""box"":{""left"":5962,""right"":1770,""top"":6106,""bottom"":2510},""time"":1731738811950},{""box"":{""left"":5962,""right"":1770,""top"":6106,""bottom"":2510},""time"":1731738812007}",,,,,
14323,Person,2024-11-16 15:33:31,2024-11-16 15:33:33,"{""box"":{""left"":961,""right"":4375,""top"":1661,""bottom"":7604},""time"":1731738811827},{""box"":{""left"":961,""right"":4375,""top"":1661,""bottom"":7604},""time"":1731738812012},{""box"":{""left"":961,""right"":4375,""top"":1661,""bottom"":7604},""time"":1731738813021}",,,,,
14324,Person,2024-11-16 15:33:32,2024-11-16 15:33:33,"{""box"":{""left"":1050,""right"":5104,""top"":1837,""bottom"":8395},""time"":1731738812575},{""box"":{""left"":1050,""right"":5104,""top"":1837,""bottom"":8395},""time"":1731738813025}",,,,,
14325,Person,2024-11-16 15:33:35,2024-11-16 15:33:37,"{""box"":{""left"":6906,""right"":2500,""top"":7193,""bottom"":4052},""time"":1731738815163},{""box"":{""left"":6906,""right"":2500,""top"":7193,""bottom"":4052},""time"":1731738816032},{""box"":{""left"":6906,""right"":2500,""top"":7193,""bottom"":4052},""time"":1731738817051}",,,,,
14326,Person,2024-11-16 15:33:36,2024-11-16 15:33:45,"{""box"":{""left"":6708,""right"":2669,""top"":7095,""bottom"":4518},""time"":1731738816138},{""box"":{""left"":6708,""right"":2669,""top"":7095,""bottom"":4518},""time"":1731738817002},{""box"":{""left"":6708,""right"":2669,""top"":7095,""bottom"":4518},""time"":1731738818011},{""box"":{""left"":6708,""right"":2669,""top"":7095,""bottom"":4518},""time"":1731738819030},{""box"":{""left"":6708,""right"":2669,""top"":7095,""bottom"":4518},""time"":1731738820043},{""box"":{""left"":6708,""right"":2669,""top"":7095,""bottom"":4518},""time"":1731738821050},{""box"":{""left"":6708,""right"":2669,""top"":7095,""bottom"":4518},""time"":1731738822007},{""box"":{""left"":6708,""right"":2669,""top"":7095,""bottom"":4518},""time"":1731738823047},{""box"":{""left"":6708,""right"":2669,""top"":7095,""bottom"":4518},""time"":1731738824195},{""box"":{""left"":6708,""right"":2669,""top"":7095,""bottom"":4518},""time"":1731738825061}",,,,,
14327,Person,2024-11-16 15:33:36,2024-11-16 15:33:37,"{""box"":{""left"":7006,""right"":2052,""top"":7212,""bottom"":3300},""time"":1731738816661}",,,,,
14328,Person,2024-11-16 15:33:38,2024-11-16 15:33:38,"{""box"":{""left"":7375,""right"":4458,""top"":7987,""bottom"":5208},""time"":1731738818236}",,,,,
14329,Person,2024-11-16 15:33:39,2024-11-16 15:33:44,"{""box"":{""left"":5025,""right"":2750,""top"":5406,""bottom"":4739},""time"":1731738819208},{""box"":{""left"":5025,""right"":2750,""top"":5406,""bottom"":4739},""time"":1731738820047},{""box"":{""left"":5025,""right"":2750,""top"":5406,""bottom"":4739},""time"":1731738821052},{""box"":{""left"":5025,""right"":2750,""top"":5406,""bottom"":4739},""time"":1731738822009},{""box"":{""left"":5025,""right"":2750,""top"":5406,""bottom"":4739},""time"":1731738823049},{""box"":{""left"":5025,""right"":2750,""top"":5406,""bottom"":4739},""time"":1731738824028}",,,,,
14330,Person,2024-11-16 15:33:39,2024-11-16 15:33:43,"{""box"":{""left"":6975,""right"":2135,""top"":7237,""bottom"":3979},""time"":1731738819758},{""box"":{""left"":6975,""right"":2135,""top"":7237,""bottom"":3979},""time"":1731738820052},{""box"":{""left"":6975,""right"":2135,""top"":7237,""bottom"":3979},""time"":1731738821055},{""box"":{""left"":6975,""right"":2135,""top"":7237,""bottom"":3979},""time"":1731738822012},{""box"":{""left"":6975,""right"":2135,""top"":7237,""bottom"":3979},""time"":1731738823167}",,,,,
14331,Person,2024-11-16 15:33:39,2024-11-16 15:33:43,"{""box"":{""left"":7293,""right"":4406,""top"":7843,""bottom"":5187},""time"":1731738819987},{""box"":{""left"":7293,""right"":4406,""top"":7843,""bottom"":5187},""time"":1731738820056},{""box"":{""left"":7293,""right"":4406,""top"":7843,""bottom"":5187},""time"":1731738821108},{""box"":{""left"":7293,""right"":4406,""top"":7843,""bottom"":5187},""time"":1731738822014},{""box"":{""left"":7293,""right"":4406,""top"":7843,""bottom"":5187},""time"":1731738823052}",,,,,
14332,Person,2024-11-16 15:33:40,2024-11-16 15:33:57,"{""box"":{""left"":6918,""right"":2676,""top"":7200,""bottom"":4374},""time"":1731738820883},{""box"":{""left"":6918,""right"":2676,""top"":7200,""bottom"":4374},""time"":1731738822184},{""box"":{""left"":6918,""right"":2676,""top"":7200,""bottom"":4374},""time"":1731738823054},{""box"":{""left"":6918,""right"":2676,""top"":7200,""bottom"":4374},""time"":1731738824030},{""box"":{""left"":6918,""right"":2676,""top"":7200,""bottom"":4374},""time"":1731738825063},{""box"":{""left"":6918,""right"":2676,""top"":7200,""bottom"":4374},""time"":1731738826023},{""box"":{""left"":6918,""right"":2676,""top"":7200,""bottom"":4374},""time"":1731738827010},{""box"":{""left"":6918,""right"":2676,""top"":7200,""bottom"":4374},""time"":1731738828029},{""box"":{""left"":6918,""right"":2676,""top"":7200,""bottom"":4374},""time"":1731738829051},{""box"":{""left"":6918,""right"":2676,""top"":7200,""bottom"":4374},""time"":1731738830012},{""box"":{""left"":6918,""right"":2676,""top"":7200,""bottom"":4374},""time"":1731738831040},{""box"":{""left"":6918,""right"":2676,""top"":7200,""bottom"":4374},""time"":1731738832015},{""box"":{""left"":6918,""right"":2676,""top"":7200,""bottom"":4374},""time"":1731738833054},{""box"":{""left"":6918,""right"":2676,""top"":7200,""bottom"":4374},""time"":1731738834053},{""box"":{""left"":6918,""right"":2676,""top"":7200,""bottom"":4374},""time"":1731738835298},{""box"":{""left"":6918,""right"":2676,""top"":7200,""bottom"":4374},""time"":1731738836301},{""box"":{""left"":6918,""right"":2676,""top"":7200,""bottom"":4374},""time"":1731738837043}",,,,,
14333,Person,2024-11-16 15:33:42,2024-11-16 15:33:47,"{""box"":{""left"":3015,""right"":7327,""top"":5066,""bottom"":10000},""time"":1731738822706},{""box"":{""left"":3015,""right"":7327,""top"":5066,""bottom"":10000},""time"":1731738823114},{""box"":{""left"":3015,""right"":7327,""top"":5066,""bottom"":10000},""time"":1731738824033},{""box"":{""left"":3015,""right"":7327,""top"":5066,""bottom"":10000},""time"":1731738825001},{""box"":{""left"":3015,""right"":7327,""top"":5066,""bottom"":10000},""time"":1731738826026},{""box"":{""left"":3015,""right"":7327,""top"":5066,""bottom"":10000},""time"":1731738827013}",,,,,
14334,Person,2024-11-16 15:33:43,2024-11-16 15:33:53,"{""box"":{""left"":3752,""right"":5210,""top"":4775,""bottom"":9568},""time"":1731738823812},{""box"":{""left"":3752,""right"":5210,""top"":4775,""bottom"":9568},""time"":1731738824035},{""box"":{""left"":3752,""right"":5210,""top"":4775,""bottom"":9568},""time"":1731738825004},{""box"":{""left"":3752,""right"":5210,""top"":4775,""bottom"":9568},""time"":1731738826028},{""box"":{""left"":3752,""right"":5210,""top"":4775,""bottom"":9568},""time"":1731738827015},{""box"":{""left"":3752,""right"":5210,""top"":4775,""bottom"":9568},""time"":1731738828031},{""box"":{""left"":3752,""right"":5210,""top"":4775,""bottom"":9568},""time"":1731738829002},{""box"":{""left"":3752,""right"":5210,""top"":4775,""bottom"":9568},""time"":1731738830015},{""box"":{""left"":3752,""right"":5210,""top"":4775,""bottom"":9568},""time"":1731738831045},{""box"":{""left"":3752,""right"":5210,""top"":4775,""bottom"":9568},""time"":1731738832019},{""box"":{""left"":3752,""right"":5210,""top"":4775,""bottom"":9568},""time"":1731738833000}",,,,,
14335,Person,2024-11-16 15:33:43,2024-11-16 15:34:08,"{""box"":{""left"":1868,""right"":3420,""top"":2284,""bottom"":5491},""time"":1731738823977},{""box"":{""left"":1868,""right"":3420,""top"":2284,""bottom"":5491},""time"":1731738824207},{""box"":{""left"":1868,""right"":3420,""top"":2284,""bottom"":5491},""time"":1731738825203},{""box"":{""left"":1868,""right"":3420,""top"":2284,""bottom"":5491},""time"":1731738826031},{""box"":{""left"":1868,""right"":3420,""top"":2284,""bottom"":5491},""time"":1731738827018},{""box"":{""left"":1868,""right"":3420,""top"":2284,""bottom"":5491},""time"":1731738828034},{""box"":{""left"":1868,""right"":3420,""top"":2284,""bottom"":5491},""time"":1731738829004},{""box"":{""left"":1868,""right"":3420,""top"":2284,""bottom"":5491},""time"":1731738830018},{""box"":{""left"":1868,""right"":3420,""top"":2284,""bottom"":5491},""time"":1731738831049},{""box"":{""left"":1868,""right"":3420,""top"":2284,""bottom"":5491},""time"":1731738832024},{""box"":{""left"":1868,""right"":3420,""top"":2284,""bottom"":5491},""time"":1731738833004},{""box"":{""left"":1868,""right"":3420,""top"":2284,""bottom"":5491},""time"":1731738834043},{""box"":{""left"":1868,""right"":3420,""top"":2284,""bottom"":5491},""time"":1731738835303},{""box"":{""left"":1868,""right"":3420,""top"":2284,""bottom"":5491},""time"":1731738836418},{""box"":{""left"":1868,""right"":3420,""top"":2284,""bottom"":5491},""time"":1731738837035},{""box"":{""left"":1868,""right"":3420,""top"":2284,""bottom"":5491},""time"":1731738838133},{""box"":{""left"":1868,""right"":3420,""top"":2284,""bottom"":5491},""time"":1731738839057},{""box"":{""left"":1868,""right"":3420,""top"":2284,""bottom"":5491},""time"":1731738840040},{""box"":{""left"":1868,""right"":3420,""top"":2284,""bottom"":5491},""time"":1731738841002},{""box"":{""left"":1868,""right"":3420,""top"":2284,""bottom"":5491},""time"":1731738842377},{""box"":{""left"":1868,""right"":3420,""top"":2284,""bottom"":5491},""time"":1731738843159},{""box"":{""left"":1868,""right"":3420,""top"":2284,""bottom"":5491},""time"":1731738844015},{""box"":{""left"":1868,""right"":3420,""top"":2284,""bottom"":5491},""time"":1731738845048},{""box"":{""left"":1868,""right"":3420,""top"":2284,""bottom"":5491},""time"":1731738846009},{""box"":{""left"":1868,""right"":3420,""top"":2284,""bottom"":5491},""time"":1731738847056},{""box"":{""left"":1868,""right"":3420,""top"":2284,""bottom"":5491},""time"":1731738848006}",,,,,
14337,Person,2024-11-16 15:33:45,2024-11-16 15:33:47,"{""box"":{""left"":961,""right"":4687,""top"":1661,""bottom"":7604},""time"":1731738825701},{""box"":{""left"":961,""right"":4687,""top"":1661,""bottom"":7604},""time"":1731738826033},{""box"":{""left"":961,""right"":4687,""top"":1661,""bottom"":7604},""time"":1731738827234}",,,,,
14338,Person,2024-11-16 15:33:46,2024-11-16 15:33:59,"{""box"":{""left"":4626,""right"":2558,""top"":5082,""bottom"":5349},""time"":1731738826842},{""box"":{""left"":4626,""right"":2558,""top"":5082,""bottom"":5349},""time"":1731738827302},{""box"":{""left"":4626,""right"":2558,""top"":5082,""bottom"":5349},""time"":1731738828036},{""box"":{""left"":4626,""right"":2558,""top"":5082,""bottom"":5349},""time"":1731738829007},{""box"":{""left"":4626,""right"":2558,""top"":5082,""bottom"":5349},""time"":1731738830021},{""box"":{""left"":4626,""right"":2558,""top"":5082,""bottom"":5349},""time"":1731738831053},{""box"":{""left"":4626,""right"":2558,""top"":5082,""bottom"":5349},""time"":1731738832028},{""box"":{""left"":4626,""right"":2558,""top"":5082,""bottom"":5349},""time"":1731738833009},{""box"":{""left"":4626,""right"":2558,""top"":5082,""bottom"":5349},""time"":1731738834062},{""box"":{""left"":4626,""right"":2558,""top"":5082,""bottom"":5349},""time"":1731738835308},{""box"":{""left"":4626,""right"":2558,""top"":5082,""bottom"":5349},""time"":1731738836422},{""box"":{""left"":4626,""right"":2558,""top"":5082,""bottom"":5349},""time"":1731738837050},{""box"":{""left"":4626,""right"":2558,""top"":5082,""bottom"":5349},""time"":1731738838136},{""box"":{""left"":4626,""right"":2558,""top"":5082,""bottom"":5349},""time"":1731738839059}",,,,,
14339,Person,2024-11-16 15:33:46,2024-11-16 15:33:47,"{""box"":{""left"":1028,""right"":5093,""top"":1885,""bottom"":8904},""time"":1731738826423},{""box"":{""left"":1028,""right"":5093,""top"":1885,""bottom"":8904},""time"":1731738827305}",,,,,
14340,Face,2024-11-16 15:33:46,2024-11-16 15:33:46,"{""box"":{""left"":5830,""right"":4460,""top"":6153,""bottom"":4960},""time"":1731738826829}","6,12",male,,,
14341,Person,2024-11-16 15:33:48,2024-11-16 15:33:50,"{""box"":{""left"":2000,""right"":2845,""top"":2362,""bottom"":4581},""time"":1731738828209},{""box"":{""left"":2000,""right"":2845,""top"":2362,""bottom"":4581},""time"":1731738829606},{""box"":{""left"":2000,""right"":2845,""top"":2362,""bottom"":4581},""time"":1731738830024}",,,,,
14342,Face,2024-11-16 15:33:49,2024-11-16 15:33:49,"{""box"":{""left"":5820,""right"":4523,""top"":6164,""bottom"":5023},""time"":1731738829656}","6,12",male,,,
14343,Face,2024-11-16 15:33:55,2024-11-16 15:33:55,"{""box"":{""left"":5820,""right"":4538,""top"":6164,""bottom"":5007},""time"":1731738835718}","6,12",female,,,
14344,Person,2024-11-16 15:33:56,2024-11-16 15:33:57,"{""box"":{""left"":7012,""right"":2099,""top"":7224,""bottom"":3088},""time"":1731738836425}",,,,,
14346,Person,2024-11-16 15:33:56,2024-11-16 15:33:57,"{""box"":{""left"":302,""right"":5424,""top"":1407,""bottom"":9486},""time"":1731738836831},{""box"":{""left"":302,""right"":5424,""top"":1407,""bottom"":9486},""time"":1731738837058}",,,,,
14347,Person,2024-11-16 15:33:59,2024-11-16 15:34:00,"{""box"":{""left"":6512,""right"":1967,""top"":6650,""bottom"":2759},""time"":1731738839061}",,,,,
14348,Face,2024-11-16 15:33:59,2024-11-16 15:33:59,"{""box"":{""left"":5809,""right"":4569,""top"":6175,""bottom"":5102},""time"":1731738839820}","6,12",male,,,
14349,Person,2024-11-16 15:34:02,2024-11-16 15:34:02,"{""box"":{""left"":5956,""right"":1687,""top"":6093,""bottom"":2468},""time"":1731738842942}",,,,,
14350,Face,2024-11-16 15:34:06,2024-11-16 15:34:08,"{""box"":{""left"":5903,""right"":4646,""top"":6268,""bottom"":5212},""time"":1731738846923}","65,",male,,,
14351,Person,2024-11-16 15:34:12,2024-11-16 15:34:13,"{""box"":{""left"":0,""right"":5895,""top"":1012,""bottom"":9687},""time"":1731738852602},{""box"":{""left"":0,""right"":5895,""top"":1012,""bottom"":9687},""time"":1731738853001}",,,,,
14352,Person,2024-11-16 15:34:14,2024-11-16 15:34:25,"{""box"":{""left"":1756,""right"":2489,""top"":1912,""bottom"":3499},""time"":1731738854410},{""box"":{""left"":1756,""right"":2489,""top"":1912,""bottom"":3499},""time"":1731738858039},{""box"":{""left"":1756,""right"":2489,""top"":1912,""bottom"":3499},""time"":1731738859001},{""box"":{""left"":1756,""right"":2489,""top"":1912,""bottom"":3499},""time"":1731738860033},{""box"":{""left"":1756,""right"":2489,""top"":1912,""bottom"":3499},""time"":1731738861008},{""box"":{""left"":1756,""right"":2489,""top"":1912,""bottom"":3499},""time"":1731738862034},{""box"":{""left"":1756,""right"":2489,""top"":1912,""bottom"":3499},""time"":1731738863010},{""box"":{""left"":1756,""right"":2489,""top"":1912,""bottom"":3499},""time"":1731738864014},{""box"":{""left"":1756,""right"":2489,""top"":1912,""bottom"":3499},""time"":1731738865102}",,,,,
14353,Person,2024-11-16 15:34:14,2024-11-16 15:34:23,"{""box"":{""left"":1949,""right"":4520,""top"":2725,""bottom"":7500},""time"":1731738854640},{""box"":{""left"":1949,""right"":4520,""top"":2725,""bottom"":7500},""time"":1731738855031},{""box"":{""left"":1949,""right"":4520,""top"":2725,""bottom"":7500},""time"":1731738856170},{""box"":{""left"":1949,""right"":4520,""top"":2725,""bottom"":7500},""time"":1731738857014},{""box"":{""left"":1949,""right"":4520,""top"":2725,""bottom"":7500},""time"":1731738858044},{""box"":{""left"":1949,""right"":4520,""top"":2725,""bottom"":7500},""time"":1731738859006},{""box"":{""left"":1949,""right"":4520,""top"":2725,""bottom"":7500},""time"":1731738860038},{""box"":{""left"":1949,""right"":4520,""top"":2725,""bottom"":7500},""time"":1731738861012},{""box"":{""left"":1949,""right"":4520,""top"":2725,""bottom"":7500},""time"":1731738862038},{""box"":{""left"":1949,""right"":4520,""top"":2725,""bottom"":7500},""time"":1731738863015}",,,,,
14354,Person,2024-11-16 15:34:25,2024-11-16 15:34:27,"{""box"":{""left"":7419,""right"":8397,""top"":8980,""bottom"":9975},""time"":1731738865105},{""box"":{""left"":7419,""right"":8397,""top"":8980,""bottom"":9975},""time"":1731738866023},{""box"":{""left"":7419,""right"":8397,""top"":8980,""bottom"":9975},""time"":1731738867045}",,,,,
14355,Person,2024-11-16 15:34:26,2024-11-16 15:34:26,"{""box"":{""left"":5987,""right"":1895,""top"":6150,""bottom"":2592},""time"":1731738866311}",,,,,
14356,Person,2024-11-16 15:34:26,2024-11-16 15:34:27,"{""box"":{""left"":312,""right"":5270,""top"":1387,""bottom"":9083},""time"":1731738866650},{""box"":{""left"":312,""right"":5270,""top"":1387,""bottom"":9083},""time"":1731738867003}",,,,,
14358,Person,2024-11-16 15:34:30,2024-11-16 15:34:44,"{""box"":{""left"":1831,""right"":3353,""top"":2093,""bottom"":5238},""time"":1731738870060},{""box"":{""left"":1831,""right"":3353,""top"":2093,""bottom"":5238},""time"":1731738871022},{""box"":{""left"":1831,""right"":3353,""top"":2093,""bottom"":5238},""time"":1731738872033},{""box"":{""left"":1831,""right"":3353,""top"":2093,""bottom"":5238},""time"":1731738873001},{""box"":{""left"":1831,""right"":3353,""top"":2093,""bottom"":5238},""time"":1731738874030},{""box"":{""left"":1831,""right"":3353,""top"":2093,""bottom"":5238},""time"":1731738875052},{""box"":{""left"":1831,""right"":3353,""top"":2093,""bottom"":5238},""time"":1731738876029},{""box"":{""left"":1831,""right"":3353,""top"":2093,""bottom"":5238},""time"":1731738877049},{""box"":{""left"":1831,""right"":3353,""top"":2093,""bottom"":5238},""time"":1731738878025},{""box"":{""left"":1831,""right"":3353,""top"":2093,""bottom"":5238},""time"":1731738879013},{""box"":{""left"":1831,""right"":3353,""top"":2093,""bottom"":5238},""time"":1731738880436},{""box"":{""left"":1831,""right"":3353,""top"":2093,""bottom"":5238},""time"":1731738881406},{""box"":{""left"":1831,""right"":3353,""top"":2093,""bottom"":5238},""time"":1731738882038},{""box"":{""left"":1831,""right"":3353,""top"":2093,""bottom"":5238},""time"":1731738883018},{""box"":{""left"":1831,""right"":3353,""top"":2093,""bottom"":5238},""time"":1731738884047}",,,,,
14359,Person,2024-11-16 15:34:31,2024-11-16 15:34:43,"{""box"":{""left"":6955,""right"":2489,""top"":7224,""bottom"":4093},""time"":1731738871425},{""box"":{""left"":6955,""right"":2489,""top"":7224,""bottom"":4093},""time"":1731738872037},{""box"":{""left"":6955,""right"":2489,""top"":7224,""bottom"":4093},""time"":1731738873006},{""box"":{""left"":6955,""right"":2489,""top"":7224,""bottom"":4093},""time"":1731738874032},{""box"":{""left"":6955,""right"":2489,""top"":7224,""bottom"":4093},""time"":1731738875115},{""box"":{""left"":6955,""right"":2489,""top"":7224,""bottom"":4093},""time"":1731738876085},{""box"":{""left"":6955,""right"":2489,""top"":7224,""bottom"":4093},""time"":1731738877051},{""box"":{""left"":6955,""right"":2489,""top"":7224,""bottom"":4093},""time"":1731738878027},{""box"":{""left"":6955,""right"":2489,""top"":7224,""bottom"":4093},""time"":1731738879017},{""box"":{""left"":6955,""right"":2489,""top"":7224,""bottom"":4093},""time"":1731738880674},{""box"":{""left"":6955,""right"":2489,""top"":7224,""bottom"":4093},""time"":1731738881400},{""box"":{""left"":6955,""right"":2489,""top"":7224,""bottom"":4093},""time"":1731738882032},{""box"":{""left"":6955,""right"":2489,""top"":7224,""bottom"":4093},""time"":1731738883070}",,,,,
14360,Person,2024-11-16 15:34:31,2024-11-16 15:34:41,"{""box"":{""left"":1768,""right"":3019,""top"":2037,""bottom"":4810},""time"":1731738871876},{""box"":{""left"":1768,""right"":3019,""top"":2037,""bottom"":4810},""time"":1731738873011},{""box"":{""left"":1768,""right"":3019,""top"":2037,""bottom"":4810},""time"":1731738874035},{""box"":{""left"":1768,""right"":3019,""top"":2037,""bottom"":4810},""time"":1731738875118},{""box"":{""left"":1768,""right"":3019,""top"":2037,""bottom"":4810},""time"":1731738876032},{""box"":{""left"":1768,""right"":3019,""top"":2037,""bottom"":4810},""time"":1731738877001},{""box"":{""left"":1768,""right"":3019,""top"":2037,""bottom"":4810},""time"":1731738878030},{""box"":{""left"":1768,""right"":3019,""top"":2037,""bottom"":4810},""time"":1731738879021},{""box"":{""left"":1768,""right"":3019,""top"":2037,""bottom"":4810},""time"":1731738880678},{""box"":{""left"":1768,""right"":3019,""top"":2037,""bottom"":4810},""time"":1731738881411}",,,,,
14361,Person,2024-11-16 15:34:33,2024-11-16 15:34:36,"{""box"":{""left"":1787,""right"":3019,""top"":2099,""bottom"":4748},""time"":1731738873582},{""box"":{""left"":1787,""right"":3019,""top"":2099,""bottom"":4748},""time"":1731738874038},{""box"":{""left"":1787,""right"":3019,""top"":2099,""bottom"":4748},""time"":1731738875121},{""box"":{""left"":1787,""right"":3019,""top"":2099,""bottom"":4748},""time"":1731738876035}",,,,,
14362,Person,2024-11-16 15:34:35,2024-11-16 15:34:35,"{""box"":{""left"":7006,""right"":1989,""top"":7212,""bottom"":3135},""time"":1731738875524}",,,,,
14364,Person,2024-11-16 15:34:37,2024-11-16 15:34:53,"{""box"":{""left"":8887,""right"":6687,""top"":10000,""bottom"":9937},""time"":1731738877916},{""box"":{""left"":8887,""right"":6687,""top"":10000,""bottom"":9937},""time"":1731738881414},{""box"":{""left"":8887,""right"":6687,""top"":10000,""bottom"":9937},""time"":1731738882043},{""box"":{""left"":8887,""right"":6687,""top"":10000,""bottom"":9937},""time"":1731738883027},{""box"":{""left"":8887,""right"":6687,""top"":10000,""bottom"":9937},""time"":1731738884050},{""box"":{""left"":8887,""right"":6687,""top"":10000,""bottom"":9937},""time"":1731738885018},{""box"":{""left"":8887,""right"":6687,""top"":10000,""bottom"":9937},""time"":1731738886070},{""box"":{""left"":8887,""right"":6687,""top"":10000,""bottom"":9937},""time"":1731738887026},{""box"":{""left"":8887,""right"":6687,""top"":10000,""bottom"":9937},""time"":1731738888051},{""box"":{""left"":8887,""right"":6687,""top"":10000,""bottom"":9937},""time"":1731738889024},{""box"":{""left"":8887,""right"":6687,""top"":10000,""bottom"":9937},""time"":1731738890042},{""box"":{""left"":8887,""right"":6687,""top"":10000,""bottom"":9937},""time"":1731738891024},{""box"":{""left"":8887,""right"":6687,""top"":10000,""bottom"":9937},""time"":1731738892047},{""box"":{""left"":8887,""right"":6687,""top"":10000,""bottom"":9937},""time"":1731738893011}",,,,,
14366,Person,2024-11-16 15:34:41,2024-11-16 15:34:41,"{""box"":{""left"":8912,""right"":7874,""top"":10000,""bottom"":10000},""time"":1731738881529}",,,,,
14367,Person,2024-11-16 15:34:41,2024-11-16 15:34:49,"{""box"":{""left"":3125,""right"":7625,""top"":4562,""bottom"":10000},""time"":1731738881983},{""box"":{""left"":3125,""right"":7625,""top"":4562,""bottom"":10000},""time"":1731738882046},{""box"":{""left"":3125,""right"":7625,""top"":4562,""bottom"":10000},""time"":1731738883030},{""box"":{""left"":3125,""right"":7625,""top"":4562,""bottom"":10000},""time"":1731738884053},{""box"":{""left"":3125,""right"":7625,""top"":4562,""bottom"":10000},""time"":1731738885196},{""box"":{""left"":3125,""right"":7625,""top"":4562,""bottom"":10000},""time"":1731738886003},{""box"":{""left"":3125,""right"":7625,""top"":4562,""bottom"":10000},""time"":1731738887029},{""box"":{""left"":3125,""right"":7625,""top"":4562,""bottom"":10000},""time"":1731738888054},{""box"":{""left"":3125,""right"":7625,""top"":4562,""bottom"":10000},""time"":1731738889027}",,,,,
14368,Person,2024-11-16 15:34:42,2024-11-16 15:34:47,"{""box"":{""left"":1825,""right"":3312,""top"":2231,""bottom"":5385},""time"":1731738882679},{""box"":{""left"":1825,""right"":3312,""top"":2231,""bottom"":5385},""time"":1731738884055},{""box"":{""left"":1825,""right"":3312,""top"":2231,""bottom"":5385},""time"":1731738885021},{""box"":{""left"":1825,""right"":3312,""top"":2231,""bottom"":5385},""time"":1731738886009},{""box"":{""left"":1825,""right"":3312,""top"":2231,""bottom"":5385},""time"":1731738887032}",,,,,
14369,Person,2024-11-16 15:34:43,2024-11-16 15:34:55,"{""box"":{""left"":3227,""right"":7273,""top"":4476,""bottom"":10000},""time"":1731738883938},{""box"":{""left"":3227,""right"":7273,""top"":4476,""bottom"":10000},""time"":1731738884058},{""box"":{""left"":3227,""right"":7273,""top"":4476,""bottom"":10000},""time"":1731738885023},{""box"":{""left"":3227,""right"":7273,""top"":4476,""bottom"":10000},""time"":1731738886014},{""box"":{""left"":3227,""right"":7273,""top"":4476,""bottom"":10000},""time"":1731738887034},{""box"":{""left"":3227,""right"":7273,""top"":4476,""bottom"":10000},""time"":1731738888056},{""box"":{""left"":3227,""right"":7273,""top"":4476,""bottom"":10000},""time"":1731738889030},{""box"":{""left"":3227,""right"":7273,""top"":4476,""bottom"":10000},""time"":1731738890044},{""box"":{""left"":3227,""right"":7273,""top"":4476,""bottom"":10000},""time"":1731738892280},{""box"":{""left"":3227,""right"":7273,""top"":4476,""bottom"":10000},""time"":1731738893013},{""box"":{""left"":3227,""right"":7273,""top"":4476,""bottom"":10000},""time"":1731738894093},{""box"":{""left"":3227,""right"":7273,""top"":4476,""bottom"":10000},""time"":1731738895352}",,,,,
14372,Person,2024-11-16 15:34:45,2024-11-16 15:34:49,"{""box"":{""left"":2968,""right"":7270,""top"":4380,""bottom"":10000},""time"":1731738885138},{""box"":{""left"":2968,""right"":7270,""top"":4380,""bottom"":10000},""time"":1731738886120},{""box"":{""left"":2968,""right"":7270,""top"":4380,""bottom"":10000},""time"":1731738887038},{""box"":{""left"":2968,""right"":7270,""top"":4380,""bottom"":10000},""time"":1731738888059},{""box"":{""left"":2968,""right"":7270,""top"":4380,""bottom"":10000},""time"":1731738889033}",,,,,
14373,Person,2024-11-16 15:34:47,2024-11-16 15:35:01,"{""box"":{""left"":8236,""right"":8160,""top"":10000,""bottom"":10000},""time"":1731738887260},{""box"":{""left"":8236,""right"":8160,""top"":10000,""bottom"":10000},""time"":1731738888062},{""box"":{""left"":8236,""right"":8160,""top"":10000,""bottom"":10000},""time"":1731738889035},{""box"":{""left"":8236,""right"":8160,""top"":10000,""bottom"":10000},""time"":1731738890047},{""box"":{""left"":8236,""right"":8160,""top"":10000,""bottom"":10000},""time"":1731738891026},{""box"":{""left"":8236,""right"":8160,""top"":10000,""bottom"":10000},""time"":1731738892051},{""box"":{""left"":8236,""right"":8160,""top"":10000,""bottom"":10000},""time"":1731738893016},{""box"":{""left"":8236,""right"":8160,""top"":10000,""bottom"":10000},""time"":1731738894096},{""box"":{""left"":8236,""right"":8160,""top"":10000,""bottom"":10000},""time"":1731738895009},{""box"":{""left"":8236,""right"":8160,""top"":10000,""bottom"":10000},""time"":1731738896092},{""box"":{""left"":8236,""right"":8160,""top"":10000,""bottom"":10000},""time"":1731738897002},{""box"":{""left"":8236,""right"":8160,""top"":10000,""bottom"":10000},""time"":1731738898033},{""box"":{""left"":8236,""right"":8160,""top"":10000,""bottom"":10000},""time"":1731738899002},{""box"":{""left"":8236,""right"":8160,""top"":10000,""bottom"":10000},""time"":1731738900026},{""box"":{""left"":8236,""right"":8160,""top"":10000,""bottom"":10000},""time"":1731738901071}",,,,,
14374,Person,2024-11-16 15:34:47,2024-11-16 15:34:55,"{""box"":{""left"":6598,""right"":8328,""top"":7717,""bottom"":9986},""time"":1731738887328},{""box"":{""left"":6598,""right"":8328,""top"":7717,""bottom"":9986},""time"":1731738888001},{""box"":{""left"":6598,""right"":8328,""top"":7717,""bottom"":9986},""time"":1731738889038},{""box"":{""left"":6598,""right"":8328,""top"":7717,""bottom"":9986},""time"":1731738890050},{""box"":{""left"":6598,""right"":8328,""top"":7717,""bottom"":9986},""time"":1731738891029},{""box"":{""left"":6598,""right"":8328,""top"":7717,""bottom"":9986},""time"":1731738892002},{""box"":{""left"":6598,""right"":8328,""top"":7717,""bottom"":9986},""time"":1731738893019},{""box"":{""left"":6598,""right"":8328,""top"":7717,""bottom"":9986},""time"":1731738894099},{""box"":{""left"":6598,""right"":8328,""top"":7717,""bottom"":9986},""time"":1731738895012}",,,,,
14375,Person,2024-11-16 15:34:48,2024-11-16 15:34:48,"{""box"":{""left"":6457,""right"":1812,""top"":6613,""bottom"":2583},""time"":1731738888749}",,,,,
14376,Person,2024-11-16 15:34:50,2024-11-16 15:34:50,"{""box"":{""left"":7025,""right"":1972,""top"":7231,""bottom"":2930},""time"":1731738890343}",,,,,
14377,Person,2024-11-16 15:34:50,2024-11-16 15:34:56,"{""box"":{""left"":1807,""right"":3275,""top"":2227,""bottom"":5306},""time"":1731738890632},{""box"":{""left"":1807,""right"":3275,""top"":2227,""bottom"":5306},""time"":1731738891032},{""box"":{""left"":1807,""right"":3275,""top"":2227,""bottom"":5306},""time"":1731738892006},{""box"":{""left"":1807,""right"":3275,""top"":2227,""bottom"":5306},""time"":1731738893186},{""box"":{""left"":1807,""right"":3275,""top"":2227,""bottom"":5306},""time"":1731738894102},{""box"":{""left"":1807,""right"":3275,""top"":2227,""bottom"":5306},""time"":1731738895015},{""box"":{""left"":1807,""right"":3275,""top"":2227,""bottom"":5306},""time"":1731738896156}",,,,,
14379,Person,2024-11-16 15:34:52,2024-11-16 15:34:52,"{""box"":{""left"":6493,""right"":1875,""top"":6661,""bottom"":2614},""time"":1731738892171}",,,,,
14380,Person,2024-11-16 15:34:54,2024-11-16 15:34:54,"{""box"":{""left"":5956,""right"":1875,""top"":6150,""bottom"":2656},""time"":1731738894673}",,,,,
14381,Person,2024-11-16 15:34:56,2024-11-16 15:34:57,"{""box"":{""left"":6425,""right"":1937,""top"":6593,""bottom"":2843},""time"":1731738896206}",,,,,
14382,Person,2024-11-16 15:34:58,2024-11-16 15:34:58,"{""box"":{""left"":1765,""right"":2384,""top"":1977,""bottom"":2952},""time"":1731738898095}",,,,,
14383,Person,2024-11-16 15:34:57,2024-11-16 15:34:59,"{""box"":{""left"":8600,""right"":2489,""top"":8781,""bottom"":3343},""time"":1731738897973}",,,,,
14384,Person,2024-11-16 15:34:58,2024-11-16 15:34:59,"{""box"":{""left"":7006,""right"":2114,""top"":7237,""bottom"":3197},""time"":1731738898377}",,,,,
14385,Person,2024-11-16 15:34:58,2024-11-16 15:35:05,"{""box"":{""left"":5987,""right"":8291,""top"":7162,""bottom"":10000},""time"":1731738898552},{""box"":{""left"":5987,""right"":8291,""top"":7162,""bottom"":10000},""time"":1731738899016},{""box"":{""left"":5987,""right"":8291,""top"":7162,""bottom"":10000},""time"":1731738900031},{""box"":{""left"":5987,""right"":8291,""top"":7162,""bottom"":10000},""time"":1731738901012},{""box"":{""left"":5987,""right"":8291,""top"":7162,""bottom"":10000},""time"":1731738902037},{""box"":{""left"":5987,""right"":8291,""top"":7162,""bottom"":10000},""time"":1731738903050},{""box"":{""left"":5987,""right"":8291,""top"":7162,""bottom"":10000},""time"":1731738904014},{""box"":{""left"":5987,""right"":8291,""top"":7162,""bottom"":10000},""time"":1731738905045}",,,,,