12766,Person,2024-11-07 18:40:24,2024-11-07 18:40:39,"{""box"":{""left"":5580,""right"":3993,""top"":6112,""bottom"":7220},""time"":1730972424170},{""box"":{""left"":5580,""right"":3993,""top"":6112,""bottom"":7220},""time"":1730972430043},{""box"":{""left"":5580,""right"":3993,""top"":6112,""bottom"":7220},""time"":1730972431010},{""box"":{""left"":5580,""right"":3993,""top"":6112,""bottom"":7220},""time"":1730972432026},{""box"":{""left"":5580,""right"":3993,""top"":6112,""bottom"":7220},""time"":1730972433043},{""box"":{""left"":5580,""right"":3993,""top"":6112,""bottom"":7220},""time"":1730972434884},{""box"":{""left"":5580,""right"":3993,""top"":6112,""bottom"":7220},""time"":1730972435002},{""box"":{""left"":5580,""right"":3993,""top"":6112,""bottom"":7220},""time"":1730972436026},{""box"":{""left"":5580,""right"":3993,""top"":6112,""bottom"":7220},""time"":1730972437048},{""box"":{""left"":5580,""right"":3993,""top"":6112,""bottom"":7220},""time"":1730972438008},{""box"":{""left"":5580,""right"":3993,""top"":6112,""bottom"":7220},""time"":1730972439049}",,,,,
12775,Person,2024-11-07 18:40:24,2024-11-07 18:40:48,"{""box"":{""left"":7114,""right"":5618,""top"":8975,""bottom"":10000},""time"":1730972424127},{""box"":{""left"":7114,""right"":5618,""top"":8975,""bottom"":10000},""time"":1730972425097},{""box"":{""left"":7114,""right"":5618,""top"":8975,""bottom"":10000},""time"":1730972426024},{""box"":{""left"":7114,""right"":5618,""top"":8975,""bottom"":10000},""time"":1730972427057},{""box"":{""left"":7114,""right"":5618,""top"":8975,""bottom"":10000},""time"":1730972428075},{""box"":{""left"":7114,""right"":5618,""top"":8975,""bottom"":10000},""time"":1730972429028},{""box"":{""left"":7114,""right"":5618,""top"":8975,""bottom"":10000},""time"":1730972430046},{""box"":{""left"":7114,""right"":5618,""top"":8975,""bottom"":10000},""time"":1730972431013},{""box"":{""left"":7114,""right"":5618,""top"":8975,""bottom"":10000},""time"":1730972432031},{""box"":{""left"":7114,""right"":5618,""top"":8975,""bottom"":10000},""time"":1730972433048},{""box"":{""left"":7114,""right"":5618,""top"":8975,""bottom"":10000},""time"":1730972434018},{""box"":{""left"":7114,""right"":5618,""top"":8975,""bottom"":10000},""time"":1730972435005},{""box"":{""left"":7114,""right"":5618,""top"":8975,""bottom"":10000},""time"":1730972436096},{""box"":{""left"":7114,""right"":5618,""top"":8975,""bottom"":10000},""time"":1730972437389},{""box"":{""left"":7114,""right"":5618,""top"":8975,""bottom"":10000},""time"":1730972438079},{""box"":{""left"":7114,""right"":5618,""top"":8975,""bottom"":10000},""time"":1730972439051},{""box"":{""left"":7114,""right"":5618,""top"":8975,""bottom"":10000},""time"":1730972440004},{""box"":{""left"":7114,""right"":5618,""top"":8975,""bottom"":10000},""time"":1730972441026},{""box"":{""left"":7114,""right"":5618,""top"":8975,""bottom"":10000},""time"":1730972442003},{""box"":{""left"":7114,""right"":5618,""top"":8975,""bottom"":10000},""time"":1730972443041},{""box"":{""left"":7114,""right"":5618,""top"":8975,""bottom"":10000},""time"":1730972444042},{""box"":{""left"":7114,""right"":5618,""top"":8975,""bottom"":10000},""time"":1730972445021},{""box"":{""left"":7114,""right"":5618,""top"":8975,""bottom"":10000},""time"":1730972446050},{""box"":{""left"":7114,""right"":5618,""top"":8975,""bottom"":10000},""time"":1730972447029},{""box"":{""left"":7114,""right"":5618,""top"":8975,""bottom"":10000},""time"":1730972448058}",,,,,
12780,Person,2024-11-07 18:40:24,2024-11-07 18:40:34,"{""box"":{""left"":6240,""right"":3914,""top"":6810,""bottom"":6891},""time"":1730972424175},{""box"":{""left"":6240,""right"":3914,""top"":6810,""bottom"":6891},""time"":1730972425092},{""box"":{""left"":6240,""right"":3914,""top"":6810,""bottom"":6891},""time"":1730972426018},{""box"":{""left"":6240,""right"":3914,""top"":6810,""bottom"":6891},""time"":1730972427106},{""box"":{""left"":6240,""right"":3914,""top"":6810,""bottom"":6891},""time"":1730972428124},{""box"":{""left"":6240,""right"":3914,""top"":6810,""bottom"":6891},""time"":1730972429023},{""box"":{""left"":6240,""right"":3914,""top"":6810,""bottom"":6891},""time"":1730972430040},{""box"":{""left"":6240,""right"":3914,""top"":6810,""bottom"":6891},""time"":1730972431354},{""box"":{""left"":6240,""right"":3914,""top"":6810,""bottom"":6891},""time"":1730972432094},{""box"":{""left"":6240,""right"":3914,""top"":6810,""bottom"":6891},""time"":1730972433106},{""box"":{""left"":6240,""right"":3914,""top"":6810,""bottom"":6891},""time"":1730972434130}",,,,,
12784,Person,2024-11-07 18:40:24,2024-11-07 18:40:24,"{""box"":{""left"":1728,""right"":2425,""top"":1944,""bottom"":3359},""time"":1730972424168}",,,,,
12793,Person,2024-11-07 18:40:24,2024-11-07 18:41:13,"{""box"":{""left"":4919,""right"":6100,""top"":5756,""bottom"":9988},""time"":1730972424180},{""box"":{""left"":4919,""right"":6100,""top"":5756,""bottom"":9988},""time"":1730972435009},{""box"":{""left"":4919,""right"":6100,""top"":5756,""bottom"":9988},""time"":1730972436100},{""box"":{""left"":4919,""right"":6100,""top"":5756,""bottom"":9988},""time"":1730972437000},{""box"":{""left"":4919,""right"":6100,""top"":5756,""bottom"":9988},""time"":1730972438083},{""box"":{""left"":4919,""right"":6100,""top"":5756,""bottom"":9988},""time"":1730972439109},{""box"":{""left"":4919,""right"":6100,""top"":5756,""bottom"":9988},""time"":1730972440009},{""box"":{""left"":4919,""right"":6100,""top"":5756,""bottom"":9988},""time"":1730972441031},{""box"":{""left"":4919,""right"":6100,""top"":5756,""bottom"":9988},""time"":1730972442008},{""box"":{""left"":4919,""right"":6100,""top"":5756,""bottom"":9988},""time"":1730972443047},{""box"":{""left"":4919,""right"":6100,""top"":5756,""bottom"":9988},""time"":1730972444109},{""box"":{""left"":4919,""right"":6100,""top"":5756,""bottom"":9988},""time"":1730972445031},{""box"":{""left"":4919,""right"":6100,""top"":5756,""bottom"":9988},""time"":1730972446001},{""box"":{""left"":4919,""right"":6100,""top"":5756,""bottom"":9988},""time"":1730972447032},{""box"":{""left"":4919,""right"":6100,""top"":5756,""bottom"":9988},""time"":1730972448001},{""box"":{""left"":4919,""right"":6100,""top"":5756,""bottom"":9988},""time"":1730972449029},{""box"":{""left"":4919,""right"":6100,""top"":5756,""bottom"":9988},""time"":1730972450013},{""box"":{""left"":4919,""right"":6100,""top"":5756,""bottom"":9988},""time"":1730972451052},{""box"":{""left"":4919,""right"":6100,""top"":5756,""bottom"":9988},""time"":1730972452016},{""box"":{""left"":4919,""right"":6100,""top"":5756,""bottom"":9988},""time"":1730972453043},{""box"":{""left"":4919,""right"":6100,""top"":5756,""bottom"":9988},""time"":1730972454003},{""box"":{""left"":4919,""right"":6100,""top"":5756,""bottom"":9988},""time"":1730972455019},{""box"":{""left"":4919,""right"":6100,""top"":5756,""bottom"":9988},""time"":1730972456049},{""box"":{""left"":4919,""right"":6100,""top"":5756,""bottom"":9988},""time"":1730972457024},{""box"":{""left"":4919,""right"":6100,""top"":5756,""bottom"":9988},""time"":1730972458006},{""box"":{""left"":4919,""right"":6100,""top"":5756,""bottom"":9988},""time"":1730972459028},{""box"":{""left"":4919,""right"":6100,""top"":5756,""bottom"":9988},""time"":1730972460045},{""box"":{""left"":4919,""right"":6100,""top"":5756,""bottom"":9988},""time"":1730972461035},{""box"":{""left"":4919,""right"":6100,""top"":5756,""bottom"":9988},""time"":1730972462013},{""box"":{""left"":4919,""right"":6100,""top"":5756,""bottom"":9988},""time"":1730972463027},{""box"":{""left"":4919,""right"":6100,""top"":5756,""bottom"":9988},""time"":1730972464006},{""box"":{""left"":4919,""right"":6100,""top"":5756,""bottom"":9988},""time"":1730972465040},{""box"":{""left"":4919,""right"":6100,""top"":5756,""bottom"":9988},""time"":1730972466020},{""box"":{""left"":4919,""right"":6100,""top"":5756,""bottom"":9988},""time"":1730972467048},{""box"":{""left"":4919,""right"":6100,""top"":5756,""bottom"":9988},""time"":1730972468030},{""box"":{""left"":4919,""right"":6100,""top"":5756,""bottom"":9988},""time"":1730972469008},{""box"":{""left"":4919,""right"":6100,""top"":5756,""bottom"":9988},""time"":1730972470033},{""box"":{""left"":4919,""right"":6100,""top"":5756,""bottom"":9988},""time"":1730972471015},{""box"":{""left"":4919,""right"":6100,""top"":5756,""bottom"":9988},""time"":1730972472039},{""box"":{""left"":4919,""right"":6100,""top"":5756,""bottom"":9988},""time"":1730972473018}",,,,,
12794,Person,2024-11-07 18:40:34,2024-11-07 18:41:17,"{""box"":{""left"":6854,""right"":3905,""top"":7529,""bottom"":6030},""time"":1730972434902},{""box"":{""left"":6854,""right"":3905,""top"":7529,""bottom"":6030},""time"":1730972435013},{""box"":{""left"":6854,""right"":3905,""top"":7529,""bottom"":6030},""time"":1730972436104},{""box"":{""left"":6854,""right"":3905,""top"":7529,""bottom"":6030},""time"":1730972437004},{""box"":{""left"":6854,""right"":3905,""top"":7529,""bottom"":6030},""time"":1730972438086},{""box"":{""left"":6854,""right"":3905,""top"":7529,""bottom"":6030},""time"":1730972439111},{""box"":{""left"":6854,""right"":3905,""top"":7529,""bottom"":6030},""time"":1730972440525},{""box"":{""left"":6854,""right"":3905,""top"":7529,""bottom"":6030},""time"":1730972441034},{""box"":{""left"":6854,""right"":3905,""top"":7529,""bottom"":6030},""time"":1730972442704},{""box"":{""left"":6854,""right"":3905,""top"":7529,""bottom"":6030},""time"":1730972443099},{""box"":{""left"":6854,""right"":3905,""top"":7529,""bottom"":6030},""time"":1730972444113},{""box"":{""left"":6854,""right"":3905,""top"":7529,""bottom"":6030},""time"":1730972445036},{""box"":{""left"":6854,""right"":3905,""top"":7529,""bottom"":6030},""time"":1730972446004},{""box"":{""left"":6854,""right"":3905,""top"":7529,""bottom"":6030},""time"":1730972447146},{""box"":{""left"":6854,""right"":3905,""top"":7529,""bottom"":6030},""time"":1730972448004},{""box"":{""left"":6854,""right"":3905,""top"":7529,""bottom"":6030},""time"":1730972449031},{""box"":{""left"":6854,""right"":3905,""top"":7529,""bottom"":6030},""time"":1730972450015},{""box"":{""left"":6854,""right"":3905,""top"":7529,""bottom"":6030},""time"":1730972451055},{""box"":{""left"":6854,""right"":3905,""top"":7529,""bottom"":6030},""time"":1730972452020},{""box"":{""left"":6854,""right"":3905,""top"":7529,""bottom"":6030},""time"":1730972453046},{""box"":{""left"":6854,""right"":3905,""top"":7529,""bottom"":6030},""time"":1730972454008},{""box"":{""left"":6854,""right"":3905,""top"":7529,""bottom"":6030},""time"":1730972455023},{""box"":{""left"":6854,""right"":3905,""top"":7529,""bottom"":6030},""time"":1730972456053},{""box"":{""left"":6854,""right"":3905,""top"":7529,""bottom"":6030},""time"":1730972457028},{""box"":{""left"":6854,""right"":3905,""top"":7529,""bottom"":6030},""time"":1730972458001},{""box"":{""left"":6854,""right"":3905,""top"":7529,""bottom"":6030},""time"":1730972459540},{""box"":{""left"":6854,""right"":3905,""top"":7529,""bottom"":6030},""time"":1730972460042},{""box"":{""left"":6854,""right"":3905,""top"":7529,""bottom"":6030},""time"":1730972461032},{""box"":{""left"":6854,""right"":3905,""top"":7529,""bottom"":6030},""time"":1730972462236},{""box"":{""left"":6854,""right"":3905,""top"":7529,""bottom"":6030},""time"":1730972463024},{""box"":{""left"":6854,""right"":3905,""top"":7529,""bottom"":6030},""time"":1730972464349},{""box"":{""left"":6854,""right"":3905,""top"":7529,""bottom"":6030},""time"":1730972465496},{""box"":{""left"":6854,""right"":3905,""top"":7529,""bottom"":6030},""time"":1730972466017},{""box"":{""left"":6854,""right"":3905,""top"":7529,""bottom"":6030},""time"":1730972467045},{""box"":{""left"":6854,""right"":3905,""top"":7529,""bottom"":6030},""time"":1730972468027},{""box"":{""left"":6854,""right"":3905,""top"":7529,""bottom"":6030},""time"":1730972469005},{""box"":{""left"":6854,""right"":3905,""top"":7529,""bottom"":6030},""time"":1730972470037},{""box"":{""left"":6854,""right"":3905,""top"":7529,""bottom"":6030},""time"":1730972471019},{""box"":{""left"":6854,""right"":3905,""top"":7529,""bottom"":6030},""time"":1730972472043},{""box"":{""left"":6854,""right"":3905,""top"":7529,""bottom"":6030},""time"":1730972473022},{""box"":{""left"":6854,""right"":3905,""top"":7529,""bottom"":6030},""time"":1730972474057},{""box"":{""left"":6854,""right"":3905,""top"":7529,""bottom"":6030},""time"":1730972475005},{""box"":{""left"":6854,""right"":3905,""top"":7529,""bottom"":6030},""time"":1730972476032},{""box"":{""left"":6854,""right"":3905,""top"":7529,""bottom"":6030},""time"":1730972477220}",,,,,
12795,Person,2024-11-07 18:40:36,2024-11-07 18:40:41,"{""box"":{""left"":1756,""right"":2395,""top"":1937,""bottom"":3562},""time"":1730972436889},{""box"":{""left"":1756,""right"":2395,""top"":1937,""bottom"":3562},""time"":1730972439113},{""box"":{""left"":1756,""right"":2395,""top"":1937,""bottom"":3562},""time"":1730972440012},{""box"":{""left"":1756,""right"":2395,""top"":1937,""bottom"":3562},""time"":1730972441036}",,,,,
12796,Person,2024-11-07 18:40:40,2024-11-07 18:40:51,"{""box"":{""left"":7064,""right"":3637,""top"":7590,""bottom"":5163},""time"":1730972440350},{""box"":{""left"":7064,""right"":3637,""top"":7590,""bottom"":5163},""time"":1730972445041},{""box"":{""left"":7064,""right"":3637,""top"":7590,""bottom"":5163},""time"":1730972446006},{""box"":{""left"":7064,""right"":3637,""top"":7590,""bottom"":5163},""time"":1730972447034},{""box"":{""left"":7064,""right"":3637,""top"":7590,""bottom"":5163},""time"":1730972448006},{""box"":{""left"":7064,""right"":3637,""top"":7590,""bottom"":5163},""time"":1730972449208},{""box"":{""left"":7064,""right"":3637,""top"":7590,""bottom"":5163},""time"":1730972450359},{""box"":{""left"":7064,""right"":3637,""top"":7590,""bottom"":5163},""time"":1730972451059}",,,,,
12797,Person,2024-11-07 18:40:45,2024-11-07 18:40:53,"{""box"":{""left"":1789,""right"":2708,""top"":1965,""bottom"":3874},""time"":1730972445268},{""box"":{""left"":1789,""right"":2708,""top"":1965,""bottom"":3874},""time"":1730972447037},{""box"":{""left"":1789,""right"":2708,""top"":1965,""bottom"":3874},""time"":1730972448009},{""box"":{""left"":1789,""right"":2708,""top"":1965,""bottom"":3874},""time"":1730972449210},{""box"":{""left"":1789,""right"":2708,""top"":1965,""bottom"":3874},""time"":1730972450361},{""box"":{""left"":1789,""right"":2708,""top"":1965,""bottom"":3874},""time"":1730972451064},{""box"":{""left"":1789,""right"":2708,""top"":1965,""bottom"":3874},""time"":1730972452146},{""box"":{""left"":1789,""right"":2708,""top"":1965,""bottom"":3874},""time"":1730972453049}",,,,,
12798,Person,2024-11-07 18:40:45,2024-11-07 18:40:45,"{""box"":{""left"":937,""right"":4333,""top"":1750,""bottom"":7749},""time"":1730972445326}",,,,,
12799,Person,2024-11-07 18:40:47,2024-11-07 18:40:55,"{""box"":{""left"":1821,""right"":2436,""top"":2047,""bottom"":3696},""time"":1730972447091},{""box"":{""left"":1821,""right"":2436,""top"":2047,""bottom"":3696},""time"":1730972449213},{""box"":{""left"":1821,""right"":2436,""top"":2047,""bottom"":3696},""time"":1730972450364},{""box"":{""left"":1821,""right"":2436,""top"":2047,""bottom"":3696},""time"":1730972451001},{""box"":{""left"":1821,""right"":2436,""top"":2047,""bottom"":3696},""time"":1730972452151},{""box"":{""left"":1821,""right"":2436,""top"":2047,""bottom"":3696},""time"":1730972453052},{""box"":{""left"":1821,""right"":2436,""top"":2047,""bottom"":3696},""time"":1730972454413},{""box"":{""left"":1821,""right"":2436,""top"":2047,""bottom"":3696},""time"":1730972455090}",,,,,
12801,Person,2024-11-07 18:40:48,2024-11-07 18:41:18,"{""box"":{""left"":7812,""right"":3666,""top"":8662,""bottom"":5520},""time"":1730972448875},{""box"":{""left"":7812,""right"":3666,""top"":8662,""bottom"":5520},""time"":1730972449215},{""box"":{""left"":7812,""right"":3666,""top"":8662,""bottom"":5520},""time"":1730972450443},{""box"":{""left"":7812,""right"":3666,""top"":8662,""bottom"":5520},""time"":1730972451178},{""box"":{""left"":7812,""right"":3666,""top"":8662,""bottom"":5520},""time"":1730972452155},{""box"":{""left"":7812,""right"":3666,""top"":8662,""bottom"":5520},""time"":1730972453055},{""box"":{""left"":7812,""right"":3666,""top"":8662,""bottom"":5520},""time"":1730972454234},{""box"":{""left"":7812,""right"":3666,""top"":8662,""bottom"":5520},""time"":1730972455093},{""box"":{""left"":7812,""right"":3666,""top"":8662,""bottom"":5520},""time"":1730972456282},{""box"":{""left"":7812,""right"":3666,""top"":8662,""bottom"":5520},""time"":1730972457032},{""box"":{""left"":7812,""right"":3666,""top"":8662,""bottom"":5520},""time"":1730972458070},{""box"":{""left"":7812,""right"":3666,""top"":8662,""bottom"":5520},""time"":1730972459536},{""box"":{""left"":7812,""right"":3666,""top"":8662,""bottom"":5520},""time"":1730972460050},{""box"":{""left"":7812,""right"":3666,""top"":8662,""bottom"":5520},""time"":1730972461040},{""box"":{""left"":7812,""right"":3666,""top"":8662,""bottom"":5520},""time"":1730972462231},{""box"":{""left"":7812,""right"":3666,""top"":8662,""bottom"":5520},""time"":1730972463032},{""box"":{""left"":7812,""right"":3666,""top"":8662,""bottom"":5520},""time"":1730972464361},{""box"":{""left"":7812,""right"":3666,""top"":8662,""bottom"":5520},""time"":1730972465503},{""box"":{""left"":7812,""right"":3666,""top"":8662,""bottom"":5520},""time"":1730972466025},{""box"":{""left"":7812,""right"":3666,""top"":8662,""bottom"":5520},""time"":1730972467053},{""box"":{""left"":7812,""right"":3666,""top"":8662,""bottom"":5520},""time"":1730972468035},{""box"":{""left"":7812,""right"":3666,""top"":8662,""bottom"":5520},""time"":1730972469013},{""box"":{""left"":7812,""right"":3666,""top"":8662,""bottom"":5520},""time"":1730972470029},{""box"":{""left"":7812,""right"":3666,""top"":8662,""bottom"":5520},""time"":1730972471023},{""box"":{""left"":7812,""right"":3666,""top"":8662,""bottom"":5520},""time"":1730972472034},{""box"":{""left"":7812,""right"":3666,""top"":8662,""bottom"":5520},""time"":1730972473028},{""box"":{""left"":7812,""right"":3666,""top"":8662,""bottom"":5520},""time"":1730972474063},{""box"":{""left"":7812,""right"":3666,""top"":8662,""bottom"":5520},""time"":1730972475010},{""box"":{""left"":7812,""right"":3666,""top"":8662,""bottom"":5520},""time"":1730972476038},{""box"":{""left"":7812,""right"":3666,""top"":8662,""bottom"":5520},""time"":1730972477046},{""box"":{""left"":7812,""right"":3666,""top"":8662,""bottom"":5520},""time"":1730972478000}",,,,,
12802,Person,2024-11-07 18:40:52,2024-11-07 18:41:01,"{""box"":{""left"":5937,""right"":3623,""top"":6424,""bottom"":6106},""time"":1730972452370},{""box"":{""left"":5937,""right"":3623,""top"":6424,""bottom"":6106},""time"":1730972454238},{""box"":{""left"":5937,""right"":3623,""top"":6424,""bottom"":6106},""time"":1730972455097},{""box"":{""left"":5937,""right"":3623,""top"":6424,""bottom"":6106},""time"":1730972456287},{""box"":{""left"":5937,""right"":3623,""top"":6424,""bottom"":6106},""time"":1730972457035},{""box"":{""left"":5937,""right"":3623,""top"":6424,""bottom"":6106},""time"":1730972458015},{""box"":{""left"":5937,""right"":3623,""top"":6424,""bottom"":6106},""time"":1730972459545},{""box"":{""left"":5937,""right"":3623,""top"":6424,""bottom"":6106},""time"":1730972460000},{""box"":{""left"":5937,""right"":3623,""top"":6424,""bottom"":6106},""time"":1730972461043}",,,,,
12803,Person,2024-11-07 18:40:54,2024-11-07 18:41:02,"{""box"":{""left"":179,""right"":6110,""top"":1567,""bottom"":9962},""time"":1730972454239},{""box"":{""left"":179,""right"":6110,""top"":1567,""bottom"":9962},""time"":1730972455100},{""box"":{""left"":179,""right"":6110,""top"":1567,""bottom"":9962},""time"":1730972456292},{""box"":{""left"":179,""right"":6110,""top"":1567,""bottom"":9962},""time"":1730972457039},{""box"":{""left"":179,""right"":6110,""top"":1567,""bottom"":9962},""time"":1730972458019},{""box"":{""left"":179,""right"":6110,""top"":1567,""bottom"":9962},""time"":1730972459547},{""box"":{""left"":179,""right"":6110,""top"":1567,""bottom"":9962},""time"":1730972460002},{""box"":{""left"":179,""right"":6110,""top"":1567,""bottom"":9962},""time"":1730972461046},{""box"":{""left"":179,""right"":6110,""top"":1567,""bottom"":9962},""time"":1730972462241}",,,,,
12804,Person,2024-11-07 18:40:56,2024-11-07 18:40:59,"{""box"":{""left"":3486,""right"":5104,""top"":4311,""bottom"":8895},""time"":1730972456464},{""box"":{""left"":3486,""right"":5104,""top"":4311,""bottom"":8895},""time"":1730972457043},{""box"":{""left"":3486,""right"":5104,""top"":4311,""bottom"":8895},""time"":1730972458024},{""box"":{""left"":3486,""right"":5104,""top"":4311,""bottom"":8895},""time"":1730972459549}",,,,,
12805,Person,2024-11-07 18:41:00,2024-11-07 18:41:02,"{""box"":{""left"":2291,""right"":3150,""top"":2787,""bottom"":5207},""time"":1730972460321},{""box"":{""left"":2291,""right"":3150,""top"":2787,""bottom"":5207},""time"":1730972461390},{""box"":{""left"":2291,""right"":3150,""top"":2787,""bottom"":5207},""time"":1730972462243}",,,,,
12806,Person,2024-11-07 18:41:01,2024-11-07 18:41:19,"{""box"":{""left"":5940,""right"":3685,""top"":6433,""bottom"":6372},""time"":1730972461796},{""box"":{""left"":5940,""right"":3685,""top"":6433,""bottom"":6372},""time"":1730972462245},{""box"":{""left"":5940,""right"":3685,""top"":6433,""bottom"":6372},""time"":1730972463034},{""box"":{""left"":5940,""right"":3685,""top"":6433,""bottom"":6372},""time"":1730972468037},{""box"":{""left"":5940,""right"":3685,""top"":6433,""bottom"":6372},""time"":1730972469015},{""box"":{""left"":5940,""right"":3685,""top"":6433,""bottom"":6372},""time"":1730972470044},{""box"":{""left"":5940,""right"":3685,""top"":6433,""bottom"":6372},""time"":1730972471011},{""box"":{""left"":5940,""right"":3685,""top"":6433,""bottom"":6372},""time"":1730972472147},{""box"":{""left"":5940,""right"":3685,""top"":6433,""bottom"":6372},""time"":1730972473013},{""box"":{""left"":5940,""right"":3685,""top"":6433,""bottom"":6372},""time"":1730972474047},{""box"":{""left"":5940,""right"":3685,""top"":6433,""bottom"":6372},""time"":1730972475021},{""box"":{""left"":5940,""right"":3685,""top"":6433,""bottom"":6372},""time"":1730972476027},{""box"":{""left"":5940,""right"":3685,""top"":6433,""bottom"":6372},""time"":1730972477054},{""box"":{""left"":5940,""right"":3685,""top"":6433,""bottom"":6372},""time"":1730972478009},{""box"":{""left"":5940,""right"":3685,""top"":6433,""bottom"":6372},""time"":1730972479091}",,,,,
12807,Person,2024-11-07 18:41:02,2024-11-07 18:41:10,"{""box"":{""left"":3189,""right"":4178,""top"":4054,""bottom"":8012},""time"":1730972462919},{""box"":{""left"":3189,""right"":4178,""top"":4054,""bottom"":8012},""time"":1730972464370},{""box"":{""left"":3189,""right"":4178,""top"":4054,""bottom"":8012},""time"":1730972465507},{""box"":{""left"":3189,""right"":4178,""top"":4054,""bottom"":8012},""time"":1730972466029},{""box"":{""left"":3189,""right"":4178,""top"":4054,""bottom"":8012},""time"":1730972467057},{""box"":{""left"":3189,""right"":4178,""top"":4054,""bottom"":8012},""time"":1730972468040},{""box"":{""left"":3189,""right"":4178,""top"":4054,""bottom"":8012},""time"":1730972469018},{""box"":{""left"":3189,""right"":4178,""top"":4054,""bottom"":8012},""time"":1730972470048}",,,,,
12809,Person,2024-11-07 18:41:05,2024-11-07 18:41:05,"{""box"":{""left"":534,""right"":9248,""top"":1619,""bottom"":10000},""time"":1730972465799}",,,,,
12811,Person,2024-11-07 18:41:06,2024-11-07 18:41:06,"{""box"":{""left"":1625,""right"":8541,""top"":3662,""bottom"":10000},""time"":1730972466202}",,,,,
12813,Person,2024-11-07 18:41:21,2024-11-07 18:41:22,"{""box"":{""left"":4912,""right"":8625,""top"":6150,""bottom"":10000},""time"":1730972481140},{""box"":{""left"":4912,""right"":8625,""top"":6150,""bottom"":10000},""time"":1730972482176}",,,,,
12814,Person,2024-11-07 18:41:25,2024-11-07 18:41:39,"{""box"":{""left"":1762,""right"":2333,""top"":1943,""bottom"":3291},""time"":1730972485590},{""box"":{""left"":1762,""right"":2333,""top"":1943,""bottom"":3291},""time"":1730972489040},{""box"":{""left"":1762,""right"":2333,""top"":1943,""bottom"":3291},""time"":1730972490017},{""box"":{""left"":1762,""right"":2333,""top"":1943,""bottom"":3291},""time"":1730972491034},{""box"":{""left"":1762,""right"":2333,""top"":1943,""bottom"":3291},""time"":1730972492060},{""box"":{""left"":1762,""right"":2333,""top"":1943,""bottom"":3291},""time"":1730972493027},{""box"":{""left"":1762,""right"":2333,""top"":1943,""bottom"":3291},""time"":1730972494026},{""box"":{""left"":1762,""right"":2333,""top"":1943,""bottom"":3291},""time"":1730972495044},{""box"":{""left"":1762,""right"":2333,""top"":1943,""bottom"":3291},""time"":1730972496023},{""box"":{""left"":1762,""right"":2333,""top"":1943,""bottom"":3291},""time"":1730972497053},{""box"":{""left"":1762,""right"":2333,""top"":1943,""bottom"":3291},""time"":1730972498006},{""box"":{""left"":1762,""right"":2333,""top"":1943,""bottom"":3291},""time"":1730972499020}",,,,,
12815,Face,2024-11-07 18:41:37,2024-11-07 18:41:38,"{""box"":{""left"":4809,""right"":5256,""top"":5175,""bottom"":5788},""time"":1730972497759}","25,34",female,,,
12816,Face,2024-11-07 18:41:38,2024-11-07 18:41:38,"{""box"":{""left"":5784,""right"":6118,""top"":6198,""bottom"":6801},""time"":1730972498375}","35,44",male,,,
12818,Face,2024-11-07 18:41:39,2024-11-07 18:41:39,"{""box"":{""left"":8003,""right"":8827,""top"":8417,""bottom"":9469},""time"":1730972499436}","25,34",male,,,
12819,Person,2024-11-07 18:41:48,2024-11-07 18:41:59,"{""box"":{""left"":1737,""right"":2333,""top"":1937,""bottom"":3364},""time"":1730972508872},{""box"":{""left"":1737,""right"":2333,""top"":1937,""bottom"":3364},""time"":1730972511020},{""box"":{""left"":1737,""right"":2333,""top"":1937,""bottom"":3364},""time"":1730972512050},{""box"":{""left"":1737,""right"":2333,""top"":1937,""bottom"":3364},""time"":1730972513016},{""box"":{""left"":1737,""right"":2333,""top"":1937,""bottom"":3364},""time"":1730972514025},{""box"":{""left"":1737,""right"":2333,""top"":1937,""bottom"":3364},""time"":1730972515043},{""box"":{""left"":1737,""right"":2333,""top"":1937,""bottom"":3364},""time"":1730972516000},{""box"":{""left"":1737,""right"":2333,""top"":1937,""bottom"":3364},""time"":1730972517028},{""box"":{""left"":1737,""right"":2333,""top"":1937,""bottom"":3364},""time"":1730972518049},{""box"":{""left"":1737,""right"":2333,""top"":1937,""bottom"":3364},""time"":1730972519004}",,,,,
12820,Person,2024-11-07 18:41:51,2024-11-07 18:41:58,"{""box"":{""left"":1762,""right"":2509,""top"":1918,""bottom"":3551},""time"":1730972511307},{""box"":{""left"":1762,""right"":2509,""top"":1918,""bottom"":3551},""time"":1730972512055},{""box"":{""left"":1762,""right"":2509,""top"":1918,""bottom"":3551},""time"":1730972513021},{""box"":{""left"":1762,""right"":2509,""top"":1918,""bottom"":3551},""time"":1730972514029},{""box"":{""left"":1762,""right"":2509,""top"":1918,""bottom"":3551},""time"":1730972515047},{""box"":{""left"":1762,""right"":2509,""top"":1918,""bottom"":3551},""time"":1730972516005},{""box"":{""left"":1762,""right"":2509,""top"":1918,""bottom"":3551},""time"":1730972517032},{""box"":{""left"":1762,""right"":2509,""top"":1918,""bottom"":3551},""time"":1730972518053}",,,,,
12821,Person,2024-11-07 18:41:59,2024-11-07 18:42:00,"{""box"":{""left"":925,""right"":4479,""top"":1662,""bottom"":7770},""time"":1730972519560},{""box"":{""left"":925,""right"":4479,""top"":1662,""bottom"":7770},""time"":1730972520027}",,,,,
12822,Person,2024-11-07 18:42:16,2024-11-07 18:42:23,"{""box"":{""left"":6437,""right"":2520,""top"":6725,""bottom"":4354},""time"":1730972536775},{""box"":{""left"":6437,""right"":2520,""top"":6725,""bottom"":4354},""time"":1730972538019},{""box"":{""left"":6437,""right"":2520,""top"":6725,""bottom"":4354},""time"":1730972539033},{""box"":{""left"":6437,""right"":2520,""top"":6725,""bottom"":4354},""time"":1730972540003},{""box"":{""left"":6437,""right"":2520,""top"":6725,""bottom"":4354},""time"":1730972541020},{""box"":{""left"":6437,""right"":2520,""top"":6725,""bottom"":4354},""time"":1730972542028},{""box"":{""left"":6437,""right"":2520,""top"":6725,""bottom"":4354},""time"":1730972543046}",,,,,
12823,Person,2024-11-07 18:42:18,2024-11-07 18:42:24,"{""box"":{""left"":5613,""right"":2605,""top"":6119,""bottom"":3782},""time"":1730972538924},{""box"":{""left"":5613,""right"":2605,""top"":6119,""bottom"":3782},""time"":1730972539162},{""box"":{""left"":5613,""right"":2605,""top"":6119,""bottom"":3782},""time"":1730972540008},{""box"":{""left"":5613,""right"":2605,""top"":6119,""bottom"":3782},""time"":1730972541025},{""box"":{""left"":5613,""right"":2605,""top"":6119,""bottom"":3782},""time"":1730972542033},{""box"":{""left"":5613,""right"":2605,""top"":6119,""bottom"":3782},""time"":1730972543001},{""box"":{""left"":5613,""right"":2605,""top"":6119,""bottom"":3782},""time"":1730972544026}",,,,,
12825,Person,2024-11-07 18:42:55,2024-11-07 18:42:58,"{""box"":{""left"":9425,""right"":6125,""top"":10000,""bottom"":8875},""time"":1730972575915},{""box"":{""left"":9425,""right"":6125,""top"":10000,""bottom"":8875},""time"":1730972576029},{""box"":{""left"":9425,""right"":6125,""top"":10000,""bottom"":8875},""time"":1730972577042},{""box"":{""left"":9425,""right"":6125,""top"":10000,""bottom"":8875},""time"":1730972578001}",,,,,
12826,Person,2024-11-07 18:42:59,2024-11-07 18:42:59,"{""box"":{""left"":8200,""right"":3791,""top"":8750,""bottom"":5478},""time"":1730972579577}",,,,,
12827,Person,2024-11-07 18:43:01,2024-11-07 18:43:02,"{""box"":{""left"":8025,""right"":3875,""top"":8575,""bottom"":5479},""time"":1730972581150},{""box"":{""left"":8025,""right"":3875,""top"":8575,""bottom"":5479},""time"":1730972582050}",,,,,
12828,Person,2024-11-07 18:43:02,2024-11-07 18:43:27,"{""box"":{""left"":8200,""right"":3687,""top"":8700,""bottom"":5458},""time"":1730972582839},{""box"":{""left"":8200,""right"":3687,""top"":8700,""bottom"":5458},""time"":1730972584475},{""box"":{""left"":8200,""right"":3687,""top"":8700,""bottom"":5458},""time"":1730972585490},{""box"":{""left"":8200,""right"":3687,""top"":8700,""bottom"":5458},""time"":1730972586001},{""box"":{""left"":8200,""right"":3687,""top"":8700,""bottom"":5458},""time"":1730972587031},{""box"":{""left"":8200,""right"":3687,""top"":8700,""bottom"":5458},""time"":1730972588059},{""box"":{""left"":8200,""right"":3687,""top"":8700,""bottom"":5458},""time"":1730972589026},{""box"":{""left"":8200,""right"":3687,""top"":8700,""bottom"":5458},""time"":1730972590058},{""box"":{""left"":8200,""right"":3687,""top"":8700,""bottom"":5458},""time"":1730972591085},{""box"":{""left"":8200,""right"":3687,""top"":8700,""bottom"":5458},""time"":1730972592050},{""box"":{""left"":8200,""right"":3687,""top"":8700,""bottom"":5458},""time"":1730972593006},{""box"":{""left"":8200,""right"":3687,""top"":8700,""bottom"":5458},""time"":1730972594047},{""box"":{""left"":8200,""right"":3687,""top"":8700,""bottom"":5458},""time"":1730972595016},{""box"":{""left"":8200,""right"":3687,""top"":8700,""bottom"":5458},""time"":1730972596016},{""box"":{""left"":8200,""right"":3687,""top"":8700,""bottom"":5458},""time"":1730972597050},{""box"":{""left"":8200,""right"":3687,""top"":8700,""bottom"":5458},""time"":1730972598013},{""box"":{""left"":8200,""right"":3687,""top"":8700,""bottom"":5458},""time"":1730972599026},{""box"":{""left"":8200,""right"":3687,""top"":8700,""bottom"":5458},""time"":1730972600049},{""box"":{""left"":8200,""right"":3687,""top"":8700,""bottom"":5458},""time"":1730972601638},{""box"":{""left"":8200,""right"":3687,""top"":8700,""bottom"":5458},""time"":1730972602038},{""box"":{""left"":8200,""right"":3687,""top"":8700,""bottom"":5458},""time"":1730972603013},{""box"":{""left"":8200,""right"":3687,""top"":8700,""bottom"":5458},""time"":1730972604035},{""box"":{""left"":8200,""right"":3687,""top"":8700,""bottom"":5458},""time"":1730972605008},{""box"":{""left"":8200,""right"":3687,""top"":8700,""bottom"":5458},""time"":1730972606032},{""box"":{""left"":8200,""right"":3687,""top"":8700,""bottom"":5458},""time"":1730972607002}",,,,,
12829,Person,2024-11-07 18:43:17,2024-11-07 18:43:32,"{""box"":{""left"":1743,""right"":2468,""top"":1911,""bottom"":3395},""time"":1730972597104},{""box"":{""left"":1743,""right"":2468,""top"":1911,""bottom"":3395},""time"":1730972600059},{""box"":{""left"":1743,""right"":2468,""top"":1911,""bottom"":3395},""time"":1730972601007},{""box"":{""left"":1743,""right"":2468,""top"":1911,""bottom"":3395},""time"":1730972602047},{""box"":{""left"":1743,""right"":2468,""top"":1911,""bottom"":3395},""time"":1730972603017},{""box"":{""left"":1743,""right"":2468,""top"":1911,""bottom"":3395},""time"":1730972604039},{""box"":{""left"":1743,""right"":2468,""top"":1911,""bottom"":3395},""time"":1730972605013},{""box"":{""left"":1743,""right"":2468,""top"":1911,""bottom"":3395},""time"":1730972606042},{""box"":{""left"":1743,""right"":2468,""top"":1911,""bottom"":3395},""time"":1730972607007},{""box"":{""left"":1743,""right"":2468,""top"":1911,""bottom"":3395},""time"":1730972608014},{""box"":{""left"":1743,""right"":2468,""top"":1911,""bottom"":3395},""time"":1730972609033},{""box"":{""left"":1743,""right"":2468,""top"":1911,""bottom"":3395},""time"":1730972610008},{""box"":{""left"":1743,""right"":2468,""top"":1911,""bottom"":3395},""time"":1730972611002},{""box"":{""left"":1743,""right"":2468,""top"":1911,""bottom"":3395},""time"":1730972612018}",,,,,
12830,Person,2024-11-07 18:43:19,2024-11-07 18:43:31,"{""box"":{""left"":1768,""right"":2572,""top"":1968,""bottom"":3625},""time"":1730972599322},{""box"":{""left"":1768,""right"":2572,""top"":1968,""bottom"":3625},""time"":1730972600064},{""box"":{""left"":1768,""right"":2572,""top"":1968,""bottom"":3625},""time"":1730972601012},{""box"":{""left"":1768,""right"":2572,""top"":1968,""bottom"":3625},""time"":1730972602052},{""box"":{""left"":1768,""right"":2572,""top"":1968,""bottom"":3625},""time"":1730972603023},{""box"":{""left"":1768,""right"":2572,""top"":1968,""bottom"":3625},""time"":1730972604043},{""box"":{""left"":1768,""right"":2572,""top"":1968,""bottom"":3625},""time"":1730972605017},{""box"":{""left"":1768,""right"":2572,""top"":1968,""bottom"":3625},""time"":1730972606047},{""box"":{""left"":1768,""right"":2572,""top"":1968,""bottom"":3625},""time"":1730972607011},{""box"":{""left"":1768,""right"":2572,""top"":1968,""bottom"":3625},""time"":1730972608024},{""box"":{""left"":1768,""right"":2572,""top"":1968,""bottom"":3625},""time"":1730972609038},{""box"":{""left"":1768,""right"":2572,""top"":1968,""bottom"":3625},""time"":1730972610018},{""box"":{""left"":1768,""right"":2572,""top"":1968,""bottom"":3625},""time"":1730972611115}",,,,,
12831,Person,2024-11-07 18:43:30,2024-11-07 18:43:31,"{""box"":{""left"":8387,""right"":3408,""top"":8874,""bottom"":5717},""time"":1730972610021}",,,,,
12832,Face,2024-11-07 18:43:30,2024-11-07 18:43:30,"{""box"":{""left"":5222,""right"":6128,""top"":5636,""bottom"":6731},""time"":1730972610772}","6,12",female,,,
12834,Person,2024-11-07 18:43:43,2024-11-07 18:43:45,"{""box"":{""left"":0,""right"":5000,""top"":950,""bottom"":9333},""time"":1730972623144},{""box"":{""left"":0,""right"":5000,""top"":950,""bottom"":9333},""time"":1730972624051},{""box"":{""left"":0,""right"":5000,""top"":950,""bottom"":9333},""time"":1730972625060}",,,,,
12835,Person,2024-11-07 18:43:44,2024-11-07 18:43:44,"{""box"":{""left"":312,""right"":4937,""top"":1450,""bottom"":8770},""time"":1730972624726}",,,,,
12836,Person,2024-11-07 18:43:44,2024-11-07 18:44:05,"{""box"":{""left"":8487,""right"":3583,""top"":9062,""bottom"":5958},""time"":1730972624948},{""box"":{""left"":8487,""right"":3583,""top"":9062,""bottom"":5958},""time"":1730972627006},{""box"":{""left"":8487,""right"":3583,""top"":9062,""bottom"":5958},""time"":1730972643011},{""box"":{""left"":8487,""right"":3583,""top"":9062,""bottom"":5958},""time"":1730972644193},{""box"":{""left"":8487,""right"":3583,""top"":9062,""bottom"":5958},""time"":1730972645109}",,,,,
12837,Person,2024-11-07 18:43:46,2024-11-07 18:43:56,"{""box"":{""left"":1837,""right"":3562,""top"":2350,""bottom"":6250},""time"":1730972626840},{""box"":{""left"":1837,""right"":3562,""top"":2350,""bottom"":6250},""time"":1730972627013},{""box"":{""left"":1837,""right"":3562,""top"":2350,""bottom"":6250},""time"":1730972628020},{""box"":{""left"":1837,""right"":3562,""top"":2350,""bottom"":6250},""time"":1730972629059},{""box"":{""left"":1837,""right"":3562,""top"":2350,""bottom"":6250},""time"":1730972630004},{""box"":{""left"":1837,""right"":3562,""top"":2350,""bottom"":6250},""time"":1730972631031},{""box"":{""left"":1837,""right"":3562,""top"":2350,""bottom"":6250},""time"":1730972632005},{""box"":{""left"":1837,""right"":3562,""top"":2350,""bottom"":6250},""time"":1730972633036},{""box"":{""left"":1837,""right"":3562,""top"":2350,""bottom"":6250},""time"":1730972634059},{""box"":{""left"":1837,""right"":3562,""top"":2350,""bottom"":6250},""time"":1730972635019},{""box"":{""left"":1837,""right"":3562,""top"":2350,""bottom"":6250},""time"":1730972636038}",,,,,
12838,Person,2024-11-07 18:43:50,2024-11-07 18:43:53,"{""box"":{""left"":1767,""right"":2656,""top"":2026,""bottom"":4191},""time"":1730972630748},{""box"":{""left"":1767,""right"":2656,""top"":2026,""bottom"":4191},""time"":1730972632071},{""box"":{""left"":1767,""right"":2656,""top"":2026,""bottom"":4191},""time"":1730972633217}",,,,,
12839,Person,2024-11-07 18:43:53,2024-11-07 18:43:53,"{""box"":{""left"":693,""right"":2875,""top"":856,""bottom"":3406},""time"":1730972633219}",,,,,
12840,Person,2024-11-07 18:43:53,2024-11-07 18:43:58,"{""box"":{""left"":6132,""right"":2678,""top"":6518,""bottom"":4542},""time"":1730972633551},{""box"":{""left"":6132,""right"":2678,""top"":6518,""bottom"":4542},""time"":1730972634176},{""box"":{""left"":6132,""right"":2678,""top"":6518,""bottom"":4542},""time"":1730972635024},{""box"":{""left"":6132,""right"":2678,""top"":6518,""bottom"":4542},""time"":1730972636042},{""box"":{""left"":6132,""right"":2678,""top"":6518,""bottom"":4542},""time"":1730972637047},{""box"":{""left"":6132,""right"":2678,""top"":6518,""bottom"":4542},""time"":1730972638024}",,,,,
12841,Person,2024-11-07 18:44:01,2024-11-07 18:44:02,"{""box"":{""left"":818,""right"":2531,""top"":1018,""bottom"":3343},""time"":1730972641937}",,,,,
12842,Person,2024-11-07 18:44:02,2024-11-07 18:44:14,"{""box"":{""left"":1775,""right"":2541,""top"":2037,""bottom"":3718},""time"":1730972642457},{""box"":{""left"":1775,""right"":2541,""top"":2037,""bottom"":3718},""time"":1730972645048},{""box"":{""left"":1775,""right"":2541,""top"":2037,""bottom"":3718},""time"":1730972646016},{""box"":{""left"":1775,""right"":2541,""top"":2037,""bottom"":3718},""time"":1730972647036},{""box"":{""left"":1775,""right"":2541,""top"":2037,""bottom"":3718},""time"":1730972648055},{""box"":{""left"":1775,""right"":2541,""top"":2037,""bottom"":3718},""time"":1730972649022},{""box"":{""left"":1775,""right"":2541,""top"":2037,""bottom"":3718},""time"":1730972650000},{""box"":{""left"":1775,""right"":2541,""top"":2037,""bottom"":3718},""time"":1730972651027},{""box"":{""left"":1775,""right"":2541,""top"":2037,""bottom"":3718},""time"":1730972652045},{""box"":{""left"":1775,""right"":2541,""top"":2037,""bottom"":3718},""time"":1730972653029},{""box"":{""left"":1775,""right"":2541,""top"":2037,""bottom"":3718},""time"":1730972654027}",,,,,
12843,Person,2024-11-07 18:44:07,2024-11-07 18:44:07,"{""box"":{""left"":7491,""right"":3562,""top"":8008,""bottom"":5229},""time"":1730972647599}",,,,,
12844,Person,2024-11-07 18:44:11,2024-11-07 18:44:12,"{""box"":{""left"":5687,""right"":8083,""top"":6612,""bottom"":10000},""time"":1730972651640},{""box"":{""left"":5687,""right"":8083,""top"":6612,""bottom"":10000},""time"":1730972652050}",,,,,
12845,Person,2024-11-07 18:44:11,2024-11-07 18:44:14,"{""box"":{""left"":1737,""right"":2395,""top"":1943,""bottom"":3416},""time"":1730972651870},{""box"":{""left"":1737,""right"":2395,""top"":1943,""bottom"":3416},""time"":1730972653037},{""box"":{""left"":1737,""right"":2395,""top"":1943,""bottom"":3416},""time"":1730972654031}",,,,,
12846,Person,2024-11-07 18:44:12,2024-11-07 18:44:19,"{""box"":{""left"":4195,""right"":7632,""top"":5545,""bottom"":10000},""time"":1730972652465},{""box"":{""left"":4195,""right"":7632,""top"":5545,""bottom"":10000},""time"":1730972653042},{""box"":{""left"":4195,""right"":7632,""top"":5545,""bottom"":10000},""time"":1730972654034},{""box"":{""left"":4195,""right"":7632,""top"":5545,""bottom"":10000},""time"":1730972655003},{""box"":{""left"":4195,""right"":7632,""top"":5545,""bottom"":10000},""time"":1730972656025},{""box"":{""left"":4195,""right"":7632,""top"":5545,""bottom"":10000},""time"":1730972657049},{""box"":{""left"":4195,""right"":7632,""top"":5545,""bottom"":10000},""time"":1730972658029},{""box"":{""left"":4195,""right"":7632,""top"":5545,""bottom"":10000},""time"":1730972659051}",,,,,
12847,Person,2024-11-07 18:44:12,2024-11-07 18:44:29,"{""box"":{""left"":8187,""right"":3416,""top"":8662,""bottom"":5520},""time"":1730972652467},{""box"":{""left"":8187,""right"":3416,""top"":8662,""bottom"":5520},""time"":1730972653046},{""box"":{""left"":8187,""right"":3416,""top"":8662,""bottom"":5520},""time"":1730972654038},{""box"":{""left"":8187,""right"":3416,""top"":8662,""bottom"":5520},""time"":1730972655009},{""box"":{""left"":8187,""right"":3416,""top"":8662,""bottom"":5520},""time"":1730972656030},{""box"":{""left"":8187,""right"":3416,""top"":8662,""bottom"":5520},""time"":1730972657000},{""box"":{""left"":8187,""right"":3416,""top"":8662,""bottom"":5520},""time"":1730972658034},{""box"":{""left"":8187,""right"":3416,""top"":8662,""bottom"":5520},""time"":1730972659056},{""box"":{""left"":8187,""right"":3416,""top"":8662,""bottom"":5520},""time"":1730972660070},{""box"":{""left"":8187,""right"":3416,""top"":8662,""bottom"":5520},""time"":1730972661020},{""box"":{""left"":8187,""right"":3416,""top"":8662,""bottom"":5520},""time"":1730972662097},{""box"":{""left"":8187,""right"":3416,""top"":8662,""bottom"":5520},""time"":1730972663009},{""box"":{""left"":8187,""right"":3416,""top"":8662,""bottom"":5520},""time"":1730972664041},{""box"":{""left"":8187,""right"":3416,""top"":8662,""bottom"":5520},""time"":1730972665026},{""box"":{""left"":8187,""right"":3416,""top"":8662,""bottom"":5520},""time"":1730972666035},{""box"":{""left"":8187,""right"":3416,""top"":8662,""bottom"":5520},""time"":1730972667019},{""box"":{""left"":8187,""right"":3416,""top"":8662,""bottom"":5520},""time"":1730972668032},{""box"":{""left"":8187,""right"":3416,""top"":8662,""bottom"":5520},""time"":1730972669144}",,,,,
12848,Person,2024-11-07 18:44:13,2024-11-07 18:44:18,"{""box"":{""left"":3050,""right"":5978,""top"":4125,""bottom"":9999},""time"":1730972653573},{""box"":{""left"":3050,""right"":5978,""top"":4125,""bottom"":9999},""time"":1730972655636},{""box"":{""left"":3050,""right"":5978,""top"":4125,""bottom"":9999},""time"":1730972656372},{""box"":{""left"":3050,""right"":5978,""top"":4125,""bottom"":9999},""time"":1730972657345},{""box"":{""left"":3050,""right"":5978,""top"":4125,""bottom"":9999},""time"":1730972658038}",,,,,
12849,Person,2024-11-07 18:44:21,2024-11-07 18:44:33,"{""box"":{""left"":1743,""right"":2385,""top"":1937,""bottom"":3458},""time"":1730972661983},{""box"":{""left"":1743,""right"":2385,""top"":1937,""bottom"":3458},""time"":1730972664047},{""box"":{""left"":1743,""right"":2385,""top"":1937,""bottom"":3458},""time"":1730972665035},{""box"":{""left"":1743,""right"":2385,""top"":1937,""bottom"":3458},""time"":1730972666039},{""box"":{""left"":1743,""right"":2385,""top"":1937,""bottom"":3458},""time"":1730972667027},{""box"":{""left"":1743,""right"":2385,""top"":1937,""bottom"":3458},""time"":1730972668039},{""box"":{""left"":1743,""right"":2385,""top"":1937,""bottom"":3458},""time"":1730972669031},{""box"":{""left"":1743,""right"":2385,""top"":1937,""bottom"":3458},""time"":1730972670009},{""box"":{""left"":1743,""right"":2385,""top"":1937,""bottom"":3458},""time"":1730972671048},{""box"":{""left"":1743,""right"":2385,""top"":1937,""bottom"":3458},""time"":1730972672011},{""box"":{""left"":1743,""right"":2385,""top"":1937,""bottom"":3458},""time"":1730972673031}",,,,,
12850,Person,2024-11-07 18:44:22,2024-11-07 18:44:23,"{""box"":{""left"":793,""right"":2750,""top"":993,""bottom"":3333},""time"":1730972662157}",,,,,
12851,Person,2024-11-07 18:44:32,2024-11-07 18:44:42,"{""box"":{""left"":8212,""right"":3270,""top"":8874,""bottom"":5874},""time"":1730972672703},{""box"":{""left"":8212,""right"":3270,""top"":8874,""bottom"":5874},""time"":1730972676174},{""box"":{""left"":8212,""right"":3270,""top"":8874,""bottom"":5874},""time"":1730972677073},{""box"":{""left"":8212,""right"":3270,""top"":8874,""bottom"":5874},""time"":1730972679163},{""box"":{""left"":8212,""right"":3270,""top"":8874,""bottom"":5874},""time"":1730972680636}",,,,,
12852,Person,2024-11-07 18:44:34,2024-11-07 18:44:42,"{""box"":{""left"":1825,""right"":3479,""top"":2187,""bottom"":5666},""time"":1730972674040},{""box"":{""left"":1825,""right"":3479,""top"":2187,""bottom"":5666},""time"":1730972675046},{""box"":{""left"":1825,""right"":3479,""top"":2187,""bottom"":5666},""time"":1730972676001},{""box"":{""left"":1825,""right"":3479,""top"":2187,""bottom"":5666},""time"":1730972677012},{""box"":{""left"":1825,""right"":3479,""top"":2187,""bottom"":5666},""time"":1730972678047},{""box"":{""left"":1825,""right"":3479,""top"":2187,""bottom"":5666},""time"":1730972679000},{""box"":{""left"":1825,""right"":3479,""top"":2187,""bottom"":5666},""time"":1730972680000},{""box"":{""left"":1825,""right"":3479,""top"":2187,""bottom"":5666},""time"":1730972681041},{""box"":{""left"":1825,""right"":3479,""top"":2187,""bottom"":5666},""time"":1730972682002}",,,,,
12853,Person,2024-11-07 18:44:36,2024-11-07 18:44:40,"{""box"":{""left"":1806,""right"":3041,""top"":2112,""bottom"":4687},""time"":1730972676401},{""box"":{""left"":1806,""right"":3041,""top"":2112,""bottom"":4687},""time"":1730972677017},{""box"":{""left"":1806,""right"":3041,""top"":2112,""bottom"":4687},""time"":1730972678275},{""box"":{""left"":1806,""right"":3041,""top"":2112,""bottom"":4687},""time"":1730972679005},{""box"":{""left"":1806,""right"":3041,""top"":2112,""bottom"":4687},""time"":1730972680006}",,,,,
12854,Person,2024-11-07 18:44:44,2024-11-07 18:44:47,"{""box"":{""left"":7575,""right"":8166,""top"":8873,""bottom"":10000},""time"":1730972684870},{""box"":{""left"":7575,""right"":8166,""top"":8873,""bottom"":10000},""time"":1730972685036},{""box"":{""left"":7575,""right"":8166,""top"":8873,""bottom"":10000},""time"":1730972686015},{""box"":{""left"":7575,""right"":8166,""top"":8873,""bottom"":10000},""time"":1730972687014}",,,,,
12855,Person,2024-11-07 18:44:45,2024-11-07 18:45:06,"{""box"":{""left"":8200,""right"":3229,""top"":8912,""bottom"":5874},""time"":1730972685040},{""box"":{""left"":8200,""right"":3229,""top"":8912,""bottom"":5874},""time"":1730972687019},{""box"":{""left"":8200,""right"":3229,""top"":8912,""bottom"":5874},""time"":1730972688044},{""box"":{""left"":8200,""right"":3229,""top"":8912,""bottom"":5874},""time"":1730972689289},{""box"":{""left"":8200,""right"":3229,""top"":8912,""bottom"":5874},""time"":1730972690081},{""box"":{""left"":8200,""right"":3229,""top"":8912,""bottom"":5874},""time"":1730972691034},{""box"":{""left"":8200,""right"":3229,""top"":8912,""bottom"":5874},""time"":1730972692001},{""box"":{""left"":8200,""right"":3229,""top"":8912,""bottom"":5874},""time"":1730972693020},{""box"":{""left"":8200,""right"":3229,""top"":8912,""bottom"":5874},""time"":1730972694040},{""box"":{""left"":8200,""right"":3229,""top"":8912,""bottom"":5874},""time"":1730972695068},{""box"":{""left"":8200,""right"":3229,""top"":8912,""bottom"":5874},""time"":1730972696319},{""box"":{""left"":8200,""right"":3229,""top"":8912,""bottom"":5874},""time"":1730972697013},{""box"":{""left"":8200,""right"":3229,""top"":8912,""bottom"":5874},""time"":1730972698018},{""box"":{""left"":8200,""right"":3229,""top"":8912,""bottom"":5874},""time"":1730972699026},{""box"":{""left"":8200,""right"":3229,""top"":8912,""bottom"":5874},""time"":1730972700654},{""box"":{""left"":8200,""right"":3229,""top"":8912,""bottom"":5874},""time"":1730972701005},{""box"":{""left"":8200,""right"":3229,""top"":8912,""bottom"":5874},""time"":1730972702241},{""box"":{""left"":8200,""right"":3229,""top"":8912,""bottom"":5874},""time"":1730972703040},{""box"":{""left"":8200,""right"":3229,""top"":8912,""bottom"":5874},""time"":1730972706732}",,,,,
12856,Face,2024-11-07 18:44:46,2024-11-07 18:44:46,"{""box"":{""left"":4974,""right"":6416,""top"":5334,""bottom"":6929},""time"":1730972686552}","6,12",female,,,
12857,Person,2024-11-07 18:44:47,2024-11-07 18:44:48,"{""box"":{""left"":3058,""right"":7378,""top"":5108,""bottom"":9566},""time"":1730972687348},{""box"":{""left"":3058,""right"":7378,""top"":5108,""bottom"":9566},""time"":1730972688050}",,,,,
12858,Person,2024-11-07 18:44:47,2024-11-07 18:44:48,"{""box"":{""left"":3210,""right"":5741,""top"":4011,""bottom"":8370},""time"":1730972687638},{""box"":{""left"":3210,""right"":5741,""top"":4011,""bottom"":8370},""time"":1730972688003}",,,,,
12859,Person,2024-11-07 18:44:48,2024-11-07 18:44:50,"{""box"":{""left"":2219,""right"":5794,""top"":3369,""bottom"":8685},""time"":1730972688385},{""box"":{""left"":2219,""right"":5794,""top"":3369,""bottom"":8685},""time"":1730972689064},{""box"":{""left"":2219,""right"":5794,""top"":3369,""bottom"":8685},""time"":1730972690021}",,,,,
12860,Person,2024-11-07 18:44:51,2024-11-07 18:44:57,"{""box"":{""left"":6312,""right"":2583,""top"":6675,""bottom"":4479},""time"":1730972691208},{""box"":{""left"":6312,""right"":2583,""top"":6675,""bottom"":4479},""time"":1730972692003},{""box"":{""left"":6312,""right"":2583,""top"":6675,""bottom"":4479},""time"":1730972693023},{""box"":{""left"":6312,""right"":2583,""top"":6675,""bottom"":4479},""time"":1730972694042},{""box"":{""left"":6312,""right"":2583,""top"":6675,""bottom"":4479},""time"":1730972695006},{""box"":{""left"":6312,""right"":2583,""top"":6675,""bottom"":4479},""time"":1730972696041},{""box"":{""left"":6312,""right"":2583,""top"":6675,""bottom"":4479},""time"":1730972697018}",,,,,
12861,Person,2024-11-07 18:45:03,2024-11-07 18:45:06,"{""box"":{""left"":1775,""right"":3019,""top"":2087,""bottom"":4810},""time"":1730972703837},{""box"":{""left"":1775,""right"":3019,""top"":2087,""bottom"":4810},""time"":1730972705051},{""box"":{""left"":1775,""right"":3019,""top"":2087,""bottom"":4810},""time"":1730972706061}",,,,,
12862,Person,2024-11-07 18:45:07,2024-11-07 18:45:08,"{""box"":{""left"":675,""right"":4833,""top"":1712,""bottom"":8333},""time"":1730972707973},{""box"":{""left"":675,""right"":4833,""top"":1712,""bottom"":8333},""time"":1730972708026}",,,,,
12863,Person,2024-11-07 18:45:09,2024-11-07 18:45:24,"{""box"":{""left"":1756,""right"":2645,""top"":1956,""bottom"":3906},""time"":1730972709494},{""box"":{""left"":1756,""right"":2645,""top"":1956,""bottom"":3906},""time"":1730972711031},{""box"":{""left"":1756,""right"":2645,""top"":1956,""bottom"":3906},""time"":1730972712045},{""box"":{""left"":1756,""right"":2645,""top"":1956,""bottom"":3906},""time"":1730972713012},{""box"":{""left"":1756,""right"":2645,""top"":1956,""bottom"":3906},""time"":1730972714031},{""box"":{""left"":1756,""right"":2645,""top"":1956,""bottom"":3906},""time"":1730972715001},{""box"":{""left"":1756,""right"":2645,""top"":1956,""bottom"":3906},""time"":1730972716021},{""box"":{""left"":1756,""right"":2645,""top"":1956,""bottom"":3906},""time"":1730972717042},{""box"":{""left"":1756,""right"":2645,""top"":1956,""bottom"":3906},""time"":1730972718000},{""box"":{""left"":1756,""right"":2645,""top"":1956,""bottom"":3906},""time"":1730972719023},{""box"":{""left"":1756,""right"":2645,""top"":1956,""bottom"":3906},""time"":1730972720045},{""box"":{""left"":1756,""right"":2645,""top"":1956,""bottom"":3906},""time"":1730972721059},{""box"":{""left"":1756,""right"":2645,""top"":1956,""bottom"":3906},""time"":1730972722033},{""box"":{""left"":1756,""right"":2645,""top"":1956,""bottom"":3906},""time"":1730972723045},{""box"":{""left"":1756,""right"":2645,""top"":1956,""bottom"":3906},""time"":1730972724007}",,,,,
12864,Person,2024-11-07 18:45:09,2024-11-07 18:45:12,"{""box"":{""left"":8550,""right"":3541,""top"":9024,""bottom"":6020},""time"":1730972709783},{""box"":{""left"":8550,""right"":3541,""top"":9024,""bottom"":6020},""time"":1730972711037},{""box"":{""left"":8550,""right"":3541,""top"":9024,""bottom"":6020},""time"":1730972712051}",,,,,
12865,Person,2024-11-07 18:45:12,2024-11-07 18:45:21,"{""box"":{""left"":6338,""right"":7706,""top"":7636,""bottom"":10000},""time"":1730972712158},{""box"":{""left"":6338,""right"":7706,""top"":7636,""bottom"":10000},""time"":1730972713017},{""box"":{""left"":6338,""right"":7706,""top"":7636,""bottom"":10000},""time"":1730972714036},{""box"":{""left"":6338,""right"":7706,""top"":7636,""bottom"":10000},""time"":1730972715007},{""box"":{""left"":6338,""right"":7706,""top"":7636,""bottom"":10000},""time"":1730972716027},{""box"":{""left"":6338,""right"":7706,""top"":7636,""bottom"":10000},""time"":1730972717048},{""box"":{""left"":6338,""right"":7706,""top"":7636,""bottom"":10000},""time"":1730972718005},{""box"":{""left"":6338,""right"":7706,""top"":7636,""bottom"":10000},""time"":1730972719028},{""box"":{""left"":6338,""right"":7706,""top"":7636,""bottom"":10000},""time"":1730972720049},{""box"":{""left"":6338,""right"":7706,""top"":7636,""bottom"":10000},""time"":1730972721000}",,,,,
12866,Person,2024-11-07 18:45:15,2024-11-07 18:45:24,"{""box"":{""left"":6063,""right"":3480,""top"":6965,""bottom"":6439},""time"":1730972715681},{""box"":{""left"":6063,""right"":3480,""top"":6965,""bottom"":6439},""time"":1730972716140},{""box"":{""left"":6063,""right"":3480,""top"":6965,""bottom"":6439},""time"":1730972717274},{""box"":{""left"":6063,""right"":3480,""top"":6965,""bottom"":6439},""time"":1730972718123},{""box"":{""left"":6063,""right"":3480,""top"":6965,""bottom"":6439},""time"":1730972719033},{""box"":{""left"":6063,""right"":3480,""top"":6965,""bottom"":6439},""time"":1730972720053},{""box"":{""left"":6063,""right"":3480,""top"":6965,""bottom"":6439},""time"":1730972721004},{""box"":{""left"":6063,""right"":3480,""top"":6965,""bottom"":6439},""time"":1730972722039},{""box"":{""left"":6063,""right"":3480,""top"":6965,""bottom"":6439},""time"":1730972723001},{""box"":{""left"":6063,""right"":3480,""top"":6965,""bottom"":6439},""time"":1730972724016}",,,,,