56835,Person,2024-10-26 12:32:35,2024-10-26 12:33:06,"{""left"":8535,""right"":3576,""top"":9090,""bottom"":6059},{""box"":{""left"":8535,""right"":3576,""top"":9090,""bottom"":6059},""time"":1729913556190},{""box"":{""left"":8535,""right"":3576,""top"":9090,""bottom"":6059},""time"":1729913556237},{""box"":{""left"":8535,""right"":3576,""top"":9090,""bottom"":6059},""time"":1729913556300},{""box"":{""left"":8535,""right"":3576,""top"":9090,""bottom"":6059},""time"":1729913556350},{""box"":{""left"":8535,""right"":3576,""top"":9090,""bottom"":6059},""time"":1729913556412},{""box"":{""left"":8535,""right"":3576,""top"":9090,""bottom"":6059},""time"":1729913556422},{""box"":{""left"":8535,""right"":3576,""top"":9090,""bottom"":6059},""time"":1729913556463},{""box"":{""left"":8535,""right"":3576,""top"":9090,""bottom"":6059},""time"":1729913556473},{""box"":{""left"":8535,""right"":3576,""top"":9090,""bottom"":6059},""time"":1729913556524},{""box"":{""left"":8535,""right"":3576,""top"":9090,""bottom"":6059},""time"":1729913556534},{""box"":{""left"":8535,""right"":3576,""top"":9090,""bottom"":6059},""time"":1729913556630},{""box"":{""left"":8535,""right"":3576,""top"":9090,""bottom"":6059},""time"":1729913556649},{""box"":{""left"":8535,""right"":3576,""top"":9090,""bottom"":6059},""time"":1729913556704},{""box"":{""left"":8535,""right"":3576,""top"":9090,""bottom"":6059},""time"":1729913556734},{""box"":{""left"":8535,""right"":3576,""top"":9090,""bottom"":6059},""time"":1729913556862},{""box"":{""left"":8535,""right"":3576,""top"":9090,""bottom"":6059},""time"":1729913556885},{""box"":{""left"":8535,""right"":3576,""top"":9090,""bottom"":6059},""time"":1729913556918},{""box"":{""left"":8535,""right"":3576,""top"":9090,""bottom"":6059},""time"":1729913556979},{""box"":{""left"":8535,""right"":3576,""top"":9090,""bottom"":6059},""time"":1729913557000},{""box"":{""left"":8535,""right"":3576,""top"":9090,""bottom"":6059},""time"":1729913557054},{""box"":{""left"":8535,""right"":3576,""top"":9090,""bottom"":6059},""time"":1729913557065},{""box"":{""left"":8535,""right"":3576,""top"":9090,""bottom"":6059},""time"":1729913557117},{""box"":{""left"":8535,""right"":3576,""top"":9090,""bottom"":6059},""time"":1729913557138},{""box"":{""left"":8535,""right"":3576,""top"":9090,""bottom"":6059},""time"":1729913557176},{""box"":{""left"":8535,""right"":3576,""top"":9090,""bottom"":6059},""time"":1729913557237},{""box"":{""left"":8535,""right"":3576,""top"":9090,""bottom"":6059},""time"":1729913557258},{""box"":{""left"":8535,""right"":3576,""top"":9090,""bottom"":6059},""time"":1729913557320},{""box"":{""left"":8535,""right"":3576,""top"":9090,""bottom"":6059},""time"":1729913557330},{""box"":{""left"":8535,""right"":3576,""top"":9090,""bottom"":6059},""time"":1729913557382},{""box"":{""left"":8535,""right"":3576,""top"":9090,""bottom"":6059},""time"":1729913557392},{""box"":{""left"":8535,""right"":3576,""top"":9090,""bottom"":6059},""time"":1729913557444},{""box"":{""left"":8535,""right"":3576,""top"":9090,""bottom"":6059},""time"":1729913557464},{""box"":{""left"":8535,""right"":3576,""top"":9090,""bottom"":6059},""time"":1729913557484},{""box"":{""left"":8535,""right"":3576,""top"":9090,""bottom"":6059},""time"":1729913557515},{""box"":{""left"":8535,""right"":3576,""top"":9090,""bottom"":6059},""time"":1729913557543},{""box"":{""left"":8535,""right"":3576,""top"":9090,""bottom"":6059},""time"":1729913557574},{""box"":{""left"":8535,""right"":3576,""top"":9090,""bottom"":6059},""time"":1729913557636},{""box"":{""left"":8535,""right"":3576,""top"":9090,""bottom"":6059},""time"":1729913557646},{""box"":{""left"":8535,""right"":3576,""top"":9090,""bottom"":6059},""time"":1729913557698},{""box"":{""left"":8535,""right"":3576,""top"":9090,""bottom"":6059},""time"":1729913557708},{""box"":{""left"":8535,""right"":3576,""top"":9090,""bottom"":6059},""time"":1729913557760},{""box"":{""left"":8535,""right"":3576,""top"":9090,""bottom"":6059},""time"":1729913557779},{""box"":{""left"":8535,""right"":3576,""top"":9090,""bottom"":6059},""time"":1729913557798},{""box"":{""left"":8535,""right"":3576,""top"":9090,""bottom"":6059},""time"":1729913557808},{""box"":{""left"":8535,""right"":3576,""top"":9090,""bottom"":6059},""time"":1729913557860},{""box"":{""left"":8535,""right"":3576,""top"":9090,""bottom"":6059},""time"":1729913557890},{""box"":{""left"":8535,""right"":3576,""top"":9090,""bottom"":6059},""time"":1729913557952},{""box"":{""left"":8535,""right"":3576,""top"":9090,""bottom"":6059},""time"":1729913558024},{""box"":{""left"":8535,""right"":3576,""top"":9090,""bottom"":6059},""time"":1729913558075},{""box"":{""left"":8535,""right"":3576,""top"":9090,""bottom"":6059},""time"":1729913558136},{""box"":{""left"":8535,""right"":3576,""top"":9090,""bottom"":6059},""time"":1729913558197},{""box"":{""left"":8535,""right"":3576,""top"":9090,""bottom"":6059},""time"":1729913558230},{""box"":{""left"":8535,""right"":3576,""top"":9090,""bottom"":6059},""time"":1729913558342},{""box"":{""left"":8535,""right"":3576,""top"":9090,""bottom"":6059},""time"":1729913558406},{""box"":{""left"":8535,""right"":3576,""top"":9090,""bottom"":6059},""time"":1729913558417},{""box"":{""left"":8535,""right"":3576,""top"":9090,""bottom"":6059},""time"":1729913558480},{""box"":{""left"":8535,""right"":3576,""top"":9090,""bottom"":6059},""time"":1729913558533},{""box"":{""left"":8535,""right"":3576,""top"":9090,""bottom"":6059},""time"":1729913558581},{""box"":{""left"":8535,""right"":3576,""top"":9090,""bottom"":6059},""time"":1729913558631},{""box"":{""left"":8535,""right"":3576,""top"":9090,""bottom"":6059},""time"":1729913558706},{""box"":{""left"":8535,""right"":3576,""top"":9090,""bottom"":6059},""time"":1729913558778},{""box"":{""left"":8535,""right"":3576,""top"":9090,""bottom"":6059},""time"":1729913558861},{""box"":{""left"":8535,""right"":3576,""top"":9090,""bottom"":6059},""time"":1729913558923},{""box"":{""left"":8535,""right"":3576,""top"":9090,""bottom"":6059},""time"":1729913558934},{""box"":{""left"":8535,""right"":3576,""top"":9090,""bottom"":6059},""time"":1729913558968},{""box"":{""left"":8535,""right"":3576,""top"":9090,""bottom"":6059},""time"":1729913559030},{""box"":{""left"":8535,""right"":3576,""top"":9090,""bottom"":6059},""time"":1729913559040},{""box"":{""left"":8535,""right"":3576,""top"":9090,""bottom"":6059},""time"":1729913559077},{""box"":{""left"":8535,""right"":3576,""top"":9090,""bottom"":6059},""time"":1729913559148},{""box"":{""left"":8535,""right"":3576,""top"":9090,""bottom"":6059},""time"":1729913559199},{""box"":{""left"":8535,""right"":3576,""top"":9090,""bottom"":6059},""time"":1729913559229},{""box"":{""left"":8535,""right"":3576,""top"":9090,""bottom"":6059},""time"":1729913559291},{""box"":{""left"":8535,""right"":3576,""top"":9090,""bottom"":6059},""time"":1729913559335},{""box"":{""left"":8535,""right"":3576,""top"":9090,""bottom"":6059},""time"":1729913559373},{""box"":{""left"":8535,""right"":3576,""top"":9090,""bottom"":6059},""time"":1729913559404},{""box"":{""left"":8535,""right"":3576,""top"":9090,""bottom"":6059},""time"":1729913559452},{""box"":{""left"":8535,""right"":3576,""top"":9090,""bottom"":6059},""time"":1729913559519},{""box"":{""left"":8535,""right"":3576,""top"":9090,""bottom"":6059},""time"":1729913559568},{""box"":{""left"":8535,""right"":3576,""top"":9090,""bottom"":6059},""time"":1729913559640},{""box"":{""left"":8535,""right"":3576,""top"":9090,""bottom"":6059},""time"":1729913559714},{""box"":{""left"":8535,""right"":3576,""top"":9090,""bottom"":6059},""time"":1729913559776},{""box"":{""left"":8535,""right"":3576,""top"":9090,""bottom"":6059},""time"":1729913559825},{""box"":{""left"":8535,""right"":3576,""top"":9090,""bottom"":6059},""time"":1729913559897},{""box"":{""left"":8535,""right"":3576,""top"":9090,""bottom"":6059},""time"":1729913559946},{""box"":{""left"":8535,""right"":3576,""top"":9090,""bottom"":6059},""time"":1729913560018},{""box"":{""left"":8535,""right"":3576,""top"":9090,""bottom"":6059},""time"":1729913560080},{""box"":{""left"":8535,""right"":3576,""top"":9090,""bottom"":6059},""time"":1729913560142},{""box"":{""left"":8535,""right"":3576,""top"":9090,""bottom"":6059},""time"":1729913560191},{""box"":{""left"":8535,""right"":3576,""top"":9090,""bottom"":6059},""time"":1729913560229},{""box"":{""left"":8535,""right"":3576,""top"":9090,""bottom"":6059},""time"":1729913560271},{""box"":{""left"":8535,""right"":3576,""top"":9090,""bottom"":6059},""time"":1729913560303},{""box"":{""left"":8535,""right"":3576,""top"":9090,""bottom"":6059},""time"":1729913560324},{""box"":{""left"":8535,""right"":3576,""top"":9090,""bottom"":6059},""time"":1729913560376},{""box"":{""left"":8535,""right"":3576,""top"":9090,""bottom"":6059},""time"":1729913560400},{""box"":{""left"":8535,""right"":3576,""top"":9090,""bottom"":6059},""time"":1729913560472},{""box"":{""left"":8535,""right"":3576,""top"":9090,""bottom"":6059},""time"":1729913560504},{""box"":{""left"":8535,""right"":3576,""top"":9090,""bottom"":6059},""time"":1729913560576},{""box"":{""left"":8535,""right"":3576,""top"":9090,""bottom"":6059},""time"":1729913560615},{""box"":{""left"":8535,""right"":3576,""top"":9090,""bottom"":6059},""time"":1729913560647},{""box"":{""left"":8535,""right"":3576,""top"":9090,""bottom"":6059},""time"":1729913561021},{""box"":{""left"":8535,""right"":3576,""top"":9090,""bottom"":6059},""time"":1729913561095},{""box"":{""left"":8535,""right"":3576,""top"":9090,""bottom"":6059},""time"":1729913561167},{""box"":{""left"":8535,""right"":3576,""top"":9090,""bottom"":6059},""time"":1729913561198},{""box"":{""left"":8535,""right"":3576,""top"":9090,""bottom"":6059},""time"":1729913561229},{""box"":{""left"":8535,""right"":3576,""top"":9090,""bottom"":6059},""time"":1729913561301},{""box"":{""left"":8535,""right"":3576,""top"":9090,""bottom"":6059},""time"":1729913561324},{""box"":{""left"":8535,""right"":3576,""top"":9090,""bottom"":6059},""time"":1729913561356},{""box"":{""left"":8535,""right"":3576,""top"":9090,""bottom"":6059},""time"":1729913561377},{""box"":{""left"":8535,""right"":3576,""top"":9090,""bottom"":6059},""time"":1729913561439},{""box"":{""left"":8535,""right"":3576,""top"":9090,""bottom"":6059},""time"":1729913561462},{""box"":{""left"":8535,""right"":3576,""top"":9090,""bottom"":6059},""time"":1729913561490},{""box"":{""left"":8535,""right"":3576,""top"":9090,""bottom"":6059},""time"":1729913561511},{""box"":{""left"":8535,""right"":3576,""top"":9090,""bottom"":6059},""time"":1729913561543},{""box"":{""left"":8535,""right"":3576,""top"":9090,""bottom"":6059},""time"":1729913561564},{""box"":{""left"":8535,""right"":3576,""top"":9090,""bottom"":6059},""time"":1729913561615},{""box"":{""left"":8535,""right"":3576,""top"":9090,""bottom"":6059},""time"":1729913561636},{""box"":{""left"":8535,""right"":3576,""top"":9090,""bottom"":6059},""time"":1729913561688},{""box"":{""left"":8535,""right"":3576,""top"":9090,""bottom"":6059},""time"":1729913561709},{""box"":{""left"":8535,""right"":3576,""top"":9090,""bottom"":6059},""time"":1729913561760},{""box"":{""left"":8535,""right"":3576,""top"":9090,""bottom"":6059},""time"":1729913561782},{""box"":{""left"":8535,""right"":3576,""top"":9090,""bottom"":6059},""time"":1729913561834},{""box"":{""left"":8535,""right"":3576,""top"":9090,""bottom"":6059},""time"":1729913561855},{""box"":{""left"":8535,""right"":3576,""top"":9090,""bottom"":6059},""time"":1729913561896},{""box"":{""left"":8535,""right"":3576,""top"":9090,""bottom"":6059},""time"":1729913561917},{""box"":{""left"":8535,""right"":3576,""top"":9090,""bottom"":6059},""time"":1729913561959},{""box"":{""left"":8535,""right"":3576,""top"":9090,""bottom"":6059},""time"":1729913561969},{""box"":{""left"":8535,""right"":3576,""top"":9090,""bottom"":6059},""time"":1729913561986},{""box"":{""left"":8535,""right"":3576,""top"":9090,""bottom"":6059},""time"":1729913561996},{""box"":{""left"":8535,""right"":3576,""top"":9090,""bottom"":6059},""time"":1729913562023},{""box"":{""left"":8535,""right"":3576,""top"":9090,""bottom"":6059},""time"":1729913562076},{""box"":{""left"":8535,""right"":3576,""top"":9090,""bottom"":6059},""time"":1729913562117},{""box"":{""left"":8535,""right"":3576,""top"":9090,""bottom"":6059},""time"":1729913562138},{""box"":{""left"":8535,""right"":3576,""top"":9090,""bottom"":6059},""time"":1729913562190},{""box"":{""left"":8535,""right"":3576,""top"":9090,""bottom"":6059},""time"":1729913562243},{""box"":{""left"":8535,""right"":3576,""top"":9090,""bottom"":6059},""time"":1729913562294},{""box"":{""left"":8535,""right"":3576,""top"":9090,""bottom"":6059},""time"":1729913562346},{""box"":{""left"":8535,""right"":3576,""top"":9090,""bottom"":6059},""time"":1729913562398},{""box"":{""left"":8535,""right"":3576,""top"":9090,""bottom"":6059},""time"":1729913562431},{""box"":{""left"":8535,""right"":3576,""top"":9090,""bottom"":6059},""time"":1729913562483},{""box"":{""left"":8535,""right"":3576,""top"":9090,""bottom"":6059},""time"":1729913562535},{""box"":{""left"":8535,""right"":3576,""top"":9090,""bottom"":6059},""time"":1729913562578},{""box"":{""left"":8535,""right"":3576,""top"":9090,""bottom"":6059},""time"":1729913562631},{""box"":{""left"":8535,""right"":3576,""top"":9090,""bottom"":6059},""time"":1729913562675},{""box"":{""left"":8535,""right"":3576,""top"":9090,""bottom"":6059},""time"":1729913562719},{""box"":{""left"":8535,""right"":3576,""top"":9090,""bottom"":6059},""time"":1729913562764},{""box"":{""left"":8535,""right"":3576,""top"":9090,""bottom"":6059},""time"":1729913562798},{""box"":{""left"":8535,""right"":3576,""top"":9090,""bottom"":6059},""time"":1729913562819},{""box"":{""left"":8535,""right"":3576,""top"":9090,""bottom"":6059},""time"":1729913562873},{""box"":{""left"":8535,""right"":3576,""top"":9090,""bottom"":6059},""time"":1729913562917},{""box"":{""left"":8535,""right"":3576,""top"":9090,""bottom"":6059},""time"":1729913562960},{""box"":{""left"":8535,""right"":3576,""top"":9090,""bottom"":6059},""time"":1729913562972},{""box"":{""left"":8535,""right"":3576,""top"":9090,""bottom"":6059},""time"":1729913563015},{""box"":{""left"":8535,""right"":3576,""top"":9090,""bottom"":6059},""time"":1729913563047},{""box"":{""left"":8535,""right"":3576,""top"":9090,""bottom"":6059},""time"":1729913563058},{""box"":{""left"":8535,""right"":3576,""top"":9090,""bottom"":6059},""time"":1729913563095},{""box"":{""left"":8535,""right"":3576,""top"":9090,""bottom"":6059},""time"":1729913563111},{""box"":{""left"":8535,""right"":3576,""top"":9090,""bottom"":6059},""time"":1729913563122},{""box"":{""left"":8535,""right"":3576,""top"":9090,""bottom"":6059},""time"":1729913563165},{""box"":{""left"":8535,""right"":3576,""top"":9090,""bottom"":6059},""time"":1729913563176},{""box"":{""left"":8535,""right"":3576,""top"":9090,""bottom"":6059},""time"":1729913563219},{""box"":{""left"":8535,""right"":3576,""top"":9090,""bottom"":6059},""time"":1729913563230},{""box"":{""left"":8535,""right"":3576,""top"":9090,""bottom"":6059},""time"":1729913563273},{""box"":{""left"":8535,""right"":3576,""top"":9090,""bottom"":6059},""time"":1729913563284},{""box"":{""left"":8535,""right"":3576,""top"":9090,""bottom"":6059},""time"":1729913563327},{""box"":{""left"":8535,""right"":3576,""top"":9090,""bottom"":6059},""time"":1729913563342},{""box"":{""left"":8535,""right"":3576,""top"":9090,""bottom"":6059},""time"":1729913563358},{""box"":{""left"":8535,""right"":3576,""top"":9090,""bottom"":6059},""time"":1729913563369},{""box"":{""left"":8535,""right"":3576,""top"":9090,""bottom"":6059},""time"":1729913563392},{""box"":{""left"":8535,""right"":3576,""top"":9090,""bottom"":6059},""time"":1729913563404},{""box"":{""left"":8535,""right"":3576,""top"":9090,""bottom"":6059},""time"":1729913563446},{""box"":{""left"":8535,""right"":3576,""top"":9090,""bottom"":6059},""time"":1729913563468},{""box"":{""left"":8535,""right"":3576,""top"":9090,""bottom"":6059},""time"":1729913563511},{""box"":{""left"":8535,""right"":3576,""top"":9090,""bottom"":6059},""time"":1729913563522},{""box"":{""left"":8535,""right"":3576,""top"":9090,""bottom"":6059},""time"":1729913563565},{""box"":{""left"":8535,""right"":3576,""top"":9090,""bottom"":6059},""time"":1729913563587},{""box"":{""left"":8535,""right"":3576,""top"":9090,""bottom"":6059},""time"":1729913563620},{""box"":{""left"":8535,""right"":3576,""top"":9090,""bottom"":6059},""time"":1729913563642},{""box"":{""left"":8535,""right"":3576,""top"":9090,""bottom"":6059},""time"":1729913563696},{""box"":{""left"":8535,""right"":3576,""top"":9090,""bottom"":6059},""time"":1729913563751},{""box"":{""left"":8535,""right"":3576,""top"":9090,""bottom"":6059},""time"":1729913563773},{""box"":{""left"":8535,""right"":3576,""top"":9090,""bottom"":6059},""time"":1729913563796},{""box"":{""left"":8535,""right"":3576,""top"":9090,""bottom"":6059},""time"":1729913563807},{""box"":{""left"":8535,""right"":3576,""top"":9090,""bottom"":6059},""time"":1729913563850},{""box"":{""left"":8535,""right"":3576,""top"":9090,""bottom"":6059},""time"":1729913563887},{""box"":{""left"":8535,""right"":3576,""top"":9090,""bottom"":6059},""time"":1729913563898},{""box"":{""left"":8535,""right"":3576,""top"":9090,""bottom"":6059},""time"":1729913563947},{""box"":{""left"":8535,""right"":3576,""top"":9090,""bottom"":6059},""time"":1729913564010},{""box"":{""left"":8535,""right"":3576,""top"":9090,""bottom"":6059},""time"":1729913564035},{""box"":{""left"":8535,""right"":3576,""top"":9090,""bottom"":6059},""time"":1729913564071},{""box"":{""left"":8535,""right"":3576,""top"":9090,""bottom"":6059},""time"":1729913564140},{""box"":{""left"":8535,""right"":3576,""top"":9090,""bottom"":6059},""time"":1729913564189},{""box"":{""left"":8535,""right"":3576,""top"":9090,""bottom"":6059},""time"":1729913564241},{""box"":{""left"":8535,""right"":3576,""top"":9090,""bottom"":6059},""time"":1729913564290},{""box"":{""left"":8535,""right"":3576,""top"":9090,""bottom"":6059},""time"":1729913564353},{""box"":{""left"":8535,""right"":3576,""top"":9090,""bottom"":6059},""time"":1729913564413},{""box"":{""left"":8535,""right"":3576,""top"":9090,""bottom"":6059},""time"":1729913564438},{""box"":{""left"":8535,""right"":3576,""top"":9090,""bottom"":6059},""time"":1729913564485},{""box"":{""left"":8535,""right"":3576,""top"":9090,""bottom"":6059},""time"":1729913564538},{""box"":{""left"":8535,""right"":3576,""top"":9090,""bottom"":6059},""time"":1729913564590},{""box"":{""left"":8535,""right"":3576,""top"":9090,""bottom"":6059},""time"":1729913564603},{""box"":{""left"":8535,""right"":3576,""top"":9090,""bottom"":6059},""time"":1729913564656},{""box"":{""left"":8535,""right"":3576,""top"":9090,""bottom"":6059},""time"":1729913564700},{""box"":{""left"":8535,""right"":3576,""top"":9090,""bottom"":6059},""time"":1729913564764},{""box"":{""left"":8535,""right"":3576,""top"":9090,""bottom"":6059},""time"":1729913564817},{""box"":{""left"":8535,""right"":3576,""top"":9090,""bottom"":6059},""time"":1729913564833},{""box"":{""left"":8535,""right"":3576,""top"":9090,""bottom"":6059},""time"":1729913564886},{""box"":{""left"":8535,""right"":3576,""top"":9090,""bottom"":6059},""time"":1729913564928},{""box"":{""left"":8535,""right"":3576,""top"":9090,""bottom"":6059},""time"":1729913564942},{""box"":{""left"":8535,""right"":3576,""top"":9090,""bottom"":6059},""time"":1729913564993},{""box"":{""left"":8535,""right"":3576,""top"":9090,""bottom"":6059},""time"":1729913565040},{""box"":{""left"":8535,""right"":3576,""top"":9090,""bottom"":6059},""time"":1729913565054},{""box"":{""left"":8535,""right"":3576,""top"":9090,""bottom"":6059},""time"":1729913565107},{""box"":{""left"":8535,""right"":3576,""top"":9090,""bottom"":6059},""time"":1729913565154},{""box"":{""left"":8535,""right"":3576,""top"":9090,""bottom"":6059},""time"":1729913565214},{""box"":{""left"":8535,""right"":3576,""top"":9090,""bottom"":6059},""time"":1729913565265},{""box"":{""left"":8535,""right"":3576,""top"":9090,""bottom"":6059},""time"":1729913565344},{""box"":{""left"":8535,""right"":3576,""top"":9090,""bottom"":6059},""time"":1729913565420},{""box"":{""left"":8535,""right"":3576,""top"":9090,""bottom"":6059},""time"":1729913565499},{""box"":{""left"":8535,""right"":3576,""top"":9090,""bottom"":6059},""time"":1729913565576},{""box"":{""left"":8535,""right"":3576,""top"":9090,""bottom"":6059},""time"":1729913565650},{""box"":{""left"":8535,""right"":3576,""top"":9090,""bottom"":6059},""time"":1729913565723},{""box"":{""left"":8535,""right"":3576,""top"":9090,""bottom"":6059},""time"":1729913565799},{""box"":{""left"":8535,""right"":3576,""top"":9090,""bottom"":6059},""time"":1729913565862},{""box"":{""left"":8535,""right"":3576,""top"":9090,""bottom"":6059},""time"":1729913565889},{""box"":{""left"":8535,""right"":3576,""top"":9090,""bottom"":6059},""time"":1729913565955},{""box"":{""left"":8535,""right"":3576,""top"":9090,""bottom"":6059},""time"":1729913565983},{""box"":{""left"":8535,""right"":3576,""top"":9090,""bottom"":6059},""time"":1729913566048},{""box"":{""left"":8535,""right"":3576,""top"":9090,""bottom"":6059},""time"":1729913566062},{""box"":{""left"":8535,""right"":3576,""top"":9090,""bottom"":6059},""time"":1729913566081},{""box"":{""left"":8535,""right"":3576,""top"":9090,""bottom"":6059},""time"":1729913566108},{""box"":{""left"":8535,""right"":3576,""top"":9090,""bottom"":6059},""time"":1729913566174},{""box"":{""left"":8535,""right"":3576,""top"":9090,""bottom"":6059},""time"":1729913566201},{""box"":{""left"":8535,""right"":3576,""top"":9090,""bottom"":6059},""time"":1729913566232},{""box"":{""left"":8535,""right"":3576,""top"":9090,""bottom"":6059},""time"":1729913566258},{""box"":{""left"":8535,""right"":3576,""top"":9090,""bottom"":6059},""time"":1729913566290},{""box"":{""left"":8535,""right"":3576,""top"":9090,""bottom"":6059},""time"":1729913566317},{""box"":{""left"":8535,""right"":3576,""top"":9090,""bottom"":6059},""time"":1729913566348},{""box"":{""left"":8535,""right"":3576,""top"":9090,""bottom"":6059},""time"":1729913566361},{""box"":{""left"":8535,""right"":3576,""top"":9090,""bottom"":6059},""time"":1729913566398},{""box"":{""left"":8535,""right"":3576,""top"":9090,""bottom"":6059},""time"":1729913569562},{""box"":{""left"":8535,""right"":3576,""top"":9090,""bottom"":6059},""time"":1729913569629},{""box"":{""left"":8535,""right"":3576,""top"":9090,""bottom"":6059},""time"":1729913569722},{""box"":{""left"":8535,""right"":3576,""top"":9090,""bottom"":6059},""time"":1729913569807},{""box"":{""left"":8535,""right"":3576,""top"":9090,""bottom"":6059},""time"":1729913569860},{""box"":{""left"":8535,""right"":3576,""top"":9090,""bottom"":6059},""time"":1729913569875},{""box"":{""left"":8535,""right"":3576,""top"":9090,""bottom"":6059},""time"":1729913569934},{""box"":{""left"":8535,""right"":3576,""top"":9090,""bottom"":6059},""time"":1729913569973},{""box"":{""left"":8535,""right"":3576,""top"":9090,""bottom"":6059},""time"":1729913569988},{""box"":{""left"":8535,""right"":3576,""top"":9090,""bottom"":6059},""time"":1729913570007},{""box"":{""left"":8535,""right"":3576,""top"":9090,""bottom"":6059},""time"":1729913570035},{""box"":{""left"":8535,""right"":3576,""top"":9090,""bottom"":6059},""time"":1729913570160},{""box"":{""left"":8535,""right"":3576,""top"":9090,""bottom"":6059},""time"":1729913570214},{""box"":{""left"":8535,""right"":3576,""top"":9090,""bottom"":6059},""time"":1729913570269},{""box"":{""left"":8535,""right"":3576,""top"":9090,""bottom"":6059},""time"":1729913570323},{""box"":{""left"":8535,""right"":3576,""top"":9090,""bottom"":6059},""time"":1729913570377},{""box"":{""left"":8535,""right"":3576,""top"":9090,""bottom"":6059},""time"":1729913570432},{""box"":{""left"":8535,""right"":3576,""top"":9090,""bottom"":6059},""time"":1729913570471},{""box"":{""left"":8535,""right"":3576,""top"":9090,""bottom"":6059},""time"":1729913570511},{""box"":{""left"":8535,""right"":3576,""top"":9090,""bottom"":6059},""time"":1729913570566},{""box"":{""left"":8535,""right"":3576,""top"":9090,""bottom"":6059},""time"":1729913570621},{""box"":{""left"":8535,""right"":3576,""top"":9090,""bottom"":6059},""time"":1729913570675},{""box"":{""left"":8535,""right"":3576,""top"":9090,""bottom"":6059},""time"":1729913570716},{""box"":{""left"":8535,""right"":3576,""top"":9090,""bottom"":6059},""time"":1729913570730},{""box"":{""left"":8535,""right"":3576,""top"":9090,""bottom"":6059},""time"":1729913570746},{""box"":{""left"":8535,""right"":3576,""top"":9090,""bottom"":6059},""time"":1729913570762},{""box"":{""left"":8535,""right"":3576,""top"":9090,""bottom"":6059},""time"":1729913570779},{""box"":{""left"":8535,""right"":3576,""top"":9090,""bottom"":6059},""time"":1729913570808},{""box"":{""left"":8535,""right"":3576,""top"":9090,""bottom"":6059},""time"":1729913570849},{""box"":{""left"":8535,""right"":3576,""top"":9090,""bottom"":6059},""time"":1729913570877},{""box"":{""left"":8535,""right"":3576,""top"":9090,""bottom"":6059},""time"":1729913570917},{""box"":{""left"":8535,""right"":3576,""top"":9090,""bottom"":6059},""time"":1729913570945},{""box"":{""left"":8535,""right"":3576,""top"":9090,""bottom"":6059},""time"":1729913570988},{""box"":{""left"":8535,""right"":3576,""top"":9090,""bottom"":6059},""time"":1729913571016},{""box"":{""left"":8535,""right"":3576,""top"":9090,""bottom"":6059},""time"":1729913571057},{""box"":{""left"":8535,""right"":3576,""top"":9090,""bottom"":6059},""time"":1729913571072},{""box"":{""left"":8535,""right"":3576,""top"":9090,""bottom"":6059},""time"":1729913571090},{""box"":{""left"":8535,""right"":3576,""top"":9090,""bottom"":6059},""time"":1729913571105},{""box"":{""left"":8535,""right"":3576,""top"":9090,""bottom"":6059},""time"":1729913571135},{""box"":{""left"":8535,""right"":3576,""top"":9090,""bottom"":6059},""time"":1729913571190},{""box"":{""left"":8535,""right"":3576,""top"":9090,""bottom"":6059},""time"":1729913571245},{""box"":{""left"":8535,""right"":3576,""top"":9090,""bottom"":6059},""time"":1729913571303},{""box"":{""left"":8535,""right"":3576,""top"":9090,""bottom"":6059},""time"":1729913571355},{""box"":{""left"":8535,""right"":3576,""top"":9090,""bottom"":6059},""time"":1729913571413},{""box"":{""left"":8535,""right"":3576,""top"":9090,""bottom"":6059},""time"":1729913571468},{""box"":{""left"":8535,""right"":3576,""top"":9090,""bottom"":6059},""time"":1729913571524},{""box"":{""left"":8535,""right"":3576,""top"":9090,""bottom"":6059},""time"":1729913571565},{""box"":{""left"":8535,""right"":3576,""top"":9090,""bottom"":6059},""time"":1729913571580},{""box"":{""left"":8535,""right"":3576,""top"":9090,""bottom"":6059},""time"":1729913571609},{""box"":{""left"":8535,""right"":3576,""top"":9090,""bottom"":6059},""time"":1729913571667},{""box"":{""left"":8535,""right"":3576,""top"":9090,""bottom"":6059},""time"":1729913571725},{""box"":{""left"":8535,""right"":3576,""top"":9090,""bottom"":6059},""time"":1729913571783},{""box"":{""left"":8535,""right"":3576,""top"":9090,""bottom"":6059},""time"":1729913571840},{""box"":{""left"":8535,""right"":3576,""top"":9090,""bottom"":6059},""time"":1729913571896},{""box"":{""left"":8535,""right"":3576,""top"":9090,""bottom"":6059},""time"":1729913571956},{""box"":{""left"":8535,""right"":3576,""top"":9090,""bottom"":6059},""time"":1729913571998},{""box"":{""left"":8535,""right"":3576,""top"":9090,""bottom"":6059},""time"":1729913572056},{""box"":{""left"":8535,""right"":3576,""top"":9090,""bottom"":6059},""time"":1729913572085},{""box"":{""left"":8535,""right"":3576,""top"":9090,""bottom"":6059},""time"":1729913572126},{""box"":{""left"":8535,""right"":3576,""top"":9090,""bottom"":6059},""time"":1729913572168},{""box"":{""left"":8535,""right"":3576,""top"":9090,""bottom"":6059},""time"":1729913572184},{""box"":{""left"":8535,""right"":3576,""top"":9090,""bottom"":6059},""time"":1729913572215},{""box"":{""left"":8535,""right"":3576,""top"":9090,""bottom"":6059},""time"":1729913572271},{""box"":{""left"":8535,""right"":3576,""top"":9090,""bottom"":6059},""time"":1729913572327},{""box"":{""left"":8535,""right"":3576,""top"":9090,""bottom"":6059},""time"":1729913572425},{""box"":{""left"":8535,""right"":3576,""top"":9090,""bottom"":6059},""time"":1729913572447},{""box"":{""left"":8535,""right"":3576,""top"":9090,""bottom"":6059},""time"":1729913572493},{""box"":{""left"":8535,""right"":3576,""top"":9090,""bottom"":6059},""time"":1729913572539},{""box"":{""left"":8535,""right"":3576,""top"":9090,""bottom"":6059},""time"":1729913572585},{""box"":{""left"":8535,""right"":3576,""top"":9090,""bottom"":6059},""time"":1729913572619},{""box"":{""left"":8535,""right"":3576,""top"":9090,""bottom"":6059},""time"":1729913572653},{""box"":{""left"":8535,""right"":3576,""top"":9090,""bottom"":6059},""time"":1729913572675},{""box"":{""left"":8535,""right"":3576,""top"":9090,""bottom"":6059},""time"":1729913572722},{""box"":{""left"":8535,""right"":3576,""top"":9090,""bottom"":6059},""time"":1729913572768},{""box"":{""left"":8535,""right"":3576,""top"":9090,""bottom"":6059},""time"":1729913572802},{""box"":{""left"":8535,""right"":3576,""top"":9090,""bottom"":6059},""time"":1729913572825},{""box"":{""left"":8535,""right"":3576,""top"":9090,""bottom"":6059},""time"":1729913572870},{""box"":{""left"":8535,""right"":3576,""top"":9090,""bottom"":6059},""time"":1729913572914},{""box"":{""left"":8535,""right"":3576,""top"":9090,""bottom"":6059},""time"":1729913572961},{""box"":{""left"":8535,""right"":3576,""top"":9090,""bottom"":6059},""time"":1729913573007},{""box"":{""left"":8535,""right"":3576,""top"":9090,""bottom"":6059},""time"":1729913573052},{""box"":{""left"":8535,""right"":3576,""top"":9090,""bottom"":6059},""time"":1729913573097},{""box"":{""left"":8535,""right"":3576,""top"":9090,""bottom"":6059},""time"":1729913573130},{""box"":{""left"":8535,""right"":3576,""top"":9090,""bottom"":6059},""time"":1729913573153},{""box"":{""left"":8535,""right"":3576,""top"":9090,""bottom"":6059},""time"":1729913573198},{""box"":{""left"":8535,""right"":3576,""top"":9090,""bottom"":6059},""time"":1729913573242},{""box"":{""left"":8535,""right"":3576,""top"":9090,""bottom"":6059},""time"":1729913573287},{""box"":{""left"":8535,""right"":3576,""top"":9090,""bottom"":6059},""time"":1729913573332},{""box"":{""left"":8535,""right"":3576,""top"":9090,""bottom"":6059},""time"":1729913573354},{""box"":{""left"":8535,""right"":3576,""top"":9090,""bottom"":6059},""time"":1729913573377},{""box"":{""left"":8535,""right"":3576,""top"":9090,""bottom"":6059},""time"":1729913573411},{""box"":{""left"":8535,""right"":3576,""top"":9090,""bottom"":6059},""time"":1729913573422},{""box"":{""left"":8535,""right"":3576,""top"":9090,""bottom"":6059},""time"":1729913573436},{""box"":{""left"":8535,""right"":3576,""top"":9090,""bottom"":6059},""time"":1729913573458},{""box"":{""left"":8535,""right"":3576,""top"":9090,""bottom"":6059},""time"":1729913573492},{""box"":{""left"":8535,""right"":3576,""top"":9090,""bottom"":6059},""time"":1729913573514},{""box"":{""left"":8535,""right"":3576,""top"":9090,""bottom"":6059},""time"":1729913573548},{""box"":{""left"":8535,""right"":3576,""top"":9090,""bottom"":6059},""time"":1729913573582},{""box"":{""left"":8535,""right"":3576,""top"":9090,""bottom"":6059},""time"":1729913573604},{""box"":{""left"":8535,""right"":3576,""top"":9090,""bottom"":6059},""time"":1729913573627},{""box"":{""left"":8535,""right"":3576,""top"":9090,""bottom"":6059},""time"":1729913573660},{""box"":{""left"":8535,""right"":3576,""top"":9090,""bottom"":6059},""time"":1729913573683},{""box"":{""left"":8535,""right"":3576,""top"":9090,""bottom"":6059},""time"":1729913573716},{""box"":{""left"":8535,""right"":3576,""top"":9090,""bottom"":6059},""time"":1729913573739},{""box"":{""left"":8535,""right"":3576,""top"":9090,""bottom"":6059},""time"":1729913573762},{""box"":{""left"":8535,""right"":3576,""top"":9090,""bottom"":6059},""time"":1729913573785},{""box"":{""left"":8535,""right"":3576,""top"":9090,""bottom"":6059},""time"":1729913573819},{""box"":{""left"":8535,""right"":3576,""top"":9090,""bottom"":6059},""time"":1729913573830},{""box"":{""left"":8535,""right"":3576,""top"":9090,""bottom"":6059},""time"":1729913573855},{""box"":{""left"":8535,""right"":3576,""top"":9090,""bottom"":6059},""time"":1729913573889},{""box"":{""left"":8535,""right"":3576,""top"":9090,""bottom"":6059},""time"":1729913573923},{""box"":{""left"":8535,""right"":3576,""top"":9090,""bottom"":6059},""time"":1729913573970},{""box"":{""left"":8535,""right"":3576,""top"":9090,""bottom"":6059},""time"":1729913574004},{""box"":{""left"":8535,""right"":3576,""top"":9090,""bottom"":6059},""time"":1729913574038},{""box"":{""left"":8535,""right"":3576,""top"":9090,""bottom"":6059},""time"":1729913574072},{""box"":{""left"":8535,""right"":3576,""top"":9090,""bottom"":6059},""time"":1729913574094},{""box"":{""left"":8535,""right"":3576,""top"":9090,""bottom"":6059},""time"":1729913574129},{""box"":{""left"":8535,""right"":3576,""top"":9090,""bottom"":6059},""time"":1729913574152},{""box"":{""left"":8535,""right"":3576,""top"":9090,""bottom"":6059},""time"":1729913574185},{""box"":{""left"":8535,""right"":3576,""top"":9090,""bottom"":6059},""time"":1729913574208},{""box"":{""left"":8535,""right"":3576,""top"":9090,""bottom"":6059},""time"":1729913574242},{""box"":{""left"":8535,""right"":3576,""top"":9090,""bottom"":6059},""time"":1729913574264},{""box"":{""left"":8535,""right"":3576,""top"":9090,""bottom"":6059},""time"":1729913574298},{""box"":{""left"":8535,""right"":3576,""top"":9090,""bottom"":6059},""time"":1729913574309},{""box"":{""left"":8535,""right"":3576,""top"":9090,""bottom"":6059},""time"":1729913574321},{""box"":{""left"":8535,""right"":3576,""top"":9090,""bottom"":6059},""time"":1729913574344},{""box"":{""left"":8535,""right"":3576,""top"":9090,""bottom"":6059},""time"":1729913574377},{""box"":{""left"":8535,""right"":3576,""top"":9090,""bottom"":6059},""time"":1729913574389},{""box"":{""left"":8535,""right"":3576,""top"":9090,""bottom"":6059},""time"":1729913574403},{""box"":{""left"":8535,""right"":3576,""top"":9090,""bottom"":6059},""time"":1729913574414},{""box"":{""left"":8535,""right"":3576,""top"":9090,""bottom"":6059},""time"":1729913574440},{""box"":{""left"":8535,""right"":3576,""top"":9090,""bottom"":6059},""time"":1729913574473},{""box"":{""left"":8535,""right"":3576,""top"":9090,""bottom"":6059},""time"":1729913574485},{""box"":{""left"":8535,""right"":3576,""top"":9090,""bottom"":6059},""time"":1729913574512},{""box"":{""left"":8535,""right"":3576,""top"":9090,""bottom"":6059},""time"":1729913574556},{""box"":{""left"":8535,""right"":3576,""top"":9090,""bottom"":6059},""time"":1729913574604},{""box"":{""left"":8535,""right"":3576,""top"":9090,""bottom"":6059},""time"":1729913574643},{""box"":{""left"":8535,""right"":3576,""top"":9090,""bottom"":6059},""time"":1729913574671},{""box"":{""left"":8535,""right"":3576,""top"":9090,""bottom"":6059},""time"":1729913574710},{""box"":{""left"":8535,""right"":3576,""top"":9090,""bottom"":6059},""time"":1729913574729},{""box"":{""left"":8535,""right"":3576,""top"":9090,""bottom"":6059},""time"":1729913574768},{""box"":{""left"":8535,""right"":3576,""top"":9090,""bottom"":6059},""time"":1729913574788},{""box"":{""left"":8535,""right"":3576,""top"":9090,""bottom"":6059},""time"":1729913574827},{""box"":{""left"":8535,""right"":3576,""top"":9090,""bottom"":6059},""time"":1729913574837},{""box"":{""left"":8535,""right"":3576,""top"":9090,""bottom"":6059},""time"":1729913574850},{""box"":{""left"":8535,""right"":3576,""top"":9090,""bottom"":6059},""time"":1729913574860},{""box"":{""left"":8535,""right"":3576,""top"":9090,""bottom"":6059},""time"":1729913574872},{""box"":{""left"":8535,""right"":3576,""top"":9090,""bottom"":6059},""time"":1729913574891},{""box"":{""left"":8535,""right"":3576,""top"":9090,""bottom"":6059},""time"":1729913575102},{""box"":{""left"":8535,""right"":3576,""top"":9090,""bottom"":6059},""time"":1729913575112},{""box"":{""left"":8535,""right"":3576,""top"":9090,""bottom"":6059},""time"":1729913575152},{""box"":{""left"":8535,""right"":3576,""top"":9090,""bottom"":6059},""time"":1729913575163},{""box"":{""left"":8535,""right"":3576,""top"":9090,""bottom"":6059},""time"":1729913575215},{""box"":{""left"":8535,""right"":3576,""top"":9090,""bottom"":6059},""time"":1729913575234},{""box"":{""left"":8535,""right"":3576,""top"":9090,""bottom"":6059},""time"":1729913575275},{""box"":{""left"":8535,""right"":3576,""top"":9090,""bottom"":6059},""time"":1729913575286},{""box"":{""left"":8535,""right"":3576,""top"":9090,""bottom"":6059},""time"":1729913575328},{""box"":{""left"":8535,""right"":3576,""top"":9090,""bottom"":6059},""time"":1729913575338},{""box"":{""left"":8535,""right"":3576,""top"":9090,""bottom"":6059},""time"":1729913575400},{""box"":{""left"":8535,""right"":3576,""top"":9090,""bottom"":6059},""time"":1729913575453},{""box"":{""left"":8535,""right"":3576,""top"":9090,""bottom"":6059},""time"":1729913575505},{""box"":{""left"":8535,""right"":3576,""top"":9090,""bottom"":6059},""time"":1729913575515},{""box"":{""left"":8535,""right"":3576,""top"":9090,""bottom"":6059},""time"":1729913575567},{""box"":{""left"":8535,""right"":3576,""top"":9090,""bottom"":6059},""time"":1729913575616},{""box"":{""left"":8535,""right"":3576,""top"":9090,""bottom"":6059},""time"":1729913575678},{""box"":{""left"":8535,""right"":3576,""top"":9090,""bottom"":6059},""time"":1729913575739},{""box"":{""left"":8535,""right"":3576,""top"":9090,""bottom"":6059},""time"":1729913575801},{""box"":{""left"":8535,""right"":3576,""top"":9090,""bottom"":6059},""time"":1729913575843},{""box"":{""left"":8535,""right"":3576,""top"":9090,""bottom"":6059},""time"":1729913575863},{""box"":{""left"":8535,""right"":3576,""top"":9090,""bottom"":6059},""time"":1729913575904},{""box"":{""left"":8535,""right"":3576,""top"":9090,""bottom"":6059},""time"":1729913575924},{""box"":{""left"":8535,""right"":3576,""top"":9090,""bottom"":6059},""time"":1729913575963},{""box"":{""left"":8535,""right"":3576,""top"":9090,""bottom"":6059},""time"":1729913575973},{""box"":{""left"":8535,""right"":3576,""top"":9090,""bottom"":6059},""time"":1729913576017},{""box"":{""left"":8535,""right"":3576,""top"":9090,""bottom"":6059},""time"":1729913576037},{""box"":{""left"":8535,""right"":3576,""top"":9090,""bottom"":6059},""time"":1729913576075},{""box"":{""left"":8535,""right"":3576,""top"":9090,""bottom"":6059},""time"":1729913576086},{""box"":{""left"":8535,""right"":3576,""top"":9090,""bottom"":6059},""time"":1729913576184},{""box"":{""left"":8535,""right"":3576,""top"":9090,""bottom"":6059},""time"":1729913576204},{""box"":{""left"":8535,""right"":3576,""top"":9090,""bottom"":6059},""time"":1729913576242},{""box"":{""left"":8535,""right"":3576,""top"":9090,""bottom"":6059},""time"":1729913576262},{""box"":{""left"":8535,""right"":3576,""top"":9090,""bottom"":6059},""time"":1729913576302},{""box"":{""left"":8535,""right"":3576,""top"":9090,""bottom"":6059},""time"":1729913576311},{""box"":{""left"":8535,""right"":3576,""top"":9090,""bottom"":6059},""time"":1729913576358},{""box"":{""left"":8535,""right"":3576,""top"":9090,""bottom"":6059},""time"":1729913576369},{""box"":{""left"":8535,""right"":3576,""top"":9090,""bottom"":6059},""time"":1729913576752},{""box"":{""left"":8535,""right"":3576,""top"":9090,""bottom"":6059},""time"":1729913577829},{""box"":{""left"":8535,""right"":3576,""top"":9090,""bottom"":6059},""time"":1729913578456},{""box"":{""left"":8535,""right"":3576,""top"":9090,""bottom"":6059},""time"":1729913578506},{""box"":{""left"":8535,""right"":3576,""top"":9090,""bottom"":6059},""time"":1729913578516},{""box"":{""left"":8535,""right"":3576,""top"":9090,""bottom"":6059},""time"":1729913578556},{""box"":{""left"":8535,""right"":3576,""top"":9090,""bottom"":6059},""time"":1729913578611},{""box"":{""left"":8535,""right"":3576,""top"":9090,""bottom"":6059},""time"":1729913578661},{""box"":{""left"":8535,""right"":3576,""top"":9090,""bottom"":6059},""time"":1729913578733},{""box"":{""left"":8535,""right"":3576,""top"":9090,""bottom"":6059},""time"":1729913578794},{""box"":{""left"":8535,""right"":3576,""top"":9090,""bottom"":6059},""time"":1729913578855},{""box"":{""left"":8535,""right"":3576,""top"":9090,""bottom"":6059},""time"":1729913580896},{""box"":{""left"":8535,""right"":3576,""top"":9090,""bottom"":6059},""time"":1729913580957},{""box"":{""left"":8535,""right"":3576,""top"":9090,""bottom"":6059},""time"":1729913580978},{""box"":{""left"":8535,""right"":3576,""top"":9090,""bottom"":6059},""time"":1729913581030},{""box"":{""left"":8535,""right"":3576,""top"":9090,""bottom"":6059},""time"":1729913581040},{""box"":{""left"":8535,""right"":3576,""top"":9090,""bottom"":6059},""time"":1729913581059},{""box"":{""left"":8535,""right"":3576,""top"":9090,""bottom"":6059},""time"":1729913581069},{""box"":{""left"":8535,""right"":3576,""top"":9090,""bottom"":6059},""time"":1729913581910},{""box"":{""left"":8535,""right"":3576,""top"":9090,""bottom"":6059},""time"":1729913581920},{""box"":{""left"":8535,""right"":3576,""top"":9090,""bottom"":6059},""time"":1729913581946},{""box"":{""left"":8535,""right"":3576,""top"":9090,""bottom"":6059},""time"":1729913581968},{""box"":{""left"":8535,""right"":3576,""top"":9090,""bottom"":6059},""time"":1729913582029},{""box"":{""left"":8535,""right"":3576,""top"":9090,""bottom"":6059},""time"":1729913582051},{""box"":{""left"":8535,""right"":3576,""top"":9090,""bottom"":6059},""time"":1729913582112},{""box"":{""left"":8535,""right"":3576,""top"":9090,""bottom"":6059},""time"":1729913582144},{""box"":{""left"":8535,""right"":3576,""top"":9090,""bottom"":6059},""time"":1729913582205},{""box"":{""left"":8535,""right"":3576,""top"":9090,""bottom"":6059},""time"":1729913582226},{""box"":{""left"":8535,""right"":3576,""top"":9090,""bottom"":6059},""time"":1729913582288},{""box"":{""left"":8535,""right"":3576,""top"":9090,""bottom"":6059},""time"":1729913582309},{""box"":{""left"":8535,""right"":3576,""top"":9090,""bottom"":6059},""time"":1729913582442},{""box"":{""left"":8535,""right"":3576,""top"":9090,""bottom"":6059},""time"":1729913582453},{""box"":{""left"":8535,""right"":3576,""top"":9090,""bottom"":6059},""time"":1729913582479},{""box"":{""left"":8535,""right"":3576,""top"":9090,""bottom"":6059},""time"":1729913582500},{""box"":{""left"":8535,""right"":3576,""top"":9090,""bottom"":6059},""time"":1729913582561},{""box"":{""left"":8535,""right"":3576,""top"":9090,""bottom"":6059},""time"":1729913582573},{""box"":{""left"":8535,""right"":3576,""top"":9090,""bottom"":6059},""time"":1729913582592},{""box"":{""left"":8535,""right"":3576,""top"":9090,""bottom"":6059},""time"":1729913582623},{""box"":{""left"":8535,""right"":3576,""top"":9090,""bottom"":6059},""time"":1729913582675},{""box"":{""left"":8535,""right"":3576,""top"":9090,""bottom"":6059},""time"":1729913582696},{""box"":{""left"":8535,""right"":3576,""top"":9090,""bottom"":6059},""time"":1729913582747},{""box"":{""left"":8535,""right"":3576,""top"":9090,""bottom"":6059},""time"":1729913582779},{""box"":{""left"":8535,""right"":3576,""top"":9090,""bottom"":6059},""time"":1729913584400},{""box"":{""left"":8535,""right"":3576,""top"":9090,""bottom"":6059},""time"":1729913584410},{""box"":{""left"":8535,""right"":3576,""top"":9090,""bottom"":6059},""time"":1729913584463},{""box"":{""left"":8535,""right"":3576,""top"":9090,""bottom"":6059},""time"":1729913584484},{""box"":{""left"":8535,""right"":3576,""top"":9090,""bottom"":6059},""time"":1729913584536},{""box"":{""left"":8535,""right"":3576,""top"":9090,""bottom"":6059},""time"":1729913584562},{""box"":{""left"":8535,""right"":3576,""top"":9090,""bottom"":6059},""time"":1729913584625},{""box"":{""left"":8535,""right"":3576,""top"":9090,""bottom"":6059},""time"":1729913584697},{""box"":{""left"":8535,""right"":3576,""top"":9090,""bottom"":6059},""time"":1729913584771},{""box"":{""left"":8535,""right"":3576,""top"":9090,""bottom"":6059},""time"":1729913584850},{""box"":{""left"":8535,""right"":3576,""top"":9090,""bottom"":6059},""time"":1729913584899},{""box"":{""left"":8535,""right"":3576,""top"":9090,""bottom"":6059},""time"":1729913584948},{""box"":{""left"":8535,""right"":3576,""top"":9090,""bottom"":6059},""time"":1729913585011},{""box"":{""left"":8535,""right"":3576,""top"":9090,""bottom"":6059},""time"":1729913585061},{""box"":{""left"":8535,""right"":3576,""top"":9090,""bottom"":6059},""time"":1729913585111},{""box"":{""left"":8535,""right"":3576,""top"":9090,""bottom"":6059},""time"":1729913585150},{""box"":{""left"":8535,""right"":3576,""top"":9090,""bottom"":6059},""time"":1729913585174},{""box"":{""left"":8535,""right"":3576,""top"":9090,""bottom"":6059},""time"":1729913585243},{""box"":{""left"":8535,""right"":3576,""top"":9090,""bottom"":6059},""time"":1729913585275},{""box"":{""left"":8535,""right"":3576,""top"":9090,""bottom"":6059},""time"":1729913585369},{""box"":{""left"":8535,""right"":3576,""top"":9090,""bottom"":6059},""time"":1729913585391},{""box"":{""left"":8535,""right"":3576,""top"":9090,""bottom"":6059},""time"":1729913585433},{""box"":{""left"":8535,""right"":3576,""top"":9090,""bottom"":6059},""time"":1729913585472},{""box"":{""left"":8535,""right"":3576,""top"":9090,""bottom"":6059},""time"":1729913585504},{""box"":{""left"":8535,""right"":3576,""top"":9090,""bottom"":6059},""time"":1729913585542},{""box"":{""left"":8535,""right"":3576,""top"":9090,""bottom"":6059},""time"":1729913585588},{""box"":{""left"":8535,""right"":3576,""top"":9090,""bottom"":6059},""time"":1729913585645},{""box"":{""left"":8535,""right"":3576,""top"":9090,""bottom"":6059},""time"":1729913585681},{""box"":{""left"":8535,""right"":3576,""top"":9090,""bottom"":6059},""time"":1729913585705},{""box"":{""left"":8535,""right"":3576,""top"":9090,""bottom"":6059},""time"":1729913585774},{""box"":{""left"":8535,""right"":3576,""top"":9090,""bottom"":6059},""time"":1729913585817},{""box"":{""left"":8535,""right"":3576,""top"":9090,""bottom"":6059},""time"":1729913585880},{""box"":{""left"":8535,""right"":3576,""top"":9090,""bottom"":6059},""time"":1729913585905},{""box"":{""left"":8535,""right"":3576,""top"":9090,""bottom"":6059},""time"":1729913586213},{""box"":{""left"":8535,""right"":3576,""top"":9090,""bottom"":6059},""time"":1729913586224},{""box"":{""left"":8535,""right"":3576,""top"":9090,""bottom"":6059},""time"":1729913586243},{""box"":{""left"":8535,""right"":3576,""top"":9090,""bottom"":6059},""time"":1729913586276},{""box"":{""left"":8535,""right"":3576,""top"":9090,""bottom"":6059},""time"":1729913586339},{""box"":{""left"":8535,""right"":3576,""top"":9090,""bottom"":6059},""time"":1729913586373},{""box"":{""left"":8535,""right"":3576,""top"":9090,""bottom"":6059},""time"":1729913586436},{""box"":{""left"":8535,""right"":3576,""top"":9090,""bottom"":6059},""time"":1729913586458},{""box"":{""left"":8535,""right"":3576,""top"":9090,""bottom"":6059},""time"":1729913586730}",,,,,
56902,Person,2024-10-26 12:32:36,2024-10-26 12:33:11,"{""left"":8182,""right"":3717,""top"":8651,""bottom"":5641},{""box"":{""left"":8182,""right"":3717,""top"":8651,""bottom"":5641},""time"":1729913561387},{""box"":{""left"":8182,""right"":3717,""top"":8651,""bottom"":5641},""time"":1729913561472},{""box"":{""left"":8182,""right"":3717,""top"":8651,""bottom"":5641},""time"":1729913561521},{""box"":{""left"":8182,""right"":3717,""top"":8651,""bottom"":5641},""time"":1729913561574},{""box"":{""left"":8182,""right"":3717,""top"":8651,""bottom"":5641},""time"":1729913561647},{""box"":{""left"":8182,""right"":3717,""top"":8651,""bottom"":5641},""time"":1729913561698},{""box"":{""left"":8182,""right"":3717,""top"":8651,""bottom"":5641},""time"":1729913561719},{""box"":{""left"":8182,""right"":3717,""top"":8651,""bottom"":5641},""time"":1729913561792},{""box"":{""left"":8182,""right"":3717,""top"":8651,""bottom"":5641},""time"":1729913561865},{""box"":{""left"":8182,""right"":3717,""top"":8651,""bottom"":5641},""time"":1729913562034},{""box"":{""left"":8182,""right"":3717,""top"":8651,""bottom"":5641},""time"":1729913562086},{""box"":{""left"":8182,""right"":3717,""top"":8651,""bottom"":5641},""time"":1729913562127},{""box"":{""left"":8182,""right"":3717,""top"":8651,""bottom"":5641},""time"":1729913562148},{""box"":{""left"":8182,""right"":3717,""top"":8651,""bottom"":5641},""time"":1729913562201},{""box"":{""left"":8182,""right"":3717,""top"":8651,""bottom"":5641},""time"":1729913562305},{""box"":{""left"":8182,""right"":3717,""top"":8651,""bottom"":5641},""time"":1729913562356},{""box"":{""left"":8182,""right"":3717,""top"":8651,""bottom"":5641},""time"":1729913562409},{""box"":{""left"":8182,""right"":3717,""top"":8651,""bottom"":5641},""time"":1729913562441},{""box"":{""left"":8182,""right"":3717,""top"":8651,""bottom"":5641},""time"":1729913562493},{""box"":{""left"":8182,""right"":3717,""top"":8651,""bottom"":5641},""time"":1729913562545},{""box"":{""left"":8182,""right"":3717,""top"":8651,""bottom"":5641},""time"":1729913562588},{""box"":{""left"":8182,""right"":3717,""top"":8651,""bottom"":5641},""time"":1729913562642},{""box"":{""left"":8182,""right"":3717,""top"":8651,""bottom"":5641},""time"":1729913562685},{""box"":{""left"":8182,""right"":3717,""top"":8651,""bottom"":5641},""time"":1729913562730},{""box"":{""left"":8182,""right"":3717,""top"":8651,""bottom"":5641},""time"":1729913562775},{""box"":{""left"":8182,""right"":3717,""top"":8651,""bottom"":5641},""time"":1729913565357},{""box"":{""left"":8182,""right"":3717,""top"":8651,""bottom"":5641},""time"":1729913565433},{""box"":{""left"":8182,""right"":3717,""top"":8651,""bottom"":5641},""time"":1729913565511},{""box"":{""left"":8182,""right"":3717,""top"":8651,""bottom"":5641},""time"":1729913565589},{""box"":{""left"":8182,""right"":3717,""top"":8651,""bottom"":5641},""time"":1729913565661},{""box"":{""left"":8182,""right"":3717,""top"":8651,""bottom"":5641},""time"":1729913565736},{""box"":{""left"":8182,""right"":3717,""top"":8651,""bottom"":5641},""time"":1729913565811},{""box"":{""left"":8182,""right"":3717,""top"":8651,""bottom"":5641},""time"":1729913565901},{""box"":{""left"":8182,""right"":3717,""top"":8651,""bottom"":5641},""time"":1729913565996},{""box"":{""left"":8182,""right"":3717,""top"":8651,""bottom"":5641},""time"":1729913566122},{""box"":{""left"":8182,""right"":3717,""top"":8651,""bottom"":5641},""time"":1729913566188},{""box"":{""left"":8182,""right"":3717,""top"":8651,""bottom"":5641},""time"":1729913566215},{""box"":{""left"":8182,""right"":3717,""top"":8651,""bottom"":5641},""time"":1729913566245},{""box"":{""left"":8182,""right"":3717,""top"":8651,""bottom"":5641},""time"":1729913566271},{""box"":{""left"":8182,""right"":3717,""top"":8651,""bottom"":5641},""time"":1729913566330},{""box"":{""left"":8182,""right"":3717,""top"":8651,""bottom"":5641},""time"":1729913566411},{""box"":{""left"":8182,""right"":3717,""top"":8651,""bottom"":5641},""time"":1729913566491},{""box"":{""left"":8182,""right"":3717,""top"":8651,""bottom"":5641},""time"":1729913566774},{""box"":{""left"":8182,""right"":3717,""top"":8651,""bottom"":5641},""time"":1729913566852},{""box"":{""left"":8182,""right"":3717,""top"":8651,""bottom"":5641},""time"":1729913566930},{""box"":{""left"":8182,""right"":3717,""top"":8651,""bottom"":5641},""time"":1729913567010},{""box"":{""left"":8182,""right"":3717,""top"":8651,""bottom"":5641},""time"":1729913567088},{""box"":{""left"":8182,""right"":3717,""top"":8651,""bottom"":5641},""time"":1729913567167},{""box"":{""left"":8182,""right"":3717,""top"":8651,""bottom"":5641},""time"":1729913567247},{""box"":{""left"":8182,""right"":3717,""top"":8651,""bottom"":5641},""time"":1729913567362},{""box"":{""left"":8182,""right"":3717,""top"":8651,""bottom"":5641},""time"":1729913567454},{""box"":{""left"":8182,""right"":3717,""top"":8651,""bottom"":5641},""time"":1729913567550},{""box"":{""left"":8182,""right"":3717,""top"":8651,""bottom"":5641},""time"":1729913567630},{""box"":{""left"":8182,""right"":3717,""top"":8651,""bottom"":5641},""time"":1729913567710},{""box"":{""left"":8182,""right"":3717,""top"":8651,""bottom"":5641},""time"":1729913567755},{""box"":{""left"":8182,""right"":3717,""top"":8651,""bottom"":5641},""time"":1729913567864},{""box"":{""left"":8182,""right"":3717,""top"":8651,""bottom"":5641},""time"":1729913567892},{""box"":{""left"":8182,""right"":3717,""top"":8651,""bottom"":5641},""time"":1729913567957},{""box"":{""left"":8182,""right"":3717,""top"":8651,""bottom"":5641},""time"":1729913567983},{""box"":{""left"":8182,""right"":3717,""top"":8651,""bottom"":5641},""time"":1729913568048},{""box"":{""left"":8182,""right"":3717,""top"":8651,""bottom"":5641},""time"":1729913568088},{""box"":{""left"":8182,""right"":3717,""top"":8651,""bottom"":5641},""time"":1729913568166},{""box"":{""left"":8182,""right"":3717,""top"":8651,""bottom"":5641},""time"":1729913568259},{""box"":{""left"":8182,""right"":3717,""top"":8651,""bottom"":5641},""time"":1729913568412},{""box"":{""left"":8182,""right"":3717,""top"":8651,""bottom"":5641},""time"":1729913568464},{""box"":{""left"":8182,""right"":3717,""top"":8651,""bottom"":5641},""time"":1729913568513},{""box"":{""left"":8182,""right"":3717,""top"":8651,""bottom"":5641},""time"":1729913568608},{""box"":{""left"":8182,""right"":3717,""top"":8651,""bottom"":5641},""time"":1729913568750},{""box"":{""left"":8182,""right"":3717,""top"":8651,""bottom"":5641},""time"":1729913568842},{""box"":{""left"":8182,""right"":3717,""top"":8651,""bottom"":5641},""time"":1729913568899},{""box"":{""left"":8182,""right"":3717,""top"":8651,""bottom"":5641},""time"":1729913568941},{""box"":{""left"":8182,""right"":3717,""top"":8651,""bottom"":5641},""time"":1729913568994},{""box"":{""left"":8182,""right"":3717,""top"":8651,""bottom"":5641},""time"":1729913569037},{""box"":{""left"":8182,""right"":3717,""top"":8651,""bottom"":5641},""time"":1729913569095},{""box"":{""left"":8182,""right"":3717,""top"":8651,""bottom"":5641},""time"":1729913569159},{""box"":{""left"":8182,""right"":3717,""top"":8651,""bottom"":5641},""time"":1729913569225},{""box"":{""left"":8182,""right"":3717,""top"":8651,""bottom"":5641},""time"":1729913569291},{""box"":{""left"":8182,""right"":3717,""top"":8651,""bottom"":5641},""time"":1729913569358},{""box"":{""left"":8182,""right"":3717,""top"":8651,""bottom"":5641},""time"":1729913569425},{""box"":{""left"":8182,""right"":3717,""top"":8651,""bottom"":5641},""time"":1729913569490},{""box"":{""left"":8182,""right"":3717,""top"":8651,""bottom"":5641},""time"":1729913569532},{""box"":{""left"":8182,""right"":3717,""top"":8651,""bottom"":5641},""time"":1729913569574},{""box"":{""left"":8182,""right"":3717,""top"":8651,""bottom"":5641},""time"":1729913569642},{""box"":{""left"":8182,""right"":3717,""top"":8651,""bottom"":5641},""time"":1729913569741},{""box"":{""left"":8182,""right"":3717,""top"":8651,""bottom"":5641},""time"":1729913569821},{""box"":{""left"":8182,""right"":3717,""top"":8651,""bottom"":5641},""time"":1729913569888},{""box"":{""left"":8182,""right"":3717,""top"":8651,""bottom"":5641},""time"":1729913569946},{""box"":{""left"":8182,""right"":3717,""top"":8651,""bottom"":5641},""time"":1729913570049},{""box"":{""left"":8182,""right"":3717,""top"":8651,""bottom"":5641},""time"":1729913570092},{""box"":{""left"":8182,""right"":3717,""top"":8651,""bottom"":5641},""time"":1729913570118},{""box"":{""left"":8182,""right"":3717,""top"":8651,""bottom"":5641},""time"":1729913570145},{""box"":{""left"":8182,""right"":3717,""top"":8651,""bottom"":5641},""time"":1729913570172},{""box"":{""left"":8182,""right"":3717,""top"":8651,""bottom"":5641},""time"":1729913570226},{""box"":{""left"":8182,""right"":3717,""top"":8651,""bottom"":5641},""time"":1729913570281},{""box"":{""left"":8182,""right"":3717,""top"":8651,""bottom"":5641},""time"":1729913570336},{""box"":{""left"":8182,""right"":3717,""top"":8651,""bottom"":5641},""time"":1729913570390},{""box"":{""left"":8182,""right"":3717,""top"":8651,""bottom"":5641},""time"":1729913570444},{""box"":{""left"":8182,""right"":3717,""top"":8651,""bottom"":5641},""time"":1729913570485},{""box"":{""left"":8182,""right"":3717,""top"":8651,""bottom"":5641},""time"":1729913570524},{""box"":{""left"":8182,""right"":3717,""top"":8651,""bottom"":5641},""time"":1729913570578},{""box"":{""left"":8182,""right"":3717,""top"":8651,""bottom"":5641},""time"":1729913570633},{""box"":{""left"":8182,""right"":3717,""top"":8651,""bottom"":5641},""time"":1729913570687},{""box"":{""left"":8182,""right"":3717,""top"":8651,""bottom"":5641},""time"":1729913570822},{""box"":{""left"":8182,""right"":3717,""top"":8651,""bottom"":5641},""time"":1729913570889},{""box"":{""left"":8182,""right"":3717,""top"":8651,""bottom"":5641},""time"":1729913570959},{""box"":{""left"":8182,""right"":3717,""top"":8651,""bottom"":5641},""time"":1729913571028},{""box"":{""left"":8182,""right"":3717,""top"":8651,""bottom"":5641},""time"":1729913571121},{""box"":{""left"":8182,""right"":3717,""top"":8651,""bottom"":5641},""time"":1729913571147},{""box"":{""left"":8182,""right"":3717,""top"":8651,""bottom"":5641},""time"":1729913571202},{""box"":{""left"":8182,""right"":3717,""top"":8651,""bottom"":5641},""time"":1729913571258},{""box"":{""left"":8182,""right"":3717,""top"":8651,""bottom"":5641},""time"":1729913571315},{""box"":{""left"":8182,""right"":3717,""top"":8651,""bottom"":5641},""time"":1729913571368},{""box"":{""left"":8182,""right"":3717,""top"":8651,""bottom"":5641},""time"":1729913571425},{""box"":{""left"":8182,""right"":3717,""top"":8651,""bottom"":5641},""time"":1729913571481},{""box"":{""left"":8182,""right"":3717,""top"":8651,""bottom"":5641},""time"":1729913571536},{""box"":{""left"":8182,""right"":3717,""top"":8651,""bottom"":5641},""time"":1729913571622},{""box"":{""left"":8182,""right"":3717,""top"":8651,""bottom"":5641},""time"":1729913571680},{""box"":{""left"":8182,""right"":3717,""top"":8651,""bottom"":5641},""time"":1729913571739},{""box"":{""left"":8182,""right"":3717,""top"":8651,""bottom"":5641},""time"":1729913571768},{""box"":{""left"":8182,""right"":3717,""top"":8651,""bottom"":5641},""time"":1729913571796},{""box"":{""left"":8182,""right"":3717,""top"":8651,""bottom"":5641},""time"":1729913571853},{""box"":{""left"":8182,""right"":3717,""top"":8651,""bottom"":5641},""time"":1729913571881},{""box"":{""left"":8182,""right"":3717,""top"":8651,""bottom"":5641},""time"":1729913571909},{""box"":{""left"":8182,""right"":3717,""top"":8651,""bottom"":5641},""time"":1729913571968},{""box"":{""left"":8182,""right"":3717,""top"":8651,""bottom"":5641},""time"":1729913572012},{""box"":{""left"":8182,""right"":3717,""top"":8651,""bottom"":5641},""time"":1729913572071},{""box"":{""left"":8182,""right"":3717,""top"":8651,""bottom"":5641},""time"":1729913572099},{""box"":{""left"":8182,""right"":3717,""top"":8651,""bottom"":5641},""time"":1729913572139},{""box"":{""left"":8182,""right"":3717,""top"":8651,""bottom"":5641},""time"":1729913572228},{""box"":{""left"":8182,""right"":3717,""top"":8651,""bottom"":5641},""time"":1729913572256},{""box"":{""left"":8182,""right"":3717,""top"":8651,""bottom"":5641},""time"":1729913572284},{""box"":{""left"":8182,""right"":3717,""top"":8651,""bottom"":5641},""time"":1729913572343},{""box"":{""left"":8182,""right"":3717,""top"":8651,""bottom"":5641},""time"":1729913572371},{""box"":{""left"":8182,""right"":3717,""top"":8651,""bottom"":5641},""time"":1729913572397},{""box"":{""left"":8182,""right"":3717,""top"":8651,""bottom"":5641},""time"":1729913572459},{""box"":{""left"":8182,""right"":3717,""top"":8651,""bottom"":5641},""time"":1729913572504},{""box"":{""left"":8182,""right"":3717,""top"":8651,""bottom"":5641},""time"":1729913572550},{""box"":{""left"":8182,""right"":3717,""top"":8651,""bottom"":5641},""time"":1729913572597},{""box"":{""left"":8182,""right"":3717,""top"":8651,""bottom"":5641},""time"":1729913572630},{""box"":{""left"":8182,""right"":3717,""top"":8651,""bottom"":5641},""time"":1729913572686},{""box"":{""left"":8182,""right"":3717,""top"":8651,""bottom"":5641},""time"":1729913572733},{""box"":{""left"":8182,""right"":3717,""top"":8651,""bottom"":5641},""time"":1729913572780},{""box"":{""left"":8182,""right"":3717,""top"":8651,""bottom"":5641},""time"":1729913572835},{""box"":{""left"":8182,""right"":3717,""top"":8651,""bottom"":5641},""time"":1729913572880},{""box"":{""left"":8182,""right"":3717,""top"":8651,""bottom"":5641},""time"":1729913572925},{""box"":{""left"":8182,""right"":3717,""top"":8651,""bottom"":5641},""time"":1729913572971},{""box"":{""left"":8182,""right"":3717,""top"":8651,""bottom"":5641},""time"":1729913573018},{""box"":{""left"":8182,""right"":3717,""top"":8651,""bottom"":5641},""time"":1729913573063},{""box"":{""left"":8182,""right"":3717,""top"":8651,""bottom"":5641},""time"":1729913573108},{""box"":{""left"":8182,""right"":3717,""top"":8651,""bottom"":5641},""time"":1729913573142},{""box"":{""left"":8182,""right"":3717,""top"":8651,""bottom"":5641},""time"":1729913573164},{""box"":{""left"":8182,""right"":3717,""top"":8651,""bottom"":5641},""time"":1729913573209},{""box"":{""left"":8182,""right"":3717,""top"":8651,""bottom"":5641},""time"":1729913573254},{""box"":{""left"":8182,""right"":3717,""top"":8651,""bottom"":5641},""time"":1729913573298},{""box"":{""left"":8182,""right"":3717,""top"":8651,""bottom"":5641},""time"":1729913573343},{""box"":{""left"":8182,""right"":3717,""top"":8651,""bottom"":5641},""time"":1729913573388},{""box"":{""left"":8182,""right"":3717,""top"":8651,""bottom"":5641},""time"":1729913573447},{""box"":{""left"":8182,""right"":3717,""top"":8651,""bottom"":5641},""time"":1729913573469},{""box"":{""left"":8182,""right"":3717,""top"":8651,""bottom"":5641},""time"":1729913573526},{""box"":{""left"":8182,""right"":3717,""top"":8651,""bottom"":5641},""time"":1729913573559},{""box"":{""left"":8182,""right"":3717,""top"":8651,""bottom"":5641},""time"":1729913573593},{""box"":{""left"":8182,""right"":3717,""top"":8651,""bottom"":5641},""time"":1729913573638},{""box"":{""left"":8182,""right"":3717,""top"":8651,""bottom"":5641},""time"":1729913573694},{""box"":{""left"":8182,""right"":3717,""top"":8651,""bottom"":5641},""time"":1729913573751},{""box"":{""left"":8182,""right"":3717,""top"":8651,""bottom"":5641},""time"":1729913573797},{""box"":{""left"":8182,""right"":3717,""top"":8651,""bottom"":5641},""time"":1729913573867},{""box"":{""left"":8182,""right"":3717,""top"":8651,""bottom"":5641},""time"":1729913573900},{""box"":{""left"":8182,""right"":3717,""top"":8651,""bottom"":5641},""time"":1729913573935},{""box"":{""left"":8182,""right"":3717,""top"":8651,""bottom"":5641},""time"":1729913573982},{""box"":{""left"":8182,""right"":3717,""top"":8651,""bottom"":5641},""time"":1729913574015},{""box"":{""left"":8182,""right"":3717,""top"":8651,""bottom"":5641},""time"":1729913574049},{""box"":{""left"":8182,""right"":3717,""top"":8651,""bottom"":5641},""time"":1729913574105},{""box"":{""left"":8182,""right"":3717,""top"":8651,""bottom"":5641},""time"":1729913574163},{""box"":{""left"":8182,""right"":3717,""top"":8651,""bottom"":5641},""time"":1729913574219},{""box"":{""left"":8182,""right"":3717,""top"":8651,""bottom"":5641},""time"":1729913574275},{""box"":{""left"":8182,""right"":3717,""top"":8651,""bottom"":5641},""time"":1729913574355},{""box"":{""left"":8182,""right"":3717,""top"":8651,""bottom"":5641},""time"":1729913574450},{""box"":{""left"":8182,""right"":3717,""top"":8651,""bottom"":5641},""time"":1729913574522},{""box"":{""left"":8182,""right"":3717,""top"":8651,""bottom"":5641},""time"":1729913574567},{""box"":{""left"":8182,""right"":3717,""top"":8651,""bottom"":5641},""time"":1729913574613},{""box"":{""left"":8182,""right"":3717,""top"":8651,""bottom"":5641},""time"":1729913574652},{""box"":{""left"":8182,""right"":3717,""top"":8651,""bottom"":5641},""time"":1729913574681},{""box"":{""left"":8182,""right"":3717,""top"":8651,""bottom"":5641},""time"":1729913574739},{""box"":{""left"":8182,""right"":3717,""top"":8651,""bottom"":5641},""time"":1729913574798},{""box"":{""left"":8182,""right"":3717,""top"":8651,""bottom"":5641},""time"":1729913574882},{""box"":{""left"":8182,""right"":3717,""top"":8651,""bottom"":5641},""time"":1729913574901},{""box"":{""left"":8182,""right"":3717,""top"":8651,""bottom"":5641},""time"":1729913574950},{""box"":{""left"":8182,""right"":3717,""top"":8651,""bottom"":5641},""time"":1729913575576},{""box"":{""left"":8182,""right"":3717,""top"":8651,""bottom"":5641},""time"":1729913575748},{""box"":{""left"":8182,""right"":3717,""top"":8651,""bottom"":5641},""time"":1729913575811},{""box"":{""left"":8182,""right"":3717,""top"":8651,""bottom"":5641},""time"":1729913575873},{""box"":{""left"":8182,""right"":3717,""top"":8651,""bottom"":5641},""time"":1729913575934},{""box"":{""left"":8182,""right"":3717,""top"":8651,""bottom"":5641},""time"":1729913576027},{""box"":{""left"":8182,""right"":3717,""top"":8651,""bottom"":5641},""time"":1729913576047},{""box"":{""left"":8182,""right"":3717,""top"":8651,""bottom"":5641},""time"":1729913576214},{""box"":{""left"":8182,""right"":3717,""top"":8651,""bottom"":5641},""time"":1729913576272},{""box"":{""left"":8182,""right"":3717,""top"":8651,""bottom"":5641},""time"":1729913576419},{""box"":{""left"":8182,""right"":3717,""top"":8651,""bottom"":5641},""time"":1729913576437},{""box"":{""left"":8182,""right"":3717,""top"":8651,""bottom"":5641},""time"":1729913576496},{""box"":{""left"":8182,""right"":3717,""top"":8651,""bottom"":5641},""time"":1729913576544},{""box"":{""left"":8182,""right"":3717,""top"":8651,""bottom"":5641},""time"":1729913576596},{""box"":{""left"":8182,""right"":3717,""top"":8651,""bottom"":5641},""time"":1729913576650},{""box"":{""left"":8182,""right"":3717,""top"":8651,""bottom"":5641},""time"":1729913576762},{""box"":{""left"":8182,""right"":3717,""top"":8651,""bottom"":5641},""time"":1729913576813},{""box"":{""left"":8182,""right"":3717,""top"":8651,""bottom"":5641},""time"":1729913576844},{""box"":{""left"":8182,""right"":3717,""top"":8651,""bottom"":5641},""time"":1729913576894},{""box"":{""left"":8182,""right"":3717,""top"":8651,""bottom"":5641},""time"":1729913576932},{""box"":{""left"":8182,""right"":3717,""top"":8651,""bottom"":5641},""time"":1729913576961},{""box"":{""left"":8182,""right"":3717,""top"":8651,""bottom"":5641},""time"":1729913576971},{""box"":{""left"":8182,""right"":3717,""top"":8651,""bottom"":5641},""time"":1729913576990},{""box"":{""left"":8182,""right"":3717,""top"":8651,""bottom"":5641},""time"":1729913577043},{""box"":{""left"":8182,""right"":3717,""top"":8651,""bottom"":5641},""time"":1729913577106},{""box"":{""left"":8182,""right"":3717,""top"":8651,""bottom"":5641},""time"":1729913577155},{""box"":{""left"":8182,""right"":3717,""top"":8651,""bottom"":5641},""time"":1729913577219},{""box"":{""left"":8182,""right"":3717,""top"":8651,""bottom"":5641},""time"":1729913577252},{""box"":{""left"":8182,""right"":3717,""top"":8651,""bottom"":5641},""time"":1729913577271},{""box"":{""left"":8182,""right"":3717,""top"":8651,""bottom"":5641},""time"":1729913577331},{""box"":{""left"":8182,""right"":3717,""top"":8651,""bottom"":5641},""time"":1729913577393},{""box"":{""left"":8182,""right"":3717,""top"":8651,""bottom"":5641},""time"":1729913577442},{""box"":{""left"":8182,""right"":3717,""top"":8651,""bottom"":5641},""time"":1729913577461},{""box"":{""left"":8182,""right"":3717,""top"":8651,""bottom"":5641},""time"":1729913577530},{""box"":{""left"":8182,""right"":3717,""top"":8651,""bottom"":5641},""time"":1729913577632},{""box"":{""left"":8182,""right"":3717,""top"":8651,""bottom"":5641},""time"":1729913577776},{""box"":{""left"":8182,""right"":3717,""top"":8651,""bottom"":5641},""time"":1729913577950},{""box"":{""left"":8182,""right"":3717,""top"":8651,""bottom"":5641},""time"":1729913578075},{""box"":{""left"":8182,""right"":3717,""top"":8651,""bottom"":5641},""time"":1729913578406},{""box"":{""left"":8182,""right"":3717,""top"":8651,""bottom"":5641},""time"":1729913578466},{""box"":{""left"":8182,""right"":3717,""top"":8651,""bottom"":5641},""time"":1729913578743},{""box"":{""left"":8182,""right"":3717,""top"":8651,""bottom"":5641},""time"":1729913578804},{""box"":{""left"":8182,""right"":3717,""top"":8651,""bottom"":5641},""time"":1729913578865},{""box"":{""left"":8182,""right"":3717,""top"":8651,""bottom"":5641},""time"":1729913578957},{""box"":{""left"":8182,""right"":3717,""top"":8651,""bottom"":5641},""time"":1729913579011},{""box"":{""left"":8182,""right"":3717,""top"":8651,""bottom"":5641},""time"":1729913579071},{""box"":{""left"":8182,""right"":3717,""top"":8651,""bottom"":5641},""time"":1729913579146},{""box"":{""left"":8182,""right"":3717,""top"":8651,""bottom"":5641},""time"":1729913579210},{""box"":{""left"":8182,""right"":3717,""top"":8651,""bottom"":5641},""time"":1729913579282},{""box"":{""left"":8182,""right"":3717,""top"":8651,""bottom"":5641},""time"":1729913579342},{""box"":{""left"":8182,""right"":3717,""top"":8651,""bottom"":5641},""time"":1729913579374},{""box"":{""left"":8182,""right"":3717,""top"":8651,""bottom"":5641},""time"":1729913579434},{""box"":{""left"":8182,""right"":3717,""top"":8651,""bottom"":5641},""time"":1729913579495},{""box"":{""left"":8182,""right"":3717,""top"":8651,""bottom"":5641},""time"":1729913579556},{""box"":{""left"":8182,""right"":3717,""top"":8651,""bottom"":5641},""time"":1729913579632},{""box"":{""left"":8182,""right"":3717,""top"":8651,""bottom"":5641},""time"":1729913579935},{""box"":{""left"":8182,""right"":3717,""top"":8651,""bottom"":5641},""time"":1729913579997},{""box"":{""left"":8182,""right"":3717,""top"":8651,""bottom"":5641},""time"":1729913580063},{""box"":{""left"":8182,""right"":3717,""top"":8651,""bottom"":5641},""time"":1729913580688},{""box"":{""left"":8182,""right"":3717,""top"":8651,""bottom"":5641},""time"":1729913580833},{""box"":{""left"":8182,""right"":3717,""top"":8651,""bottom"":5641},""time"":1729913580906},{""box"":{""left"":8182,""right"":3717,""top"":8651,""bottom"":5641},""time"":1729913581787},{""box"":{""left"":8182,""right"":3717,""top"":8651,""bottom"":5641},""time"":1729913581859},{""box"":{""left"":8182,""right"":3717,""top"":8651,""bottom"":5641},""time"":1729913581978},{""box"":{""left"":8182,""right"":3717,""top"":8651,""bottom"":5641},""time"":1729913582061},{""box"":{""left"":8182,""right"":3717,""top"":8651,""bottom"":5641},""time"":1729913582122},{""box"":{""left"":8182,""right"":3717,""top"":8651,""bottom"":5641},""time"":1729913582154},{""box"":{""left"":8182,""right"":3717,""top"":8651,""bottom"":5641},""time"":1729913582237},{""box"":{""left"":8182,""right"":3717,""top"":8651,""bottom"":5641},""time"":1729913582298},{""box"":{""left"":8182,""right"":3717,""top"":8651,""bottom"":5641},""time"":1729913582319},{""box"":{""left"":8182,""right"":3717,""top"":8651,""bottom"":5641},""time"":1729913582392},{""box"":{""left"":8182,""right"":3717,""top"":8651,""bottom"":5641},""time"":1729913582510},{""box"":{""left"":8182,""right"":3717,""top"":8651,""bottom"":5641},""time"":1729913582602},{""box"":{""left"":8182,""right"":3717,""top"":8651,""bottom"":5641},""time"":1729913582634},{""box"":{""left"":8182,""right"":3717,""top"":8651,""bottom"":5641},""time"":1729913583520},{""box"":{""left"":8182,""right"":3717,""top"":8651,""bottom"":5641},""time"":1729913583581},{""box"":{""left"":8182,""right"":3717,""top"":8651,""bottom"":5641},""time"":1729913583613},{""box"":{""left"":8182,""right"":3717,""top"":8651,""bottom"":5641},""time"":1729913583934},{""box"":{""left"":8182,""right"":3717,""top"":8651,""bottom"":5641},""time"":1729913584022},{""box"":{""left"":8182,""right"":3717,""top"":8651,""bottom"":5641},""time"":1729913584032},{""box"":{""left"":8182,""right"":3717,""top"":8651,""bottom"":5641},""time"":1729913584116},{""box"":{""left"":8182,""right"":3717,""top"":8651,""bottom"":5641},""time"":1729913584248},{""box"":{""left"":8182,""right"":3717,""top"":8651,""bottom"":5641},""time"":1729913584551},{""box"":{""left"":8182,""right"":3717,""top"":8651,""bottom"":5641},""time"":1729913584572},{""box"":{""left"":8182,""right"":3717,""top"":8651,""bottom"":5641},""time"":1729913584636},{""box"":{""left"":8182,""right"":3717,""top"":8651,""bottom"":5641},""time"":1729913584709},{""box"":{""left"":8182,""right"":3717,""top"":8651,""bottom"":5641},""time"":1729913584781},{""box"":{""left"":8182,""right"":3717,""top"":8651,""bottom"":5641},""time"":1729913584860},{""box"":{""left"":8182,""right"":3717,""top"":8651,""bottom"":5641},""time"":1729913584910},{""box"":{""left"":8182,""right"":3717,""top"":8651,""bottom"":5641},""time"":1729913584959},{""box"":{""left"":8182,""right"":3717,""top"":8651,""bottom"":5641},""time"":1729913585021},{""box"":{""left"":8182,""right"":3717,""top"":8651,""bottom"":5641},""time"":1729913585073},{""box"":{""left"":8182,""right"":3717,""top"":8651,""bottom"":5641},""time"":1729913585123},{""box"":{""left"":8182,""right"":3717,""top"":8651,""bottom"":5641},""time"":1729913585185},{""box"":{""left"":8182,""right"":3717,""top"":8651,""bottom"":5641},""time"":1729913585285},{""box"":{""left"":8182,""right"":3717,""top"":8651,""bottom"":5641},""time"":1729913585343},{""box"":{""left"":8182,""right"":3717,""top"":8651,""bottom"":5641},""time"":1729913585401},{""box"":{""left"":8182,""right"":3717,""top"":8651,""bottom"":5641},""time"":1729913585444},{""box"":{""left"":8182,""right"":3717,""top"":8651,""bottom"":5641},""time"":1729913585515},{""box"":{""left"":8182,""right"":3717,""top"":8651,""bottom"":5641},""time"":1729913585553},{""box"":{""left"":8182,""right"":3717,""top"":8651,""bottom"":5641},""time"":1729913585598},{""box"":{""left"":8182,""right"":3717,""top"":8651,""bottom"":5641},""time"":1729913585657},{""box"":{""left"":8182,""right"":3717,""top"":8651,""bottom"":5641},""time"":1729913585716},{""box"":{""left"":8182,""right"":3717,""top"":8651,""bottom"":5641},""time"":1729913585785},{""box"":{""left"":8182,""right"":3717,""top"":8651,""bottom"":5641},""time"":1729913585828},{""box"":{""left"":8182,""right"":3717,""top"":8651,""bottom"":5641},""time"":1729913585915},{""box"":{""left"":8182,""right"":3717,""top"":8651,""bottom"":5641},""time"":1729913586017},{""box"":{""left"":8182,""right"":3717,""top"":8651,""bottom"":5641},""time"":1729913586038},{""box"":{""left"":8182,""right"":3717,""top"":8651,""bottom"":5641},""time"":1729913586095},{""box"":{""left"":8182,""right"":3717,""top"":8651,""bottom"":5641},""time"":1729913586117},{""box"":{""left"":8182,""right"":3717,""top"":8651,""bottom"":5641},""time"":1729913586254},{""box"":{""left"":8182,""right"":3717,""top"":8651,""bottom"":5641},""time"":1729913586286},{""box"":{""left"":8182,""right"":3717,""top"":8651,""bottom"":5641},""time"":1729913586350},{""box"":{""left"":8182,""right"":3717,""top"":8651,""bottom"":5641},""time"":1729913586383},{""box"":{""left"":8182,""right"":3717,""top"":8651,""bottom"":5641},""time"":1729913586469},{""box"":{""left"":8182,""right"":3717,""top"":8651,""bottom"":5641},""time"":1729913586523},{""box"":{""left"":8182,""right"":3717,""top"":8651,""bottom"":5641},""time"":1729913586533},{""box"":{""left"":8182,""right"":3717,""top"":8651,""bottom"":5641},""time"":1729913586586},{""box"":{""left"":8182,""right"":3717,""top"":8651,""bottom"":5641},""time"":1729913586608},{""box"":{""left"":8182,""right"":3717,""top"":8651,""bottom"":5641},""time"":1729913586661},{""box"":{""left"":8182,""right"":3717,""top"":8651,""bottom"":5641},""time"":1729913586681},{""box"":{""left"":8182,""right"":3717,""top"":8651,""bottom"":5641},""time"":1729913586700},{""box"":{""left"":8182,""right"":3717,""top"":8651,""bottom"":5641},""time"":1729913586741},{""box"":{""left"":8182,""right"":3717,""top"":8651,""bottom"":5641},""time"":1729913586793},{""box"":{""left"":8182,""right"":3717,""top"":8651,""bottom"":5641},""time"":1729913586812},{""box"":{""left"":8182,""right"":3717,""top"":8651,""bottom"":5641},""time"":1729913586832},{""box"":{""left"":8182,""right"":3717,""top"":8651,""bottom"":5641},""time"":1729913586851},{""box"":{""left"":8182,""right"":3717,""top"":8651,""bottom"":5641},""time"":1729913586866},{""box"":{""left"":8182,""right"":3717,""top"":8651,""bottom"":5641},""time"":1729913586877},{""box"":{""left"":8182,""right"":3717,""top"":8651,""bottom"":5641},""time"":1729913586920},{""box"":{""left"":8182,""right"":3717,""top"":8651,""bottom"":5641},""time"":1729913586946},{""box"":{""left"":8182,""right"":3717,""top"":8651,""bottom"":5641},""time"":1729913586988},{""box"":{""left"":8182,""right"":3717,""top"":8651,""bottom"":5641},""time"":1729913587000},{""box"":{""left"":8182,""right"":3717,""top"":8651,""bottom"":5641},""time"":1729913587031},{""box"":{""left"":8182,""right"":3717,""top"":8651,""bottom"":5641},""time"":1729913587047},{""box"":{""left"":8182,""right"":3717,""top"":8651,""bottom"":5641},""time"":1729913587063},{""box"":{""left"":8182,""right"":3717,""top"":8651,""bottom"":5641},""time"":1729913587078},{""box"":{""left"":8182,""right"":3717,""top"":8651,""bottom"":5641},""time"":1729913587093},{""box"":{""left"":8182,""right"":3717,""top"":8651,""bottom"":5641},""time"":1729913587112},{""box"":{""left"":8182,""right"":3717,""top"":8651,""bottom"":5641},""time"":1729913587132},{""box"":{""left"":8182,""right"":3717,""top"":8651,""bottom"":5641},""time"":1729913587151},{""box"":{""left"":8182,""right"":3717,""top"":8651,""bottom"":5641},""time"":1729913587170},{""box"":{""left"":8182,""right"":3717,""top"":8651,""bottom"":5641},""time"":1729913587189},{""box"":{""left"":8182,""right"":3717,""top"":8651,""bottom"":5641},""time"":1729913587209},{""box"":{""left"":8182,""right"":3717,""top"":8651,""bottom"":5641},""time"":1729913587265},{""box"":{""left"":8182,""right"":3717,""top"":8651,""bottom"":5641},""time"":1729913587317},{""box"":{""left"":8182,""right"":3717,""top"":8651,""bottom"":5641},""time"":1729913587378},{""box"":{""left"":8182,""right"":3717,""top"":8651,""bottom"":5641},""time"":1729913587429},{""box"":{""left"":8182,""right"":3717,""top"":8651,""bottom"":5641},""time"":1729913587451},{""box"":{""left"":8182,""right"":3717,""top"":8651,""bottom"":5641},""time"":1729913587482},{""box"":{""left"":8182,""right"":3717,""top"":8651,""bottom"":5641},""time"":1729913587543},{""box"":{""left"":8182,""right"":3717,""top"":8651,""bottom"":5641},""time"":1729913587597},{""box"":{""left"":8182,""right"":3717,""top"":8651,""bottom"":5641},""time"":1729913587618},{""box"":{""left"":8182,""right"":3717,""top"":8651,""bottom"":5641},""time"":1729913587666},{""box"":{""left"":8182,""right"":3717,""top"":8651,""bottom"":5641},""time"":1729913587719},{""box"":{""left"":8182,""right"":3717,""top"":8651,""bottom"":5641},""time"":1729913587772},{""box"":{""left"":8182,""right"":3717,""top"":8651,""bottom"":5641},""time"":1729913587784},{""box"":{""left"":8182,""right"":3717,""top"":8651,""bottom"":5641},""time"":1729913587838},{""box"":{""left"":8182,""right"":3717,""top"":8651,""bottom"":5641},""time"":1729913587897},{""box"":{""left"":8182,""right"":3717,""top"":8651,""bottom"":5641},""time"":1729913587951},{""box"":{""left"":8182,""right"":3717,""top"":8651,""bottom"":5641},""time"":1729913588011},{""box"":{""left"":8182,""right"":3717,""top"":8651,""bottom"":5641},""time"":1729913588061},{""box"":{""left"":8182,""right"":3717,""top"":8651,""bottom"":5641},""time"":1729913588122},{""box"":{""left"":8182,""right"":3717,""top"":8651,""bottom"":5641},""time"":1729913588174},{""box"":{""left"":8182,""right"":3717,""top"":8651,""bottom"":5641},""time"":1729913588186},{""box"":{""left"":8182,""right"":3717,""top"":8651,""bottom"":5641},""time"":1729913588235},{""box"":{""left"":8182,""right"":3717,""top"":8651,""bottom"":5641},""time"":1729913588290},{""box"":{""left"":8182,""right"":3717,""top"":8651,""bottom"":5641},""time"":1729913588301},{""box"":{""left"":8182,""right"":3717,""top"":8651,""bottom"":5641},""time"":1729913588350},{""box"":{""left"":8182,""right"":3717,""top"":8651,""bottom"":5641},""time"":1729913588413},{""box"":{""left"":8182,""right"":3717,""top"":8651,""bottom"":5641},""time"":1729913588463},{""box"":{""left"":8182,""right"":3717,""top"":8651,""bottom"":5641},""time"":1729913588535},{""box"":{""left"":8182,""right"":3717,""top"":8651,""bottom"":5641},""time"":1729913588580},{""box"":{""left"":8182,""right"":3717,""top"":8651,""bottom"":5641},""time"":1729913588591},{""box"":{""left"":8182,""right"":3717,""top"":8651,""bottom"":5641},""time"":1729913588636},{""box"":{""left"":8182,""right"":3717,""top"":8651,""bottom"":5641},""time"":1729913588698},{""box"":{""left"":8182,""right"":3717,""top"":8651,""bottom"":5641},""time"":1729913588710},{""box"":{""left"":8182,""right"":3717,""top"":8651,""bottom"":5641},""time"":1729913588765},{""box"":{""left"":8182,""right"":3717,""top"":8651,""bottom"":5641},""time"":1729913588811},{""box"":{""left"":8182,""right"":3717,""top"":8651,""bottom"":5641},""time"":1729913588871},{""box"":{""left"":8182,""right"":3717,""top"":8651,""bottom"":5641},""time"":1729913588936},{""box"":{""left"":8182,""right"":3717,""top"":8651,""bottom"":5641},""time"":1729913588998},{""box"":{""left"":8182,""right"":3717,""top"":8651,""bottom"":5641},""time"":1729913589042},{""box"":{""left"":8182,""right"":3717,""top"":8651,""bottom"":5641},""time"":1729913589110},{""box"":{""left"":8182,""right"":3717,""top"":8651,""bottom"":5641},""time"":1729913589161},{""box"":{""left"":8182,""right"":3717,""top"":8651,""bottom"":5641},""time"":1729913589213},{""box"":{""left"":8182,""right"":3717,""top"":8651,""bottom"":5641},""time"":1729913589225},{""box"":{""left"":8182,""right"":3717,""top"":8651,""bottom"":5641},""time"":1729913589281},{""box"":{""left"":8182,""right"":3717,""top"":8651,""bottom"":5641},""time"":1729913589327},{""box"":{""left"":8182,""right"":3717,""top"":8651,""bottom"":5641},""time"":1729913589339},{""box"":{""left"":8182,""right"":3717,""top"":8651,""bottom"":5641},""time"":1729913589395},{""box"":{""left"":8182,""right"":3717,""top"":8651,""bottom"":5641},""time"":1729913589442},{""box"":{""left"":8182,""right"":3717,""top"":8651,""bottom"":5641},""time"":1729913589504},{""box"":{""left"":8182,""right"":3717,""top"":8651,""bottom"":5641},""time"":1729913589515},{""box"":{""left"":8182,""right"":3717,""top"":8651,""bottom"":5641},""time"":1729913589555},{""box"":{""left"":8182,""right"":3717,""top"":8651,""bottom"":5641},""time"":1729913589618},{""box"":{""left"":8182,""right"":3717,""top"":8651,""bottom"":5641},""time"":1729913589629},{""box"":{""left"":8182,""right"":3717,""top"":8651,""bottom"":5641},""time"":1729913589686},{""box"":{""left"":8182,""right"":3717,""top"":8651,""bottom"":5641},""time"":1729913589742},{""box"":{""left"":8182,""right"":3717,""top"":8651,""bottom"":5641},""time"":1729913589754},{""box"":{""left"":8182,""right"":3717,""top"":8651,""bottom"":5641},""time"":1729913589810},{""box"":{""left"":8182,""right"":3717,""top"":8651,""bottom"":5641},""time"":1729913589866},{""box"":{""left"":8182,""right"":3717,""top"":8651,""bottom"":5641},""time"":1729913589878},{""box"":{""left"":8182,""right"":3717,""top"":8651,""bottom"":5641},""time"":1729913589934},{""box"":{""left"":8182,""right"":3717,""top"":8651,""bottom"":5641},""time"":1729913589946},{""box"":{""left"":8182,""right"":3717,""top"":8651,""bottom"":5641},""time"":1729913590002},{""box"":{""left"":8182,""right"":3717,""top"":8651,""bottom"":5641},""time"":1729913590014},{""box"":{""left"":8182,""right"":3717,""top"":8651,""bottom"":5641},""time"":1729913590070},{""box"":{""left"":8182,""right"":3717,""top"":8651,""bottom"":5641},""time"":1729913590082},{""box"":{""left"":8182,""right"":3717,""top"":8651,""bottom"":5641},""time"":1729913590138},{""box"":{""left"":8182,""right"":3717,""top"":8651,""bottom"":5641},""time"":1729913590196},{""box"":{""left"":8182,""right"":3717,""top"":8651,""bottom"":5641},""time"":1729913590253},{""box"":{""left"":8182,""right"":3717,""top"":8651,""bottom"":5641},""time"":1729913590309},{""box"":{""left"":8182,""right"":3717,""top"":8651,""bottom"":5641},""time"":1729913590365},{""box"":{""left"":8182,""right"":3717,""top"":8651,""bottom"":5641},""time"":1729913590409},{""box"":{""left"":8182,""right"":3717,""top"":8651,""bottom"":5641},""time"":1729913590420},{""box"":{""left"":8182,""right"":3717,""top"":8651,""bottom"":5641},""time"":1729913590477},{""box"":{""left"":8182,""right"":3717,""top"":8651,""bottom"":5641},""time"":1729913590533},{""box"":{""left"":8182,""right"":3717,""top"":8651,""bottom"":5641},""time"":1729913590544},{""box"":{""left"":8182,""right"":3717,""top"":8651,""bottom"":5641},""time"":1729913590601},{""box"":{""left"":8182,""right"":3717,""top"":8651,""bottom"":5641},""time"":1729913590657},{""box"":{""left"":8182,""right"":3717,""top"":8651,""bottom"":5641},""time"":1729913590702},{""box"":{""left"":8182,""right"":3717,""top"":8651,""bottom"":5641},""time"":1729913590714},{""box"":{""left"":8182,""right"":3717,""top"":8651,""bottom"":5641},""time"":1729913590759},{""box"":{""left"":8182,""right"":3717,""top"":8651,""bottom"":5641},""time"":1729913590815},{""box"":{""left"":8182,""right"":3717,""top"":8651,""bottom"":5641},""time"":1729913590827},{""box"":{""left"":8182,""right"":3717,""top"":8651,""bottom"":5641},""time"":1729913590883},{""box"":{""left"":8182,""right"":3717,""top"":8651,""bottom"":5641},""time"":1729913590939},{""box"":{""left"":8182,""right"":3717,""top"":8651,""bottom"":5641},""time"":1729913590951},{""box"":{""left"":8182,""right"":3717,""top"":8651,""bottom"":5641},""time"":1729913591007},{""box"":{""left"":8182,""right"":3717,""top"":8651,""bottom"":5641},""time"":1729913591019},{""box"":{""left"":8182,""right"":3717,""top"":8651,""bottom"":5641},""time"":1729913591075},{""box"":{""left"":8182,""right"":3717,""top"":8651,""bottom"":5641},""time"":1729913591132},{""box"":{""left"":8182,""right"":3717,""top"":8651,""bottom"":5641},""time"":1729913591144},{""box"":{""left"":8182,""right"":3717,""top"":8651,""bottom"":5641},""time"":1729913591200},{""box"":{""left"":8182,""right"":3717,""top"":8651,""bottom"":5641},""time"":1729913591212},{""box"":{""left"":8182,""right"":3717,""top"":8651,""bottom"":5641},""time"":1729913591268},{""box"":{""left"":8182,""right"":3717,""top"":8651,""bottom"":5641},""time"":1729913591280},{""box"":{""left"":8182,""right"":3717,""top"":8651,""bottom"":5641},""time"":1729913591336},{""box"":{""left"":8182,""right"":3717,""top"":8651,""bottom"":5641},""time"":1729913591348},{""box"":{""left"":8182,""right"":3717,""top"":8651,""bottom"":5641},""time"":1729913591404},{""box"":{""left"":8182,""right"":3717,""top"":8651,""bottom"":5641},""time"":1729913591415},{""box"":{""left"":8182,""right"":3717,""top"":8651,""bottom"":5641},""time"":1729913591472},{""box"":{""left"":8182,""right"":3717,""top"":8651,""bottom"":5641},""time"":1729913591484},{""box"":{""left"":8182,""right"":3717,""top"":8651,""bottom"":5641},""time"":1729913591540},{""box"":{""left"":8182,""right"":3717,""top"":8651,""bottom"":5641},""time"":1729913591552},{""box"":{""left"":8182,""right"":3717,""top"":8651,""bottom"":5641},""time"":1729913591596},{""box"":{""left"":8182,""right"":3717,""top"":8651,""bottom"":5641},""time"":1729913591652},{""box"":{""left"":8182,""right"":3717,""top"":8651,""bottom"":5641},""time"":1729913591663}",,,,,
56904,Person,2024-10-26 12:32:35,2024-10-26 12:32:49,"{""left"":2005,""right"":2641,""top"":2352,""bottom"":3895},{""box"":{""left"":2005,""right"":2641,""top"":2352,""bottom"":3895},""time"":1729913556092},{""box"":{""left"":2005,""right"":2641,""top"":2352,""bottom"":3895},""time"":1729913556134},{""box"":{""left"":2005,""right"":2641,""top"":2352,""bottom"":3895},""time"":1729913556153},{""box"":{""left"":2005,""right"":2641,""top"":2352,""bottom"":3895},""time"":1729913556431},{""box"":{""left"":2005,""right"":2641,""top"":2352,""bottom"":3895},""time"":1729913556482},{""box"":{""left"":2005,""right"":2641,""top"":2352,""bottom"":3895},""time"":1729913556544},{""box"":{""left"":2005,""right"":2641,""top"":2352,""bottom"":3895},""time"":1729913556640},{""box"":{""left"":2005,""right"":2641,""top"":2352,""bottom"":3895},""time"":1729913556664},{""box"":{""left"":2005,""right"":2641,""top"":2352,""bottom"":3895},""time"":1729913556724},{""box"":{""left"":2005,""right"":2641,""top"":2352,""bottom"":3895},""time"":1729913556753},{""box"":{""left"":2005,""right"":2641,""top"":2352,""bottom"":3895},""time"":1729913556793},{""box"":{""left"":2005,""right"":2641,""top"":2352,""bottom"":3895},""time"":1729913556822},{""box"":{""left"":2005,""right"":2641,""top"":2352,""bottom"":3895},""time"":1729913556990},{""box"":{""left"":2005,""right"":2641,""top"":2352,""bottom"":3895},""time"":1729913557010},{""box"":{""left"":2005,""right"":2641,""top"":2352,""bottom"":3895},""time"":1729913557075},{""box"":{""left"":2005,""right"":2641,""top"":2352,""bottom"":3895},""time"":1729913557165},{""box"":{""left"":2005,""right"":2641,""top"":2352,""bottom"":3895},""time"":1729913557196},{""box"":{""left"":2005,""right"":2641,""top"":2352,""bottom"":3895},""time"":1729913557248},{""box"":{""left"":2005,""right"":2641,""top"":2352,""bottom"":3895},""time"":1729913557278},{""box"":{""left"":2005,""right"":2641,""top"":2352,""bottom"":3895},""time"":1729913557341},{""box"":{""left"":2005,""right"":2641,""top"":2352,""bottom"":3895},""time"":1729913557403},{""box"":{""left"":2005,""right"":2641,""top"":2352,""bottom"":3895},""time"":1729913557454},{""box"":{""left"":2005,""right"":2641,""top"":2352,""bottom"":3895},""time"":1729913557505},{""box"":{""left"":2005,""right"":2641,""top"":2352,""bottom"":3895},""time"":1729913557564},{""box"":{""left"":2005,""right"":2641,""top"":2352,""bottom"":3895},""time"":1729913557595},{""box"":{""left"":2005,""right"":2641,""top"":2352,""bottom"":3895},""time"":1729913557656},{""box"":{""left"":2005,""right"":2641,""top"":2352,""bottom"":3895},""time"":1729913557719},{""box"":{""left"":2005,""right"":2641,""top"":2352,""bottom"":3895},""time"":1729913557818},{""box"":{""left"":2005,""right"":2641,""top"":2352,""bottom"":3895},""time"":1729913558013},{""box"":{""left"":2005,""right"":2641,""top"":2352,""bottom"":3895},""time"":1729913558034},{""box"":{""left"":2005,""right"":2641,""top"":2352,""bottom"":3895},""time"":1729913560626},{""box"":{""left"":2005,""right"":2641,""top"":2352,""bottom"":3895},""time"":1729913560657},{""box"":{""left"":2005,""right"":2641,""top"":2352,""bottom"":3895},""time"":1729913560719},{""box"":{""left"":2005,""right"":2641,""top"":2352,""bottom"":3895},""time"":1729913560762},{""box"":{""left"":2005,""right"":2641,""top"":2352,""bottom"":3895},""time"":1729913560814},{""box"":{""left"":2005,""right"":2641,""top"":2352,""bottom"":3895},""time"":1729913560845},{""box"":{""left"":2005,""right"":2641,""top"":2352,""bottom"":3895},""time"":1729913560873},{""box"":{""left"":2005,""right"":2641,""top"":2352,""bottom"":3895},""time"":1729913560959},{""box"":{""left"":2005,""right"":2641,""top"":2352,""bottom"":3895},""time"":1729913561032},{""box"":{""left"":2005,""right"":2641,""top"":2352,""bottom"":3895},""time"":1729913561105},{""box"":{""left"":2005,""right"":2641,""top"":2352,""bottom"":3895},""time"":1729913561249},{""box"":{""left"":2005,""right"":2641,""top"":2352,""bottom"":3895},""time"":1729913561398},{""box"":{""left"":2005,""right"":2641,""top"":2352,""bottom"":3895},""time"":1729913561553},{""box"":{""left"":2005,""right"":2641,""top"":2352,""bottom"":3895},""time"":1729913561584},{""box"":{""left"":2005,""right"":2641,""top"":2352,""bottom"":3895},""time"":1729913561626},{""box"":{""left"":2005,""right"":2641,""top"":2352,""bottom"":3895},""time"":1729913561657},{""box"":{""left"":2005,""right"":2641,""top"":2352,""bottom"":3895},""time"":1729913561730},{""box"":{""left"":2005,""right"":2641,""top"":2352,""bottom"":3895},""time"":1729913561771},{""box"":{""left"":2005,""right"":2641,""top"":2352,""bottom"":3895},""time"":1729913561802},{""box"":{""left"":2005,""right"":2641,""top"":2352,""bottom"":3895},""time"":1729913561844},{""box"":{""left"":2005,""right"":2641,""top"":2352,""bottom"":3895},""time"":1729913561875},{""box"":{""left"":2005,""right"":2641,""top"":2352,""bottom"":3895},""time"":1729913561906},{""box"":{""left"":2005,""right"":2641,""top"":2352,""bottom"":3895},""time"":1729913561938},{""box"":{""left"":2005,""right"":2641,""top"":2352,""bottom"":3895},""time"":1729913562013},{""box"":{""left"":2005,""right"":2641,""top"":2352,""bottom"":3895},""time"":1729913562044},{""box"":{""left"":2005,""right"":2641,""top"":2352,""bottom"":3895},""time"":1729913562065},{""box"":{""left"":2005,""right"":2641,""top"":2352,""bottom"":3895},""time"":1729913562096},{""box"":{""left"":2005,""right"":2641,""top"":2352,""bottom"":3895},""time"":1729913562159},{""box"":{""left"":2005,""right"":2641,""top"":2352,""bottom"":3895},""time"":1729913562180},{""box"":{""left"":2005,""right"":2641,""top"":2352,""bottom"":3895},""time"":1729913562211},{""box"":{""left"":2005,""right"":2641,""top"":2352,""bottom"":3895},""time"":1729913562232},{""box"":{""left"":2005,""right"":2641,""top"":2352,""bottom"":3895},""time"":1729913562263},{""box"":{""left"":2005,""right"":2641,""top"":2352,""bottom"":3895},""time"":1729913562284},{""box"":{""left"":2005,""right"":2641,""top"":2352,""bottom"":3895},""time"":1729913562315},{""box"":{""left"":2005,""right"":2641,""top"":2352,""bottom"":3895},""time"":1729913562336},{""box"":{""left"":2005,""right"":2641,""top"":2352,""bottom"":3895},""time"":1729913562367},{""box"":{""left"":2005,""right"":2641,""top"":2352,""bottom"":3895},""time"":1729913562388},{""box"":{""left"":2005,""right"":2641,""top"":2352,""bottom"":3895},""time"":1729913562420},{""box"":{""left"":2005,""right"":2641,""top"":2352,""bottom"":3895},""time"":1729913562452},{""box"":{""left"":2005,""right"":2641,""top"":2352,""bottom"":3895},""time"":1729913562473},{""box"":{""left"":2005,""right"":2641,""top"":2352,""bottom"":3895},""time"":1729913562503},{""box"":{""left"":2005,""right"":2641,""top"":2352,""bottom"":3895},""time"":1729913562524},{""box"":{""left"":2005,""right"":2641,""top"":2352,""bottom"":3895},""time"":1729913562556},{""box"":{""left"":2005,""right"":2641,""top"":2352,""bottom"":3895},""time"":1729913562568},{""box"":{""left"":2005,""right"":2641,""top"":2352,""bottom"":3895},""time"":1729913562599},{""box"":{""left"":2005,""right"":2641,""top"":2352,""bottom"":3895},""time"":1729913562611},{""box"":{""left"":2005,""right"":2641,""top"":2352,""bottom"":3895},""time"":1729913562652},{""box"":{""left"":2005,""right"":2641,""top"":2352,""bottom"":3895},""time"":1729913562664},{""box"":{""left"":2005,""right"":2641,""top"":2352,""bottom"":3895},""time"":1729913562695},{""box"":{""left"":2005,""right"":2641,""top"":2352,""bottom"":3895},""time"":1729913562708},{""box"":{""left"":2005,""right"":2641,""top"":2352,""bottom"":3895},""time"":1729913562740},{""box"":{""left"":2005,""right"":2641,""top"":2352,""bottom"":3895},""time"":1729913562753},{""box"":{""left"":2005,""right"":2641,""top"":2352,""bottom"":3895},""time"":1729913562785},{""box"":{""left"":2005,""right"":2641,""top"":2352,""bottom"":3895},""time"":1729913562830},{""box"":{""left"":2005,""right"":2641,""top"":2352,""bottom"":3895},""time"":1729913562862},{""box"":{""left"":2005,""right"":2641,""top"":2352,""bottom"":3895},""time"":1729913562894},{""box"":{""left"":2005,""right"":2641,""top"":2352,""bottom"":3895},""time"":1729913562907},{""box"":{""left"":2005,""right"":2641,""top"":2352,""bottom"":3895},""time"":1729913562938},{""box"":{""left"":2005,""right"":2641,""top"":2352,""bottom"":3895},""time"":1729913562982},{""box"":{""left"":2005,""right"":2641,""top"":2352,""bottom"":3895},""time"":1729913563004},{""box"":{""left"":2005,""right"":2641,""top"":2352,""bottom"":3895},""time"":1729913563025},{""box"":{""left"":2005,""right"":2641,""top"":2352,""bottom"":3895},""time"":1729913563068},{""box"":{""left"":2005,""right"":2641,""top"":2352,""bottom"":3895},""time"":1729913563133},{""box"":{""left"":2005,""right"":2641,""top"":2352,""bottom"":3895},""time"":1729913563187},{""box"":{""left"":2005,""right"":2641,""top"":2352,""bottom"":3895},""time"":1729913563241},{""box"":{""left"":2005,""right"":2641,""top"":2352,""bottom"":3895},""time"":1729913563294},{""box"":{""left"":2005,""right"":2641,""top"":2352,""bottom"":3895},""time"":1729913563380},{""box"":{""left"":2005,""right"":2641,""top"":2352,""bottom"":3895},""time"":1729913563414},{""box"":{""left"":2005,""right"":2641,""top"":2352,""bottom"":3895},""time"":1729913563457},{""box"":{""left"":2005,""right"":2641,""top"":2352,""bottom"":3895},""time"":1729913563478},{""box"":{""left"":2005,""right"":2641,""top"":2352,""bottom"":3895},""time"":1729913563533},{""box"":{""left"":2005,""right"":2641,""top"":2352,""bottom"":3895},""time"":1729913563576},{""box"":{""left"":2005,""right"":2641,""top"":2352,""bottom"":3895},""time"":1729913563598},{""box"":{""left"":2005,""right"":2641,""top"":2352,""bottom"":3895},""time"":1729913563631},{""box"":{""left"":2005,""right"":2641,""top"":2352,""bottom"":3895},""time"":1729913563652},{""box"":{""left"":2005,""right"":2641,""top"":2352,""bottom"":3895},""time"":1729913563685},{""box"":{""left"":2005,""right"":2641,""top"":2352,""bottom"":3895},""time"":1729913563717},{""box"":{""left"":2005,""right"":2641,""top"":2352,""bottom"":3895},""time"":1729913563761},{""box"":{""left"":2005,""right"":2641,""top"":2352,""bottom"":3895},""time"":1729913563783},{""box"":{""left"":2005,""right"":2641,""top"":2352,""bottom"":3895},""time"":1729913563818},{""box"":{""left"":2005,""right"":2641,""top"":2352,""bottom"":3895},""time"":1729913563909},{""box"":{""left"":2005,""right"":2641,""top"":2352,""bottom"":3895},""time"":1729913564022},{""box"":{""left"":2005,""right"":2641,""top"":2352,""bottom"":3895},""time"":1729913564047},{""box"":{""left"":2005,""right"":2641,""top"":2352,""bottom"":3895},""time"":1729913564128},{""box"":{""left"":2005,""right"":2641,""top"":2352,""bottom"":3895},""time"":1729913564153},{""box"":{""left"":2005,""right"":2641,""top"":2352,""bottom"":3895},""time"":1729913564426},{""box"":{""left"":2005,""right"":2641,""top"":2352,""bottom"":3895},""time"":1729913564450},{""box"":{""left"":2005,""right"":2641,""top"":2352,""bottom"":3895},""time"":1729913564526},{""box"":{""left"":2005,""right"":2641,""top"":2352,""bottom"":3895},""time"":1729913564551},{""box"":{""left"":2005,""right"":2641,""top"":2352,""bottom"":3895},""time"":1729913564618},{""box"":{""left"":2005,""right"":2641,""top"":2352,""bottom"":3895},""time"":1729913564846},{""box"":{""left"":2005,""right"":2641,""top"":2352,""bottom"":3895},""time"":1729913564954},{""box"":{""left"":2005,""right"":2641,""top"":2352,""bottom"":3895},""time"":1729913565066},{""box"":{""left"":2005,""right"":2641,""top"":2352,""bottom"":3895},""time"":1729913565328},{""box"":{""left"":2005,""right"":2641,""top"":2352,""bottom"":3895},""time"":1729913565369},{""box"":{""left"":2005,""right"":2641,""top"":2352,""bottom"":3895},""time"":1729913565407},{""box"":{""left"":2005,""right"":2641,""top"":2352,""bottom"":3895},""time"":1729913565445},{""box"":{""left"":2005,""right"":2641,""top"":2352,""bottom"":3895},""time"":1729913565484},{""box"":{""left"":2005,""right"":2641,""top"":2352,""bottom"":3895},""time"":1729913565522},{""box"":{""left"":2005,""right"":2641,""top"":2352,""bottom"":3895},""time"":1729913565563},{""box"":{""left"":2005,""right"":2641,""top"":2352,""bottom"":3895},""time"":1729913565600},{""box"":{""left"":2005,""right"":2641,""top"":2352,""bottom"":3895},""time"":1729913565637},{""box"":{""left"":2005,""right"":2641,""top"":2352,""bottom"":3895},""time"":1729913565673},{""box"":{""left"":2005,""right"":2641,""top"":2352,""bottom"":3895},""time"":1729913565710},{""box"":{""left"":2005,""right"":2641,""top"":2352,""bottom"":3895},""time"":1729913565748},{""box"":{""left"":2005,""right"":2641,""top"":2352,""bottom"":3895},""time"":1729913565786},{""box"":{""left"":2005,""right"":2641,""top"":2352,""bottom"":3895},""time"":1729913565823},{""box"":{""left"":2005,""right"":2641,""top"":2352,""bottom"":3895},""time"":1729913565876},{""box"":{""left"":2005,""right"":2641,""top"":2352,""bottom"":3895},""time"":1729913565914},{""box"":{""left"":2005,""right"":2641,""top"":2352,""bottom"":3895},""time"":1729913565969},{""box"":{""left"":2005,""right"":2641,""top"":2352,""bottom"":3895},""time"":1729913566008},{""box"":{""left"":2005,""right"":2641,""top"":2352,""bottom"":3895},""time"":1729913566095},{""box"":{""left"":2005,""right"":2641,""top"":2352,""bottom"":3895},""time"":1729913566134},{""box"":{""left"":2005,""right"":2641,""top"":2352,""bottom"":3895},""time"":1729913566303},{""box"":{""left"":2005,""right"":2641,""top"":2352,""bottom"":3895},""time"":1729913566384},{""box"":{""left"":2005,""right"":2641,""top"":2352,""bottom"":3895},""time"":1729913566424},{""box"":{""left"":2005,""right"":2641,""top"":2352,""bottom"":3895},""time"":1729913566464},{""box"":{""left"":2005,""right"":2641,""top"":2352,""bottom"":3895},""time"":1729913566504},{""box"":{""left"":2005,""right"":2641,""top"":2352,""bottom"":3895},""time"":1729913566543},{""box"":{""left"":2005,""right"":2641,""top"":2352,""bottom"":3895},""time"":1729913566571},{""box"":{""left"":2005,""right"":2641,""top"":2352,""bottom"":3895},""time"":1729913566624},{""box"":{""left"":2005,""right"":2641,""top"":2352,""bottom"":3895},""time"":1729913566650},{""box"":{""left"":2005,""right"":2641,""top"":2352,""bottom"":3895},""time"":1729913566748},{""box"":{""left"":2005,""right"":2641,""top"":2352,""bottom"":3895},""time"":1729913566786},{""box"":{""left"":2005,""right"":2641,""top"":2352,""bottom"":3895},""time"":1729913566826},{""box"":{""left"":2005,""right"":2641,""top"":2352,""bottom"":3895},""time"":1729913566864},{""box"":{""left"":2005,""right"":2641,""top"":2352,""bottom"":3895},""time"":1729913566903},{""box"":{""left"":2005,""right"":2641,""top"":2352,""bottom"":3895},""time"":1729913566943},{""box"":{""left"":2005,""right"":2641,""top"":2352,""bottom"":3895},""time"":1729913566982},{""box"":{""left"":2005,""right"":2641,""top"":2352,""bottom"":3895},""time"":1729913567024},{""box"":{""left"":2005,""right"":2641,""top"":2352,""bottom"":3895},""time"":1729913567061},{""box"":{""left"":2005,""right"":2641,""top"":2352,""bottom"":3895},""time"":1729913567102},{""box"":{""left"":2005,""right"":2641,""top"":2352,""bottom"":3895},""time"":1729913567141},{""box"":{""left"":2005,""right"":2641,""top"":2352,""bottom"":3895},""time"":1729913567180},{""box"":{""left"":2005,""right"":2641,""top"":2352,""bottom"":3895},""time"":1729913567219},{""box"":{""left"":2005,""right"":2641,""top"":2352,""bottom"":3895},""time"":1729913567260},{""box"":{""left"":2005,""right"":2641,""top"":2352,""bottom"":3895},""time"":1729913567335},{""box"":{""left"":2005,""right"":2641,""top"":2352,""bottom"":3895},""time"":1729913567375},{""box"":{""left"":2005,""right"":2641,""top"":2352,""bottom"":3895},""time"":1729913567428},{""box"":{""left"":2005,""right"":2641,""top"":2352,""bottom"":3895},""time"":1729913567469},{""box"":{""left"":2005,""right"":2641,""top"":2352,""bottom"":3895},""time"":1729913567524},{""box"":{""left"":2005,""right"":2641,""top"":2352,""bottom"":3895},""time"":1729913567563},{""box"":{""left"":2005,""right"":2641,""top"":2352,""bottom"":3895},""time"":1729913567603},{""box"":{""left"":2005,""right"":2641,""top"":2352,""bottom"":3895},""time"":1729913567642},{""box"":{""left"":2005,""right"":2641,""top"":2352,""bottom"":3895},""time"":1729913567683},{""box"":{""left"":2005,""right"":2641,""top"":2352,""bottom"":3895},""time"":1729913567728},{""box"":{""left"":2005,""right"":2641,""top"":2352,""bottom"":3895},""time"":1729913567768},{""box"":{""left"":2005,""right"":2641,""top"":2352,""bottom"":3895},""time"":1729913567904},{""box"":{""left"":2005,""right"":2641,""top"":2352,""bottom"":3895},""time"":1729913567995},{""box"":{""left"":2005,""right"":2641,""top"":2352,""bottom"":3895},""time"":1729913568061},{""box"":{""left"":2005,""right"":2641,""top"":2352,""bottom"":3895},""time"":1729913568141},{""box"":{""left"":2005,""right"":2641,""top"":2352,""bottom"":3895},""time"":1729913568179},{""box"":{""left"":2005,""right"":2641,""top"":2352,""bottom"":3895},""time"":1729913568233},{""box"":{""left"":2005,""right"":2641,""top"":2352,""bottom"":3895},""time"":1729913568270},{""box"":{""left"":2005,""right"":2641,""top"":2352,""bottom"":3895},""time"":1729913568387},{""box"":{""left"":2005,""right"":2641,""top"":2352,""bottom"":3895},""time"":1729913568425},{""box"":{""left"":2005,""right"":2641,""top"":2352,""bottom"":3895},""time"":1729913568478},{""box"":{""left"":2005,""right"":2641,""top"":2352,""bottom"":3895},""time"":1729913568526},{""box"":{""left"":2005,""right"":2641,""top"":2352,""bottom"":3895},""time"":1729913568620},{""box"":{""left"":2005,""right"":2641,""top"":2352,""bottom"":3895},""time"":1729913568709},{""box"":{""left"":2005,""right"":2641,""top"":2352,""bottom"":3895},""time"":1729913568762},{""box"":{""left"":2005,""right"":2641,""top"":2352,""bottom"":3895},""time"":1729913568816},{""box"":{""left"":2005,""right"":2641,""top"":2352,""bottom"":3895},""time"":1729913568855},{""box"":{""left"":2005,""right"":2641,""top"":2352,""bottom"":3895},""time"":1729913568872},{""box"":{""left"":2005,""right"":2641,""top"":2352,""bottom"":3895},""time"":1729913568912},{""box"":{""left"":2005,""right"":2641,""top"":2352,""bottom"":3895},""time"":1729913568954},{""box"":{""left"":2005,""right"":2641,""top"":2352,""bottom"":3895},""time"":1729913569011},{""box"":{""left"":2005,""right"":2641,""top"":2352,""bottom"":3895},""time"":1729913569051},{""box"":{""left"":2005,""right"":2641,""top"":2352,""bottom"":3895},""time"":1729913569068},{""box"":{""left"":2005,""right"":2641,""top"":2352,""bottom"":3895},""time"":1729913569108},{""box"":{""left"":2005,""right"":2641,""top"":2352,""bottom"":3895},""time"":1729913569133},{""box"":{""left"":2005,""right"":2641,""top"":2352,""bottom"":3895},""time"":1729913569171},{""box"":{""left"":2005,""right"":2641,""top"":2352,""bottom"":3895},""time"":1729913569199},{""box"":{""left"":2005,""right"":2641,""top"":2352,""bottom"":3895},""time"":1729913569238},{""box"":{""left"":2005,""right"":2641,""top"":2352,""bottom"":3895},""time"":1729913569265},{""box"":{""left"":2005,""right"":2641,""top"":2352,""bottom"":3895},""time"":1729913569303},{""box"":{""left"":2005,""right"":2641,""top"":2352,""bottom"":3895},""time"":1729913569331},{""box"":{""left"":2005,""right"":2641,""top"":2352,""bottom"":3895},""time"":1729913569372},{""box"":{""left"":2005,""right"":2641,""top"":2352,""bottom"":3895},""time"":1729913569399},{""box"":{""left"":2005,""right"":2641,""top"":2352,""bottom"":3895},""time"":1729913569436},{""box"":{""left"":2005,""right"":2641,""top"":2352,""bottom"":3895},""time"":1729913569463},{""box"":{""left"":2005,""right"":2641,""top"":2352,""bottom"":3895},""time"":1729913569504},{""box"":{""left"":2005,""right"":2641,""top"":2352,""bottom"":3895},""time"":1729913569548},{""box"":{""left"":2005,""right"":2641,""top"":2352,""bottom"":3895},""time"":1729913569588},{""box"":{""left"":2005,""right"":2641,""top"":2352,""bottom"":3895},""time"":1729913569616},{""box"":{""left"":2005,""right"":2641,""top"":2352,""bottom"":3895},""time"":1729913569655},{""box"":{""left"":2005,""right"":2641,""top"":2352,""bottom"":3895},""time"":1729913569698},{""box"":{""left"":2005,""right"":2641,""top"":2352,""bottom"":3895},""time"":1729913569762},{""box"":{""left"":2005,""right"":2641,""top"":2352,""bottom"":3895},""time"":1729913569794},{""box"":{""left"":2005,""right"":2641,""top"":2352,""bottom"":3895},""time"":1729913569833}",,,,,
56905,Person,2024-10-26 12:32:35,2024-10-26 12:32:41,"{""left"":1801,""right"":6371,""top"":3016,""bottom"":9979},{""box"":{""left"":1801,""right"":6371,""top"":3016,""bottom"":9979},""time"":1729913556101},{""box"":{""left"":1801,""right"":6371,""top"":3016,""bottom"":9979},""time"":1729913556161},{""box"":{""left"":1801,""right"":6371,""top"":3016,""bottom"":9979},""time"":1729913556491},{""box"":{""left"":1801,""right"":6371,""top"":3016,""bottom"":9979},""time"":1729913556553},{""box"":{""left"":1801,""right"":6371,""top"":3016,""bottom"":9979},""time"":1729913556674},{""box"":{""left"":1801,""right"":6371,""top"":3016,""bottom"":9979},""time"":1729913556763},{""box"":{""left"":1801,""right"":6371,""top"":3016,""bottom"":9979},""time"":1729913556832},{""box"":{""left"":1801,""right"":6371,""top"":3016,""bottom"":9979},""time"":1729913557019},{""box"":{""left"":1801,""right"":6371,""top"":3016,""bottom"":9979},""time"":1729913557085},{""box"":{""left"":1801,""right"":6371,""top"":3016,""bottom"":9979},""time"":1729913557206},{""box"":{""left"":1801,""right"":6371,""top"":3016,""bottom"":9979},""time"":1729913557289},{""box"":{""left"":1801,""right"":6371,""top"":3016,""bottom"":9979},""time"":1729913557351},{""box"":{""left"":1801,""right"":6371,""top"":3016,""bottom"":9979},""time"":1729913557413},{""box"":{""left"":1801,""right"":6371,""top"":3016,""bottom"":9979},""time"":1729913557605},{""box"":{""left"":1801,""right"":6371,""top"":3016,""bottom"":9979},""time"":1729913557667},{""box"":{""left"":1801,""right"":6371,""top"":3016,""bottom"":9979},""time"":1729913557729},{""box"":{""left"":1801,""right"":6371,""top"":3016,""bottom"":9979},""time"":1729913557829},{""box"":{""left"":1801,""right"":6371,""top"":3016,""bottom"":9979},""time"":1729913558044},{""box"":{""left"":1801,""right"":6371,""top"":3016,""bottom"":9979},""time"":1729913558166},{""box"":{""left"":1801,""right"":6371,""top"":3016,""bottom"":9979},""time"":1729913558437},{""box"":{""left"":1801,""right"":6371,""top"":3016,""bottom"":9979},""time"":1729913558501},{""box"":{""left"":1801,""right"":6371,""top"":3016,""bottom"":9979},""time"":1729913558736},{""box"":{""left"":1801,""right"":6371,""top"":3016,""bottom"":9979},""time"":1729913558808},{""box"":{""left"":1801,""right"":6371,""top"":3016,""bottom"":9979},""time"":1729913558892},{""box"":{""left"":1801,""right"":6371,""top"":3016,""bottom"":9979},""time"":1729913558999},{""box"":{""left"":1801,""right"":6371,""top"":3016,""bottom"":9979},""time"":1729913559107},{""box"":{""left"":1801,""right"":6371,""top"":3016,""bottom"":9979},""time"":1729913559168},{""box"":{""left"":1801,""right"":6371,""top"":3016,""bottom"":9979},""time"":1729913559250},{""box"":{""left"":1801,""right"":6371,""top"":3016,""bottom"":9979},""time"":1729913559472},{""box"":{""left"":1801,""right"":6371,""top"":3016,""bottom"":9979},""time"":1729913559588},{""box"":{""left"":1801,""right"":6371,""top"":3016,""bottom"":9979},""time"":1729913559661},{""box"":{""left"":1801,""right"":6371,""top"":3016,""bottom"":9979},""time"":1729913559735},{""box"":{""left"":1801,""right"":6371,""top"":3016,""bottom"":9979},""time"":1729913559845},{""box"":{""left"":1801,""right"":6371,""top"":3016,""bottom"":9979},""time"":1729913559966},{""box"":{""left"":1801,""right"":6371,""top"":3016,""bottom"":9979},""time"":1729913560354},{""box"":{""left"":1801,""right"":6371,""top"":3016,""bottom"":9979},""time"":1729913560431},{""box"":{""left"":1801,""right"":6371,""top"":3016,""bottom"":9979},""time"":1729913560535},{""box"":{""left"":1801,""right"":6371,""top"":3016,""bottom"":9979},""time"":1729913560773},{""box"":{""left"":1801,""right"":6371,""top"":3016,""bottom"":9979},""time"":1729913560883},{""box"":{""left"":1801,""right"":6371,""top"":3016,""bottom"":9979},""time"":1729913560969},{""box"":{""left"":1801,""right"":6371,""top"":3016,""bottom"":9979},""time"":1729913561041},{""box"":{""left"":1801,""right"":6371,""top"":3016,""bottom"":9979},""time"":1729913561115},{""box"":{""left"":1801,""right"":6371,""top"":3016,""bottom"":9979},""time"":1729913561260},{""box"":{""left"":1801,""right"":6371,""top"":3016,""bottom"":9979},""time"":1729913561408},{""box"":{""left"":1801,""right"":6371,""top"":3016,""bottom"":9979},""time"":1729913561594},{""box"":{""left"":1801,""right"":6371,""top"":3016,""bottom"":9979},""time"":1729913561667},{""box"":{""left"":1801,""right"":6371,""top"":3016,""bottom"":9979},""time"":1729913561740},{""box"":{""left"":1801,""right"":6371,""top"":3016,""bottom"":9979},""time"":1729913561813}",,,,,
56910,Person,2024-10-26 12:32:35,2024-10-26 12:32:35,"{""left"":2439,""right"":2902,""top"":2738,""bottom"":4290}",,,,,
56915,Person,2024-10-26 12:32:35,2024-10-26 12:32:42,"{""left"":2305,""right"":2743,""top"":2533,""bottom"":3378},{""box"":{""left"":2305,""right"":2743,""top"":2533,""bottom"":3378},""time"":1729913556110},{""box"":{""left"":2305,""right"":2743,""top"":2533,""bottom"":3378},""time"":1729913556171},{""box"":{""left"":2305,""right"":2743,""top"":2533,""bottom"":3378},""time"":1729913556501},{""box"":{""left"":2305,""right"":2743,""top"":2533,""bottom"":3378},""time"":1729913556562},{""box"":{""left"":2305,""right"":2743,""top"":2533,""bottom"":3378},""time"":1729913556683},{""box"":{""left"":2305,""right"":2743,""top"":2533,""bottom"":3378},""time"":1729913556773},{""box"":{""left"":2305,""right"":2743,""top"":2533,""bottom"":3378},""time"":1729913556842},{""box"":{""left"":2305,""right"":2743,""top"":2533,""bottom"":3378},""time"":1729913557029},{""box"":{""left"":2305,""right"":2743,""top"":2533,""bottom"":3378},""time"":1729913557095},{""box"":{""left"":2305,""right"":2743,""top"":2533,""bottom"":3378},""time"":1729913557216},{""box"":{""left"":2305,""right"":2743,""top"":2533,""bottom"":3378},""time"":1729913557299},{""box"":{""left"":2305,""right"":2743,""top"":2533,""bottom"":3378},""time"":1729913557361},{""box"":{""left"":2305,""right"":2743,""top"":2533,""bottom"":3378},""time"":1729913557423},{""box"":{""left"":2305,""right"":2743,""top"":2533,""bottom"":3378},""time"":1729913557615},{""box"":{""left"":2305,""right"":2743,""top"":2533,""bottom"":3378},""time"":1729913557677},{""box"":{""left"":2305,""right"":2743,""top"":2533,""bottom"":3378},""time"":1729913557739},{""box"":{""left"":2305,""right"":2743,""top"":2533,""bottom"":3378},""time"":1729913557839},{""box"":{""left"":2305,""right"":2743,""top"":2533,""bottom"":3378},""time"":1729913558054},{""box"":{""left"":2305,""right"":2743,""top"":2533,""bottom"":3378},""time"":1729913558176},{""box"":{""left"":2305,""right"":2743,""top"":2533,""bottom"":3378},""time"":1729913558447},{""box"":{""left"":2305,""right"":2743,""top"":2533,""bottom"":3378},""time"":1729913558511},{""box"":{""left"":2305,""right"":2743,""top"":2533,""bottom"":3378},""time"":1729913558747},{""box"":{""left"":2305,""right"":2743,""top"":2533,""bottom"":3378},""time"":1729913558818},{""box"":{""left"":2305,""right"":2743,""top"":2533,""bottom"":3378},""time"":1729913558902},{""box"":{""left"":2305,""right"":2743,""top"":2533,""bottom"":3378},""time"":1729913559009},{""box"":{""left"":2305,""right"":2743,""top"":2533,""bottom"":3378},""time"":1729913559117},{""box"":{""left"":2305,""right"":2743,""top"":2533,""bottom"":3378},""time"":1729913559138},{""box"":{""left"":2305,""right"":2743,""top"":2533,""bottom"":3378},""time"":1729913559178},{""box"":{""left"":2305,""right"":2743,""top"":2533,""bottom"":3378},""time"":1729913559219},{""box"":{""left"":2305,""right"":2743,""top"":2533,""bottom"":3378},""time"":1729913559259},{""box"":{""left"":2305,""right"":2743,""top"":2533,""bottom"":3378},""time"":1729913559442},{""box"":{""left"":2305,""right"":2743,""top"":2533,""bottom"":3378},""time"":1729913559482},{""box"":{""left"":2305,""right"":2743,""top"":2533,""bottom"":3378},""time"":1729913559557},{""box"":{""left"":2305,""right"":2743,""top"":2533,""bottom"":3378},""time"":1729913559599},{""box"":{""left"":2305,""right"":2743,""top"":2533,""bottom"":3378},""time"":1729913559629},{""box"":{""left"":2305,""right"":2743,""top"":2533,""bottom"":3378},""time"":1729913559670},{""box"":{""left"":2305,""right"":2743,""top"":2533,""bottom"":3378},""time"":1729913559702},{""box"":{""left"":2305,""right"":2743,""top"":2533,""bottom"":3378},""time"":1729913559745},{""box"":{""left"":2305,""right"":2743,""top"":2533,""bottom"":3378},""time"":1729913559814},{""box"":{""left"":2305,""right"":2743,""top"":2533,""bottom"":3378},""time"":1729913559856},{""box"":{""left"":2305,""right"":2743,""top"":2533,""bottom"":3378},""time"":1729913559935},{""box"":{""left"":2305,""right"":2743,""top"":2533,""bottom"":3378},""time"":1729913559976},{""box"":{""left"":2305,""right"":2743,""top"":2533,""bottom"":3378},""time"":1729913560008},{""box"":{""left"":2305,""right"":2743,""top"":2533,""bottom"":3378},""time"":1729913560038},{""box"":{""left"":2305,""right"":2743,""top"":2533,""bottom"":3378},""time"":1729913560070},{""box"":{""left"":2305,""right"":2743,""top"":2533,""bottom"":3378},""time"":1729913560101},{""box"":{""left"":2305,""right"":2743,""top"":2533,""bottom"":3378},""time"":1729913560260},{""box"":{""left"":2305,""right"":2743,""top"":2533,""bottom"":3378},""time"":1729913560365},{""box"":{""left"":2305,""right"":2743,""top"":2533,""bottom"":3378},""time"":1729913560387},{""box"":{""left"":2305,""right"":2743,""top"":2533,""bottom"":3378},""time"":1729913560441},{""box"":{""left"":2305,""right"":2743,""top"":2533,""bottom"":3378},""time"":1729913560493},{""box"":{""left"":2305,""right"":2743,""top"":2533,""bottom"":3378},""time"":1729913560544},{""box"":{""left"":2305,""right"":2743,""top"":2533,""bottom"":3378},""time"":1729913560596},{""box"":{""left"":2305,""right"":2743,""top"":2533,""bottom"":3378},""time"":1729913560636},{""box"":{""left"":2305,""right"":2743,""top"":2533,""bottom"":3378},""time"":1729913560668},{""box"":{""left"":2305,""right"":2743,""top"":2533,""bottom"":3378},""time"":1729913560732},{""box"":{""left"":2305,""right"":2743,""top"":2533,""bottom"":3378},""time"":1729913560783},{""box"":{""left"":2305,""right"":2743,""top"":2533,""bottom"":3378},""time"":1729913560893},{""box"":{""left"":2305,""right"":2743,""top"":2533,""bottom"":3378},""time"":1729913560925},{""box"":{""left"":2305,""right"":2743,""top"":2533,""bottom"":3378},""time"":1729913560979},{""box"":{""left"":2305,""right"":2743,""top"":2533,""bottom"":3378},""time"":1729913561011},{""box"":{""left"":2305,""right"":2743,""top"":2533,""bottom"":3378},""time"":1729913561052},{""box"":{""left"":2305,""right"":2743,""top"":2533,""bottom"":3378},""time"":1729913561083},{""box"":{""left"":2305,""right"":2743,""top"":2533,""bottom"":3378},""time"":1729913561125},{""box"":{""left"":2305,""right"":2743,""top"":2533,""bottom"":3378},""time"":1729913561219},{""box"":{""left"":2305,""right"":2743,""top"":2533,""bottom"":3378},""time"":1729913561270},{""box"":{""left"":2305,""right"":2743,""top"":2533,""bottom"":3378},""time"":1729913561312},{""box"":{""left"":2305,""right"":2743,""top"":2533,""bottom"":3378},""time"":1729913561366},{""box"":{""left"":2305,""right"":2743,""top"":2533,""bottom"":3378},""time"":1729913561418},{""box"":{""left"":2305,""right"":2743,""top"":2533,""bottom"":3378},""time"":1729913561450},{""box"":{""left"":2305,""right"":2743,""top"":2533,""bottom"":3378},""time"":1729913561500},{""box"":{""left"":2305,""right"":2743,""top"":2533,""bottom"":3378},""time"":1729913562621},{""box"":{""left"":2305,""right"":2743,""top"":2533,""bottom"":3378},""time"":1729913562808},{""box"":{""left"":2305,""right"":2743,""top"":2533,""bottom"":3378},""time"":1729913562841}",,,,,
56916,Person,2024-10-26 12:32:35,2024-10-26 12:32:41,"{""left"":2092,""right"":3751,""top"":2832,""bottom"":7049},{""box"":{""left"":2092,""right"":3751,""top"":2832,""bottom"":7049},""time"":1729913556119},{""box"":{""left"":2092,""right"":3751,""top"":2832,""bottom"":7049},""time"":1729913556180},{""box"":{""left"":2092,""right"":3751,""top"":2832,""bottom"":7049},""time"":1729913556510},{""box"":{""left"":2092,""right"":3751,""top"":2832,""bottom"":7049},""time"":1729913556571},{""box"":{""left"":2092,""right"":3751,""top"":2832,""bottom"":7049},""time"":1729913556693},{""box"":{""left"":2092,""right"":3751,""top"":2832,""bottom"":7049},""time"":1729913556783},{""box"":{""left"":2092,""right"":3751,""top"":2832,""bottom"":7049},""time"":1729913556851},{""box"":{""left"":2092,""right"":3751,""top"":2832,""bottom"":7049},""time"":1729913557039},{""box"":{""left"":2092,""right"":3751,""top"":2832,""bottom"":7049},""time"":1729913557105},{""box"":{""left"":2092,""right"":3751,""top"":2832,""bottom"":7049},""time"":1729913557226},{""box"":{""left"":2092,""right"":3751,""top"":2832,""bottom"":7049},""time"":1729913557309},{""box"":{""left"":2092,""right"":3751,""top"":2832,""bottom"":7049},""time"":1729913557371},{""box"":{""left"":2092,""right"":3751,""top"":2832,""bottom"":7049},""time"":1729913557433},{""box"":{""left"":2092,""right"":3751,""top"":2832,""bottom"":7049},""time"":1729913557625},{""box"":{""left"":2092,""right"":3751,""top"":2832,""bottom"":7049},""time"":1729913557687},{""box"":{""left"":2092,""right"":3751,""top"":2832,""bottom"":7049},""time"":1729913557749},{""box"":{""left"":2092,""right"":3751,""top"":2832,""bottom"":7049},""time"":1729913557849},{""box"":{""left"":2092,""right"":3751,""top"":2832,""bottom"":7049},""time"":1729913558065},{""box"":{""left"":2092,""right"":3751,""top"":2832,""bottom"":7049},""time"":1729913558186},{""box"":{""left"":2092,""right"":3751,""top"":2832,""bottom"":7049},""time"":1729913558457},{""box"":{""left"":2092,""right"":3751,""top"":2832,""bottom"":7049},""time"":1729913558522},{""box"":{""left"":2092,""right"":3751,""top"":2832,""bottom"":7049},""time"":1729913558757},{""box"":{""left"":2092,""right"":3751,""top"":2832,""bottom"":7049},""time"":1729913558829},{""box"":{""left"":2092,""right"":3751,""top"":2832,""bottom"":7049},""time"":1729913558912},{""box"":{""left"":2092,""right"":3751,""top"":2832,""bottom"":7049},""time"":1729913559019},{""box"":{""left"":2092,""right"":3751,""top"":2832,""bottom"":7049},""time"":1729913559127},{""box"":{""left"":2092,""right"":3751,""top"":2832,""bottom"":7049},""time"":1729913559188},{""box"":{""left"":2092,""right"":3751,""top"":2832,""bottom"":7049},""time"":1729913559270},{""box"":{""left"":2092,""right"":3751,""top"":2832,""bottom"":7049},""time"":1729913559493},{""box"":{""left"":2092,""right"":3751,""top"":2832,""bottom"":7049},""time"":1729913559608},{""box"":{""left"":2092,""right"":3751,""top"":2832,""bottom"":7049},""time"":1729913559681},{""box"":{""left"":2092,""right"":3751,""top"":2832,""bottom"":7049},""time"":1729913559755},{""box"":{""left"":2092,""right"":3751,""top"":2832,""bottom"":7049},""time"":1729913559866},{""box"":{""left"":2092,""right"":3751,""top"":2832,""bottom"":7049},""time"":1729913559987},{""box"":{""left"":2092,""right"":3751,""top"":2832,""bottom"":7049},""time"":1729913560049},{""box"":{""left"":2092,""right"":3751,""top"":2832,""bottom"":7049},""time"":1729913560111},{""box"":{""left"":2092,""right"":3751,""top"":2832,""bottom"":7049},""time"":1729913560452},{""box"":{""left"":2092,""right"":3751,""top"":2832,""bottom"":7049},""time"":1729913560555},{""box"":{""left"":2092,""right"":3751,""top"":2832,""bottom"":7049},""time"":1729913560677},{""box"":{""left"":2092,""right"":3751,""top"":2832,""bottom"":7049},""time"":1729913560794},{""box"":{""left"":2092,""right"":3751,""top"":2832,""bottom"":7049},""time"":1729913560904},{""box"":{""left"":2092,""right"":3751,""top"":2832,""bottom"":7049},""time"":1729913560990},{""box"":{""left"":2092,""right"":3751,""top"":2832,""bottom"":7049},""time"":1729913561062},{""box"":{""left"":2092,""right"":3751,""top"":2832,""bottom"":7049},""time"":1729913561136},{""box"":{""left"":2092,""right"":3751,""top"":2832,""bottom"":7049},""time"":1729913561280},{""box"":{""left"":2092,""right"":3751,""top"":2832,""bottom"":7049},""time"":1729913561428}",,,,,
56919,Person,2024-10-26 12:32:37,2024-10-26 12:32:37,"{""left"":2162,""right"":2649,""top"":2374,""bottom"":3924}",,,,,
56920,Person,2024-10-26 12:32:39,2024-10-26 12:33:12,"{""left"":2825,""right"":4329,""top"":3662,""bottom"":6566},{""box"":{""left"":2825,""right"":4329,""top"":3662,""bottom"":6566},""time"":1729913559619},{""box"":{""left"":2825,""right"":4329,""top"":3662,""bottom"":6566},""time"":1729913559691},{""box"":{""left"":2825,""right"":4329,""top"":3662,""bottom"":6566},""time"":1729913559876},{""box"":{""left"":2825,""right"":4329,""top"":3662,""bottom"":6566},""time"":1729913559997},{""box"":{""left"":2825,""right"":4329,""top"":3662,""bottom"":6566},""time"":1729913560059},{""box"":{""left"":2825,""right"":4329,""top"":3662,""bottom"":6566},""time"":1729913560121},{""box"":{""left"":2825,""right"":4329,""top"":3662,""bottom"":6566},""time"":1729913560461},{""box"":{""left"":2825,""right"":4329,""top"":3662,""bottom"":6566},""time"":1729913560565},{""box"":{""left"":2825,""right"":4329,""top"":3662,""bottom"":6566},""time"":1729913560688},{""box"":{""left"":2825,""right"":4329,""top"":3662,""bottom"":6566},""time"":1729913560804},{""box"":{""left"":2825,""right"":4329,""top"":3662,""bottom"":6566},""time"":1729913561000},{""box"":{""left"":2825,""right"":4329,""top"":3662,""bottom"":6566},""time"":1729913561072},{""box"":{""left"":2825,""right"":4329,""top"":3662,""bottom"":6566},""time"":1729913561146},{""box"":{""left"":2825,""right"":4329,""top"":3662,""bottom"":6566},""time"":1729913561290},{""box"":{""left"":2825,""right"":4329,""top"":3662,""bottom"":6566},""time"":1729913561604},{""box"":{""left"":2825,""right"":4329,""top"":3662,""bottom"":6566},""time"":1729913561677},{""box"":{""left"":2825,""right"":4329,""top"":3662,""bottom"":6566},""time"":1729913561750},{""box"":{""left"":2825,""right"":4329,""top"":3662,""bottom"":6566},""time"":1729913561823},{""box"":{""left"":2825,""right"":4329,""top"":3662,""bottom"":6566},""time"":1729913561885},{""box"":{""left"":2825,""right"":4329,""top"":3662,""bottom"":6566},""time"":1729913561948},{""box"":{""left"":2825,""right"":4329,""top"":3662,""bottom"":6566},""time"":1729913562055},{""box"":{""left"":2825,""right"":4329,""top"":3662,""bottom"":6566},""time"":1729913562106},{""box"":{""left"":2825,""right"":4329,""top"":3662,""bottom"":6566},""time"":1729913562169},{""box"":{""left"":2825,""right"":4329,""top"":3662,""bottom"":6566},""time"":1729913562221},{""box"":{""left"":2825,""right"":4329,""top"":3662,""bottom"":6566},""time"":1729913562273},{""box"":{""left"":2825,""right"":4329,""top"":3662,""bottom"":6566},""time"":1729913562325},{""box"":{""left"":2825,""right"":4329,""top"":3662,""bottom"":6566},""time"":1729913562377},{""box"":{""left"":2825,""right"":4329,""top"":3662,""bottom"":6566},""time"":1729913562462},{""box"":{""left"":2825,""right"":4329,""top"":3662,""bottom"":6566},""time"":1729913562514},{""box"":{""left"":2825,""right"":4329,""top"":3662,""bottom"":6566},""time"":1729913562851},{""box"":{""left"":2825,""right"":4329,""top"":3662,""bottom"":6566},""time"":1729913562949},{""box"":{""left"":2825,""right"":4329,""top"":3662,""bottom"":6566},""time"":1729913562993},{""box"":{""left"":2825,""right"":4329,""top"":3662,""bottom"":6566},""time"":1729913563036},{""box"":{""left"":2825,""right"":4329,""top"":3662,""bottom"":6566},""time"":1729913563079},{""box"":{""left"":2825,""right"":4329,""top"":3662,""bottom"":6566},""time"":1729913563143},{""box"":{""left"":2825,""right"":4329,""top"":3662,""bottom"":6566},""time"":1729913563198},{""box"":{""left"":2825,""right"":4329,""top"":3662,""bottom"":6566},""time"":1729913563251},{""box"":{""left"":2825,""right"":4329,""top"":3662,""bottom"":6566},""time"":1729913563305},{""box"":{""left"":2825,""right"":4329,""top"":3662,""bottom"":6566},""time"":1729913563425},{""box"":{""left"":2825,""right"":4329,""top"":3662,""bottom"":6566},""time"":1729913563489},{""box"":{""left"":2825,""right"":4329,""top"":3662,""bottom"":6566},""time"":1729913563543},{""box"":{""left"":2825,""right"":4329,""top"":3662,""bottom"":6566},""time"":1729913563663},{""box"":{""left"":2825,""right"":4329,""top"":3662,""bottom"":6566},""time"":1729913563729},{""box"":{""left"":2825,""right"":4329,""top"":3662,""bottom"":6566},""time"":1729913563828},{""box"":{""left"":2825,""right"":4329,""top"":3662,""bottom"":6566},""time"":1729913563920},{""box"":{""left"":2825,""right"":4329,""top"":3662,""bottom"":6566},""time"":1729913564164},{""box"":{""left"":2825,""right"":4329,""top"":3662,""bottom"":6566},""time"":1729913564461},{""box"":{""left"":2825,""right"":4329,""top"":3662,""bottom"":6566},""time"":1729913564563},{""box"":{""left"":2825,""right"":4329,""top"":3662,""bottom"":6566},""time"":1729913564630},{""box"":{""left"":2825,""right"":4329,""top"":3662,""bottom"":6566},""time"":1729913564859},{""box"":{""left"":2825,""right"":4329,""top"":3662,""bottom"":6566},""time"":1729913564967},{""box"":{""left"":2825,""right"":4329,""top"":3662,""bottom"":6566},""time"":1729913565080},{""box"":{""left"":2825,""right"":4329,""top"":3662,""bottom"":6566},""time"":1729913565381},{""box"":{""left"":2825,""right"":4329,""top"":3662,""bottom"":6566},""time"":1729913565457},{""box"":{""left"":2825,""right"":4329,""top"":3662,""bottom"":6566},""time"":1729913565537},{""box"":{""left"":2825,""right"":4329,""top"":3662,""bottom"":6566},""time"":1729913565613},{""box"":{""left"":2825,""right"":4329,""top"":3662,""bottom"":6566},""time"":1729913565685},{""box"":{""left"":2825,""right"":4329,""top"":3662,""bottom"":6566},""time"":1729913565761},{""box"":{""left"":2825,""right"":4329,""top"":3662,""bottom"":6566},""time"":1729913565836},{""box"":{""left"":2825,""right"":4329,""top"":3662,""bottom"":6566},""time"":1729913565928},{""box"":{""left"":2825,""right"":4329,""top"":3662,""bottom"":6566},""time"":1729913566021},{""box"":{""left"":2825,""right"":4329,""top"":3662,""bottom"":6566},""time"":1729913566147},{""box"":{""left"":2825,""right"":4329,""top"":3662,""bottom"":6566},""time"":1729913566436},{""box"":{""left"":2825,""right"":4329,""top"":3662,""bottom"":6566},""time"":1729913566516},{""box"":{""left"":2825,""right"":4329,""top"":3662,""bottom"":6566},""time"":1729913566584},{""box"":{""left"":2825,""right"":4329,""top"":3662,""bottom"":6566},""time"":1729913566663},{""box"":{""left"":2825,""right"":4329,""top"":3662,""bottom"":6566},""time"":1729913566798},{""box"":{""left"":2825,""right"":4329,""top"":3662,""bottom"":6566},""time"":1729913566877},{""box"":{""left"":2825,""right"":4329,""top"":3662,""bottom"":6566},""time"":1729913566956},{""box"":{""left"":2825,""right"":4329,""top"":3662,""bottom"":6566},""time"":1729913567037},{""box"":{""left"":2825,""right"":4329,""top"":3662,""bottom"":6566},""time"":1729913567115},{""box"":{""left"":2825,""right"":4329,""top"":3662,""bottom"":6566},""time"":1729913567192},{""box"":{""left"":2825,""right"":4329,""top"":3662,""bottom"":6566},""time"":1729913567274},{""box"":{""left"":2825,""right"":4329,""top"":3662,""bottom"":6566},""time"":1729913567388},{""box"":{""left"":2825,""right"":4329,""top"":3662,""bottom"":6566},""time"":1729913567482},{""box"":{""left"":2825,""right"":4329,""top"":3662,""bottom"":6566},""time"":1729913567576},{""box"":{""left"":2825,""right"":4329,""top"":3662,""bottom"":6566},""time"":1729913567655},{""box"":{""left"":2825,""right"":4329,""top"":3662,""bottom"":6566},""time"":1729913567780},{""box"":{""left"":2825,""right"":4329,""top"":3662,""bottom"":6566},""time"":1729913567917},{""box"":{""left"":2825,""right"":4329,""top"":3662,""bottom"":6566},""time"":1729913568008},{""box"":{""left"":2825,""right"":4329,""top"":3662,""bottom"":6566},""time"":1729913568100},{""box"":{""left"":2825,""right"":4329,""top"":3662,""bottom"":6566},""time"":1729913568193},{""box"":{""left"":2825,""right"":4329,""top"":3662,""bottom"":6566},""time"":1729913568283},{""box"":{""left"":2825,""right"":4329,""top"":3662,""bottom"":6566},""time"":1729913568437},{""box"":{""left"":2825,""right"":4329,""top"":3662,""bottom"":6566},""time"":1729913568539},{""box"":{""left"":2825,""right"":4329,""top"":3662,""bottom"":6566},""time"":1729913568634},{""box"":{""left"":2825,""right"":4329,""top"":3662,""bottom"":6566},""time"":1729913568776},{""box"":{""left"":2825,""right"":4329,""top"":3662,""bottom"":6566},""time"":1729913569120},{""box"":{""left"":2825,""right"":4329,""top"":3662,""bottom"":6566},""time"":1729913569185},{""box"":{""left"":2825,""right"":4329,""top"":3662,""bottom"":6566},""time"":1729913569251},{""box"":{""left"":2825,""right"":4329,""top"":3662,""bottom"":6566},""time"":1729913569317},{""box"":{""left"":2825,""right"":4329,""top"":3662,""bottom"":6566},""time"":1729913569384},{""box"":{""left"":2825,""right"":4329,""top"":3662,""bottom"":6566},""time"":1729913569450},{""box"":{""left"":2825,""right"":4329,""top"":3662,""bottom"":6566},""time"":1729913569517},{""box"":{""left"":2825,""right"":4329,""top"":3662,""bottom"":6566},""time"":1729913569600},{""box"":{""left"":2825,""right"":4329,""top"":3662,""bottom"":6566},""time"":1729913569681},{""box"":{""left"":2825,""right"":4329,""top"":3662,""bottom"":6566},""time"":1729913569778},{""box"":{""left"":2825,""right"":4329,""top"":3662,""bottom"":6566},""time"":1729913569847},{""box"":{""left"":2825,""right"":4329,""top"":3662,""bottom"":6566},""time"":1729913569902},{""box"":{""left"":2825,""right"":4329,""top"":3662,""bottom"":6566},""time"":1729913569916},{""box"":{""left"":2825,""right"":4329,""top"":3662,""bottom"":6566},""time"":1729913569960},{""box"":{""left"":2825,""right"":4329,""top"":3662,""bottom"":6566},""time"":1729913570022},{""box"":{""left"":2825,""right"":4329,""top"":3662,""bottom"":6566},""time"":1729913570062},{""box"":{""left"":2825,""right"":4329,""top"":3662,""bottom"":6566},""time"":1729913570132},{""box"":{""left"":2825,""right"":4329,""top"":3662,""bottom"":6566},""time"":1729913570186},{""box"":{""left"":2825,""right"":4329,""top"":3662,""bottom"":6566},""time"":1729913570200},{""box"":{""left"":2825,""right"":4329,""top"":3662,""bottom"":6566},""time"":1729913570240},{""box"":{""left"":2825,""right"":4329,""top"":3662,""bottom"":6566},""time"":1729913570254},{""box"":{""left"":2825,""right"":4329,""top"":3662,""bottom"":6566},""time"":1729913570295},{""box"":{""left"":2825,""right"":4329,""top"":3662,""bottom"":6566},""time"":1729913570308},{""box"":{""left"":2825,""right"":4329,""top"":3662,""bottom"":6566},""time"":1729913570349},{""box"":{""left"":2825,""right"":4329,""top"":3662,""bottom"":6566},""time"":1729913570362},{""box"":{""left"":2825,""right"":4329,""top"":3662,""bottom"":6566},""time"":1729913570404},{""box"":{""left"":2825,""right"":4329,""top"":3662,""bottom"":6566},""time"":1729913570417},{""box"":{""left"":2825,""right"":4329,""top"":3662,""bottom"":6566},""time"":1729913570457},{""box"":{""left"":2825,""right"":4329,""top"":3662,""bottom"":6566},""time"":1729913570497},{""box"":{""left"":2825,""right"":4329,""top"":3662,""bottom"":6566},""time"":1729913570539},{""box"":{""left"":2825,""right"":4329,""top"":3662,""bottom"":6566},""time"":1729913570553},{""box"":{""left"":2825,""right"":4329,""top"":3662,""bottom"":6566},""time"":1729913570592},{""box"":{""left"":2825,""right"":4329,""top"":3662,""bottom"":6566},""time"":1729913570606},{""box"":{""left"":2825,""right"":4329,""top"":3662,""bottom"":6566},""time"":1729913570647},{""box"":{""left"":2825,""right"":4329,""top"":3662,""bottom"":6566},""time"":1729913570661},{""box"":{""left"":2825,""right"":4329,""top"":3662,""bottom"":6566},""time"":1729913570701},{""box"":{""left"":2825,""right"":4329,""top"":3662,""bottom"":6566},""time"":1729913570794},{""box"":{""left"":2825,""right"":4329,""top"":3662,""bottom"":6566},""time"":1729913570834},{""box"":{""left"":2825,""right"":4329,""top"":3662,""bottom"":6566},""time"":1729913570862},{""box"":{""left"":2825,""right"":4329,""top"":3662,""bottom"":6566},""time"":1729913570903},{""box"":{""left"":2825,""right"":4329,""top"":3662,""bottom"":6566},""time"":1729913570933},{""box"":{""left"":2825,""right"":4329,""top"":3662,""bottom"":6566},""time"":1729913570972},{""box"":{""left"":2825,""right"":4329,""top"":3662,""bottom"":6566},""time"":1729913571001},{""box"":{""left"":2825,""right"":4329,""top"":3662,""bottom"":6566},""time"":1729913571043},{""box"":{""left"":2825,""right"":4329,""top"":3662,""bottom"":6566},""time"":1729913571161},{""box"":{""left"":2825,""right"":4329,""top"":3662,""bottom"":6566},""time"":1729913571175},{""box"":{""left"":2825,""right"":4329,""top"":3662,""bottom"":6566},""time"":1729913571216},{""box"":{""left"":2825,""right"":4329,""top"":3662,""bottom"":6566},""time"":1729913571230},{""box"":{""left"":2825,""right"":4329,""top"":3662,""bottom"":6566},""time"":1729913571271},{""box"":{""left"":2825,""right"":4329,""top"":3662,""bottom"":6566},""time"":1729913571286},{""box"":{""left"":2825,""right"":4329,""top"":3662,""bottom"":6566},""time"":1729913571328},{""box"":{""left"":2825,""right"":4329,""top"":3662,""bottom"":6566},""time"":1729913571341},{""box"":{""left"":2825,""right"":4329,""top"":3662,""bottom"":6566},""time"":1729913571382},{""box"":{""left"":2825,""right"":4329,""top"":3662,""bottom"":6566},""time"":1729913571396},{""box"":{""left"":2825,""right"":4329,""top"":3662,""bottom"":6566},""time"":1729913571439},{""box"":{""left"":2825,""right"":4329,""top"":3662,""bottom"":6566},""time"":1729913571454},{""box"":{""left"":2825,""right"":4329,""top"":3662,""bottom"":6566},""time"":1729913571495},{""box"":{""left"":2825,""right"":4329,""top"":3662,""bottom"":6566},""time"":1729913571508},{""box"":{""left"":2825,""right"":4329,""top"":3662,""bottom"":6566},""time"":1729913571550},{""box"":{""left"":2825,""right"":4329,""top"":3662,""bottom"":6566},""time"":1729913571595},{""box"":{""left"":2825,""right"":4329,""top"":3662,""bottom"":6566},""time"":1729913571636},{""box"":{""left"":2825,""right"":4329,""top"":3662,""bottom"":6566},""time"":1729913571650},{""box"":{""left"":2825,""right"":4329,""top"":3662,""bottom"":6566},""time"":1729913571695},{""box"":{""left"":2825,""right"":4329,""top"":3662,""bottom"":6566},""time"":1729913571710},{""box"":{""left"":2825,""right"":4329,""top"":3662,""bottom"":6566},""time"":1729913571754},{""box"":{""left"":2825,""right"":4329,""top"":3662,""bottom"":6566},""time"":1729913571811},{""box"":{""left"":2825,""right"":4329,""top"":3662,""bottom"":6566},""time"":1729913571825},{""box"":{""left"":2825,""right"":4329,""top"":3662,""bottom"":6566},""time"":1729913571867},{""box"":{""left"":2825,""right"":4329,""top"":3662,""bottom"":6566},""time"":1729913571923},{""box"":{""left"":2825,""right"":4329,""top"":3662,""bottom"":6566},""time"":1729913571939},{""box"":{""left"":2825,""right"":4329,""top"":3662,""bottom"":6566},""time"":1729913571985},{""box"":{""left"":2825,""right"":4329,""top"":3662,""bottom"":6566},""time"":1729913572024},{""box"":{""left"":2825,""right"":4329,""top"":3662,""bottom"":6566},""time"":1729913572041},{""box"":{""left"":2825,""right"":4329,""top"":3662,""bottom"":6566},""time"":1729913572111},{""box"":{""left"":2825,""right"":4329,""top"":3662,""bottom"":6566},""time"":1729913572154},{""box"":{""left"":2825,""right"":4329,""top"":3662,""bottom"":6566},""time"":1729913572200},{""box"":{""left"":2825,""right"":4329,""top"":3662,""bottom"":6566},""time"":1729913572242},{""box"":{""left"":2825,""right"":4329,""top"":3662,""bottom"":6566},""time"":1729913572299},{""box"":{""left"":2825,""right"":4329,""top"":3662,""bottom"":6566},""time"":1729913572313},{""box"":{""left"":2825,""right"":4329,""top"":3662,""bottom"":6566},""time"":1729913572357},{""box"":{""left"":2825,""right"":4329,""top"":3662,""bottom"":6566},""time"":1729913572412},{""box"":{""left"":2825,""right"":4329,""top"":3662,""bottom"":6566},""time"":1729913572436},{""box"":{""left"":2825,""right"":4329,""top"":3662,""bottom"":6566},""time"":1729913572470},{""box"":{""left"":2825,""right"":4329,""top"":3662,""bottom"":6566},""time"":1729913572482},{""box"":{""left"":2825,""right"":4329,""top"":3662,""bottom"":6566},""time"":1729913572515},{""box"":{""left"":2825,""right"":4329,""top"":3662,""bottom"":6566},""time"":1729913572527},{""box"":{""left"":2825,""right"":4329,""top"":3662,""bottom"":6566},""time"":1729913572561},{""box"":{""left"":2825,""right"":4329,""top"":3662,""bottom"":6566},""time"":1729913572572},{""box"":{""left"":2825,""right"":4329,""top"":3662,""bottom"":6566},""time"":1729913572608},{""box"":{""left"":2825,""right"":4329,""top"":3662,""bottom"":6566},""time"":1729913572641},{""box"":{""left"":2825,""right"":4329,""top"":3662,""bottom"":6566},""time"":1729913572664},{""box"":{""left"":2825,""right"":4329,""top"":3662,""bottom"":6566},""time"":1729913572697},{""box"":{""left"":2825,""right"":4329,""top"":3662,""bottom"":6566},""time"":1729913572709},{""box"":{""left"":2825,""right"":4329,""top"":3662,""bottom"":6566},""time"":1729913572744},{""box"":{""left"":2825,""right"":4329,""top"":3662,""bottom"":6566},""time"":1729913572756},{""box"":{""left"":2825,""right"":4329,""top"":3662,""bottom"":6566},""time"":1729913572790},{""box"":{""left"":2825,""right"":4329,""top"":3662,""bottom"":6566},""time"":1729913572813},{""box"":{""left"":2825,""right"":4329,""top"":3662,""bottom"":6566},""time"":1729913572847},{""box"":{""left"":2825,""right"":4329,""top"":3662,""bottom"":6566},""time"":1729913572858},{""box"":{""left"":2825,""right"":4329,""top"":3662,""bottom"":6566},""time"":1729913572891},{""box"":{""left"":2825,""right"":4329,""top"":3662,""bottom"":6566},""time"":1729913572903},{""box"":{""left"":2825,""right"":4329,""top"":3662,""bottom"":6566},""time"":1729913572936},{""box"":{""left"":2825,""right"":4329,""top"":3662,""bottom"":6566},""time"":1729913572947},{""box"":{""left"":2825,""right"":4329,""top"":3662,""bottom"":6566},""time"":1729913572983},{""box"":{""left"":2825,""right"":4329,""top"":3662,""bottom"":6566},""time"":1729913572994},{""box"":{""left"":2825,""right"":4329,""top"":3662,""bottom"":6566},""time"":1729913573029},{""box"":{""left"":2825,""right"":4329,""top"":3662,""bottom"":6566},""time"":1729913573041},{""box"":{""left"":2825,""right"":4329,""top"":3662,""bottom"":6566},""time"":1729913573074},{""box"":{""left"":2825,""right"":4329,""top"":3662,""bottom"":6566},""time"":1729913573085},{""box"":{""left"":2825,""right"":4329,""top"":3662,""bottom"":6566},""time"":1729913573119},{""box"":{""left"":2825,""right"":4329,""top"":3662,""bottom"":6566},""time"":1729913573175},{""box"":{""left"":2825,""right"":4329,""top"":3662,""bottom"":6566},""time"":1729913573187},{""box"":{""left"":2825,""right"":4329,""top"":3662,""bottom"":6566},""time"":1729913573220},{""box"":{""left"":2825,""right"":4329,""top"":3662,""bottom"":6566},""time"":1729913573231},{""box"":{""left"":2825,""right"":4329,""top"":3662,""bottom"":6566},""time"":1729913573264},{""box"":{""left"":2825,""right"":4329,""top"":3662,""bottom"":6566},""time"":1729913573276},{""box"":{""left"":2825,""right"":4329,""top"":3662,""bottom"":6566},""time"":1729913573309},{""box"":{""left"":2825,""right"":4329,""top"":3662,""bottom"":6566},""time"":1729913573321},{""box"":{""left"":2825,""right"":4329,""top"":3662,""bottom"":6566},""time"":1729913573366},{""box"":{""left"":2825,""right"":4329,""top"":3662,""bottom"":6566},""time"":1729913573399},{""box"":{""left"":2825,""right"":4329,""top"":3662,""bottom"":6566},""time"":1729913573480},{""box"":{""left"":2825,""right"":4329,""top"":3662,""bottom"":6566},""time"":1729913573503},{""box"":{""left"":2825,""right"":4329,""top"":3662,""bottom"":6566},""time"":1729913573536},{""box"":{""left"":2825,""right"":4329,""top"":3662,""bottom"":6566},""time"":1729913573571},{""box"":{""left"":2825,""right"":4329,""top"":3662,""bottom"":6566},""time"":1729913573616},{""box"":{""left"":2825,""right"":4329,""top"":3662,""bottom"":6566},""time"":1729913573649},{""box"":{""left"":2825,""right"":4329,""top"":3662,""bottom"":6566},""time"":1729913573672},{""box"":{""left"":2825,""right"":4329,""top"":3662,""bottom"":6566},""time"":1729913573705},{""box"":{""left"":2825,""right"":4329,""top"":3662,""bottom"":6566},""time"":1729913573728},{""box"":{""left"":2825,""right"":4329,""top"":3662,""bottom"":6566},""time"":1729913573774},{""box"":{""left"":2825,""right"":4329,""top"":3662,""bottom"":6566},""time"":1729913573807},{""box"":{""left"":2825,""right"":4329,""top"":3662,""bottom"":6566},""time"":1729913573845},{""box"":{""left"":2825,""right"":4329,""top"":3662,""bottom"":6566},""time"":1729913573877},{""box"":{""left"":2825,""right"":4329,""top"":3662,""bottom"":6566},""time"":1729913573912},{""box"":{""left"":2825,""right"":4329,""top"":3662,""bottom"":6566},""time"":1729913573946},{""box"":{""left"":2825,""right"":4329,""top"":3662,""bottom"":6566},""time"":1729913573957},{""box"":{""left"":2825,""right"":4329,""top"":3662,""bottom"":6566},""time"":1729913573992},{""box"":{""left"":2825,""right"":4329,""top"":3662,""bottom"":6566},""time"":1729913574027},{""box"":{""left"":2825,""right"":4329,""top"":3662,""bottom"":6566},""time"":1729913574060},{""box"":{""left"":2825,""right"":4329,""top"":3662,""bottom"":6566},""time"":1729913574083},{""box"":{""left"":2825,""right"":4329,""top"":3662,""bottom"":6566},""time"":1729913574116},{""box"":{""left"":2825,""right"":4329,""top"":3662,""bottom"":6566},""time"":1729913574141},{""box"":{""left"":2825,""right"":4329,""top"":3662,""bottom"":6566},""time"":1729913574174},{""box"":{""left"":2825,""right"":4329,""top"":3662,""bottom"":6566},""time"":1729913574197},{""box"":{""left"":2825,""right"":4329,""top"":3662,""bottom"":6566},""time"":1729913574230},{""box"":{""left"":2825,""right"":4329,""top"":3662,""bottom"":6566},""time"":1729913574253},{""box"":{""left"":2825,""right"":4329,""top"":3662,""bottom"":6566},""time"":1729913574286},{""box"":{""left"":2825,""right"":4329,""top"":3662,""bottom"":6566},""time"":1729913574332},{""box"":{""left"":2825,""right"":4329,""top"":3662,""bottom"":6566},""time"":1729913574366},{""box"":{""left"":2825,""right"":4329,""top"":3662,""bottom"":6566},""time"":1729913574428},{""box"":{""left"":2825,""right"":4329,""top"":3662,""bottom"":6566},""time"":1729913574462},{""box"":{""left"":2825,""right"":4329,""top"":3662,""bottom"":6566},""time"":1729913574498},{""box"":{""left"":2825,""right"":4329,""top"":3662,""bottom"":6566},""time"":1729913574534},{""box"":{""left"":2825,""right"":4329,""top"":3662,""bottom"":6566},""time"":1729913574545},{""box"":{""left"":2825,""right"":4329,""top"":3662,""bottom"":6566},""time"":1729913574579},{""box"":{""left"":2825,""right"":4329,""top"":3662,""bottom"":6566},""time"":1729913574593},{""box"":{""left"":2825,""right"":4329,""top"":3662,""bottom"":6566},""time"":1729913574623},{""box"":{""left"":2825,""right"":4329,""top"":3662,""bottom"":6566},""time"":1729913574662},{""box"":{""left"":2825,""right"":4329,""top"":3662,""bottom"":6566},""time"":1729913574690},{""box"":{""left"":2825,""right"":4329,""top"":3662,""bottom"":6566},""time"":1729913574720},{""box"":{""left"":2825,""right"":4329,""top"":3662,""bottom"":6566},""time"":1729913574749},{""box"":{""left"":2825,""right"":4329,""top"":3662,""bottom"":6566},""time"":1729913574778},{""box"":{""left"":2825,""right"":4329,""top"":3662,""bottom"":6566},""time"":1729913574807},{""box"":{""left"":2825,""right"":4329,""top"":3662,""bottom"":6566},""time"":1729913574911},{""box"":{""left"":2825,""right"":4329,""top"":3662,""bottom"":6566},""time"":1729913574931},{""box"":{""left"":2825,""right"":4329,""top"":3662,""bottom"":6566},""time"":1729913574960},{""box"":{""left"":2825,""right"":4329,""top"":3662,""bottom"":6566},""time"":1729913574990},{""box"":{""left"":2825,""right"":4329,""top"":3662,""bottom"":6566},""time"":1729913575028},{""box"":{""left"":2825,""right"":4329,""top"":3662,""bottom"":6566},""time"":1729913575067},{""box"":{""left"":2825,""right"":4329,""top"":3662,""bottom"":6566},""time"":1729913575122},{""box"":{""left"":2825,""right"":4329,""top"":3662,""bottom"":6566},""time"":1729913575172},{""box"":{""left"":2825,""right"":4329,""top"":3662,""bottom"":6566},""time"":1729913575224},{""box"":{""left"":2825,""right"":4329,""top"":3662,""bottom"":6566},""time"":1729913575244},{""box"":{""left"":2825,""right"":4329,""top"":3662,""bottom"":6566},""time"":1729913575295},{""box"":{""left"":2825,""right"":4329,""top"":3662,""bottom"":6566},""time"":1729913575348},{""box"":{""left"":2825,""right"":4329,""top"":3662,""bottom"":6566},""time"":1729913575390},{""box"":{""left"":2825,""right"":4329,""top"":3662,""bottom"":6566},""time"":1729913575410},{""box"":{""left"":2825,""right"":4329,""top"":3662,""bottom"":6566},""time"":1729913575443},{""box"":{""left"":2825,""right"":4329,""top"":3662,""bottom"":6566},""time"":1729913575463},{""box"":{""left"":2825,""right"":4329,""top"":3662,""bottom"":6566},""time"":1729913575525},{""box"":{""left"":2825,""right"":4329,""top"":3662,""bottom"":6566},""time"":1729913575556},{""box"":{""left"":2825,""right"":4329,""top"":3662,""bottom"":6566},""time"":1729913575586},{""box"":{""left"":2825,""right"":4329,""top"":3662,""bottom"":6566},""time"":1729913575728},{""box"":{""left"":2825,""right"":4329,""top"":3662,""bottom"":6566},""time"":1729913575758},{""box"":{""left"":2825,""right"":4329,""top"":3662,""bottom"":6566},""time"":1729913575791},{""box"":{""left"":2825,""right"":4329,""top"":3662,""bottom"":6566},""time"":1729913575820},{""box"":{""left"":2825,""right"":4329,""top"":3662,""bottom"":6566},""time"":1729913575853},{""box"":{""left"":2825,""right"":4329,""top"":3662,""bottom"":6566},""time"":1729913575882},{""box"":{""left"":2825,""right"":4329,""top"":3662,""bottom"":6566},""time"":1729913575915},{""box"":{""left"":2825,""right"":4329,""top"":3662,""bottom"":6566},""time"":1729913575943},{""box"":{""left"":2825,""right"":4329,""top"":3662,""bottom"":6566},""time"":1729913576056},{""box"":{""left"":2825,""right"":4329,""top"":3662,""bottom"":6566},""time"":1729913576194},{""box"":{""left"":2825,""right"":4329,""top"":3662,""bottom"":6566},""time"":1729913576223},{""box"":{""left"":2825,""right"":4329,""top"":3662,""bottom"":6566},""time"":1729913576253},{""box"":{""left"":2825,""right"":4329,""top"":3662,""bottom"":6566},""time"":1729913576282},{""box"":{""left"":2825,""right"":4329,""top"":3662,""bottom"":6566},""time"":1729913576448},{""box"":{""left"":2825,""right"":4329,""top"":3662,""bottom"":6566},""time"":1729913576476},{""box"":{""left"":2825,""right"":4329,""top"":3662,""bottom"":6566},""time"":1729913576505},{""box"":{""left"":2825,""right"":4329,""top"":3662,""bottom"":6566},""time"":1729913576524},{""box"":{""left"":2825,""right"":4329,""top"":3662,""bottom"":6566},""time"":1729913576553},{""box"":{""left"":2825,""right"":4329,""top"":3662,""bottom"":6566},""time"":1729913576577},{""box"":{""left"":2825,""right"":4329,""top"":3662,""bottom"":6566},""time"":1729913576605},{""box"":{""left"":2825,""right"":4329,""top"":3662,""bottom"":6566},""time"":1729913576632},{""box"":{""left"":2825,""right"":4329,""top"":3662,""bottom"":6566},""time"":1729913576660},{""box"":{""left"":2825,""right"":4329,""top"":3662,""bottom"":6566},""time"":1729913576742},{""box"":{""left"":2825,""right"":4329,""top"":3662,""bottom"":6566},""time"":1729913576823},{""box"":{""left"":2825,""right"":4329,""top"":3662,""bottom"":6566},""time"":1729913576853},{""box"":{""left"":2825,""right"":4329,""top"":3662,""bottom"":6566},""time"":1729913576873},{""box"":{""left"":2825,""right"":4329,""top"":3662,""bottom"":6566},""time"":1729913576903},{""box"":{""left"":2825,""right"":4329,""top"":3662,""bottom"":6566},""time"":1729913576941},{""box"":{""left"":2825,""right"":4329,""top"":3662,""bottom"":6566},""time"":1729913577000},{""box"":{""left"":2825,""right"":4329,""top"":3662,""bottom"":6566},""time"":1729913577025},{""box"":{""left"":2825,""right"":4329,""top"":3662,""bottom"":6566},""time"":1729913577053},{""box"":{""left"":2825,""right"":4329,""top"":3662,""bottom"":6566},""time"":1729913577086},{""box"":{""left"":2825,""right"":4329,""top"":3662,""bottom"":6566},""time"":1729913577137},{""box"":{""left"":2825,""right"":4329,""top"":3662,""bottom"":6566},""time"":1729913577164},{""box"":{""left"":2825,""right"":4329,""top"":3662,""bottom"":6566},""time"":1729913577198},{""box"":{""left"":2825,""right"":4329,""top"":3662,""bottom"":6566},""time"":1729913577229},{""box"":{""left"":2825,""right"":4329,""top"":3662,""bottom"":6566},""time"":1729913577280},{""box"":{""left"":2825,""right"":4329,""top"":3662,""bottom"":6566},""time"":1729913577312},{""box"":{""left"":2825,""right"":4329,""top"":3662,""bottom"":6566},""time"":1729913577340},{""box"":{""left"":2825,""right"":4329,""top"":3662,""bottom"":6566},""time"":1729913577373},{""box"":{""left"":2825,""right"":4329,""top"":3662,""bottom"":6566},""time"":1729913577403},{""box"":{""left"":2825,""right"":4329,""top"":3662,""bottom"":6566},""time"":1729913577471},{""box"":{""left"":2825,""right"":4329,""top"":3662,""bottom"":6566},""time"":1729913577510},{""box"":{""left"":2825,""right"":4329,""top"":3662,""bottom"":6566},""time"":1729913577553},{""box"":{""left"":2825,""right"":4329,""top"":3662,""bottom"":6566},""time"":1729913577583},{""box"":{""left"":2825,""right"":4329,""top"":3662,""bottom"":6566},""time"":1729913577611},{""box"":{""left"":2825,""right"":4329,""top"":3662,""bottom"":6566},""time"":1729913577641},{""box"":{""left"":2825,""right"":4329,""top"":3662,""bottom"":6566},""time"":1729913577680},{""box"":{""left"":2825,""right"":4329,""top"":3662,""bottom"":6566},""time"":1729913577700},{""box"":{""left"":2825,""right"":4329,""top"":3662,""bottom"":6566},""time"":1729913577756},{""box"":{""left"":2825,""right"":4329,""top"":3662,""bottom"":6566},""time"":1729913577785},{""box"":{""left"":2825,""right"":4329,""top"":3662,""bottom"":6566},""time"":1729913577819},{""box"":{""left"":2825,""right"":4329,""top"":3662,""bottom"":6566},""time"":1729913577848},{""box"":{""left"":2825,""right"":4329,""top"":3662,""bottom"":6566},""time"":1729913577930},{""box"":{""left"":2825,""right"":4329,""top"":3662,""bottom"":6566},""time"":1729913577960},{""box"":{""left"":2825,""right"":4329,""top"":3662,""bottom"":6566},""time"":1729913578054},{""box"":{""left"":2825,""right"":4329,""top"":3662,""bottom"":6566},""time"":1729913578085},{""box"":{""left"":2825,""right"":4329,""top"":3662,""bottom"":6566},""time"":1729913578385},{""box"":{""left"":2825,""right"":4329,""top"":3662,""bottom"":6566},""time"":1729913578416},{""box"":{""left"":2825,""right"":4329,""top"":3662,""bottom"":6566},""time"":1729913578446},{""box"":{""left"":2825,""right"":4329,""top"":3662,""bottom"":6566},""time"":1729913578476},{""box"":{""left"":2825,""right"":4329,""top"":3662,""bottom"":6566},""time"":1729913578526},{""box"":{""left"":2825,""right"":4329,""top"":3662,""bottom"":6566},""time"":1729913578600},{""box"":{""left"":2825,""right"":4329,""top"":3662,""bottom"":6566},""time"":1729913578621},{""box"":{""left"":2825,""right"":4329,""top"":3662,""bottom"":6566},""time"":1729913578723},{""box"":{""left"":2825,""right"":4329,""top"":3662,""bottom"":6566},""time"":1729913578753},{""box"":{""left"":2825,""right"":4329,""top"":3662,""bottom"":6566},""time"":1729913578784},{""box"":{""left"":2825,""right"":4329,""top"":3662,""bottom"":6566},""time"":1729913578815},{""box"":{""left"":2825,""right"":4329,""top"":3662,""bottom"":6566},""time"":1729913578844},{""box"":{""left"":2825,""right"":4329,""top"":3662,""bottom"":6566},""time"":1729913578874},{""box"":{""left"":2825,""right"":4329,""top"":3662,""bottom"":6566},""time"":1729913579126},{""box"":{""left"":2825,""right"":4329,""top"":3662,""bottom"":6566},""time"":1729913579155},{""box"":{""left"":2825,""right"":4329,""top"":3662,""bottom"":6566},""time"":1729913579190},{""box"":{""left"":2825,""right"":4329,""top"":3662,""bottom"":6566},""time"":1729913579221},{""box"":{""left"":2825,""right"":4329,""top"":3662,""bottom"":6566},""time"":1729913579262},{""box"":{""left"":2825,""right"":4329,""top"":3662,""bottom"":6566},""time"":1729913579292},{""box"":{""left"":2825,""right"":4329,""top"":3662,""bottom"":6566},""time"":1729913579353},{""box"":{""left"":2825,""right"":4329,""top"":3662,""bottom"":6566},""time"":1729913579414},{""box"":{""left"":2825,""right"":4329,""top"":3662,""bottom"":6566},""time"":1729913579445},{""box"":{""left"":2825,""right"":4329,""top"":3662,""bottom"":6566},""time"":1729913579505},{""box"":{""left"":2825,""right"":4329,""top"":3662,""bottom"":6566},""time"":1729913579536},{""box"":{""left"":2825,""right"":4329,""top"":3662,""bottom"":6566},""time"":1729913579566},{""box"":{""left"":2825,""right"":4329,""top"":3662,""bottom"":6566},""time"":1729913579611},{""box"":{""left"":2825,""right"":4329,""top"":3662,""bottom"":6566},""time"":1729913579642},{""box"":{""left"":2825,""right"":4329,""top"":3662,""bottom"":6566},""time"":1729913579671},{""box"":{""left"":2825,""right"":4329,""top"":3662,""bottom"":6566},""time"":1729913579702},{""box"":{""left"":2825,""right"":4329,""top"":3662,""bottom"":6566},""time"":1729913579733},{""box"":{""left"":2825,""right"":4329,""top"":3662,""bottom"":6566},""time"":1729913579763},{""box"":{""left"":2825,""right"":4329,""top"":3662,""bottom"":6566},""time"":1729913579793},{""box"":{""left"":2825,""right"":4329,""top"":3662,""bottom"":6566},""time"":1729913579824},{""box"":{""left"":2825,""right"":4329,""top"":3662,""bottom"":6566},""time"":1729913579853},{""box"":{""left"":2825,""right"":4329,""top"":3662,""bottom"":6566},""time"":1729913579884},{""box"":{""left"":2825,""right"":4329,""top"":3662,""bottom"":6566},""time"":1729913579915},{""box"":{""left"":2825,""right"":4329,""top"":3662,""bottom"":6566},""time"":1729913579945},{""box"":{""left"":2825,""right"":4329,""top"":3662,""bottom"":6566},""time"":1729913579976},{""box"":{""left"":2825,""right"":4329,""top"":3662,""bottom"":6566},""time"":1729913580007},{""box"":{""left"":2825,""right"":4329,""top"":3662,""bottom"":6566},""time"":1729913580042},{""box"":{""left"":2825,""right"":4329,""top"":3662,""bottom"":6566},""time"":1729913580073},{""box"":{""left"":2825,""right"":4329,""top"":3662,""bottom"":6566},""time"":1729913580134},{""box"":{""left"":2825,""right"":4329,""top"":3662,""bottom"":6566},""time"":1729913580164},{""box"":{""left"":2825,""right"":4329,""top"":3662,""bottom"":6566},""time"":1729913580205},{""box"":{""left"":2825,""right"":4329,""top"":3662,""bottom"":6566},""time"":1729913580239},{""box"":{""left"":2825,""right"":4329,""top"":3662,""bottom"":6566},""time"":1729913580279},{""box"":{""left"":2825,""right"":4329,""top"":3662,""bottom"":6566},""time"":1729913580309},{""box"":{""left"":2825,""right"":4329,""top"":3662,""bottom"":6566},""time"":1729913580351},{""box"":{""left"":2825,""right"":4329,""top"":3662,""bottom"":6566},""time"":1729913580382},{""box"":{""left"":2825,""right"":4329,""top"":3662,""bottom"":6566},""time"":1729913580423},{""box"":{""left"":2825,""right"":4329,""top"":3662,""bottom"":6566},""time"":1729913580453},{""box"":{""left"":2825,""right"":4329,""top"":3662,""bottom"":6566},""time"":1729913580494},{""box"":{""left"":2825,""right"":4329,""top"":3662,""bottom"":6566},""time"":1729913580525},{""box"":{""left"":2825,""right"":4329,""top"":3662,""bottom"":6566},""time"":1729913580566},{""box"":{""left"":2825,""right"":4329,""top"":3662,""bottom"":6566},""time"":1729913580638},{""box"":{""left"":2825,""right"":4329,""top"":3662,""bottom"":6566},""time"":1729913580668},{""box"":{""left"":2825,""right"":4329,""top"":3662,""bottom"":6566},""time"":1729913580699},{""box"":{""left"":2825,""right"":4329,""top"":3662,""bottom"":6566},""time"":1729913580739},{""box"":{""left"":2825,""right"":4329,""top"":3662,""bottom"":6566},""time"":1729913580770},{""box"":{""left"":2825,""right"":4329,""top"":3662,""bottom"":6566},""time"":1729913580811},{""box"":{""left"":2825,""right"":4329,""top"":3662,""bottom"":6566},""time"":1729913580844},{""box"":{""left"":2825,""right"":4329,""top"":3662,""bottom"":6566},""time"":1729913580886},{""box"":{""left"":2825,""right"":4329,""top"":3662,""bottom"":6566},""time"":1729913580916},{""box"":{""left"":2825,""right"":4329,""top"":3662,""bottom"":6566},""time"":1729913580998},{""box"":{""left"":2825,""right"":4329,""top"":3662,""bottom"":6566},""time"":1729913581142},{""box"":{""left"":2825,""right"":4329,""top"":3662,""bottom"":6566},""time"":1729913581173},{""box"":{""left"":2825,""right"":4329,""top"":3662,""bottom"":6566},""time"":1729913581253},{""box"":{""left"":2825,""right"":4329,""top"":3662,""bottom"":6566},""time"":1729913581284},{""box"":{""left"":2825,""right"":4329,""top"":3662,""bottom"":6566},""time"":1729913581383},{""box"":{""left"":2825,""right"":4329,""top"":3662,""bottom"":6566},""time"":1729913581414},{""box"":{""left"":2825,""right"":4329,""top"":3662,""bottom"":6566},""time"":1729913581455},{""box"":{""left"":2825,""right"":4329,""top"":3662,""bottom"":6566},""time"":1729913581485},{""box"":{""left"":2825,""right"":4329,""top"":3662,""bottom"":6566},""time"":1729913581603},{""box"":{""left"":2825,""right"":4329,""top"":3662,""bottom"":6566},""time"":1729913581634},{""box"":{""left"":2825,""right"":4329,""top"":3662,""bottom"":6566},""time"":1729913581694},{""box"":{""left"":2825,""right"":4329,""top"":3662,""bottom"":6566},""time"":1729913581726},{""box"":{""left"":2825,""right"":4329,""top"":3662,""bottom"":6566},""time"":1729913581767},{""box"":{""left"":2825,""right"":4329,""top"":3662,""bottom"":6566},""time"":1729913581798},{""box"":{""left"":2825,""right"":4329,""top"":3662,""bottom"":6566},""time"":1729913581838},{""box"":{""left"":2825,""right"":4329,""top"":3662,""bottom"":6566},""time"":1729913581869},{""box"":{""left"":2825,""right"":4329,""top"":3662,""bottom"":6566},""time"":1729913581957},{""box"":{""left"":2825,""right"":4329,""top"":3662,""bottom"":6566},""time"":1729913581988},{""box"":{""left"":2825,""right"":4329,""top"":3662,""bottom"":6566},""time"":1729913582039},{""box"":{""left"":2825,""right"":4329,""top"":3662,""bottom"":6566},""time"":1729913582071},{""box"":{""left"":2825,""right"":4329,""top"":3662,""bottom"":6566},""time"":1729913582132},{""box"":{""left"":2825,""right"":4329,""top"":3662,""bottom"":6566},""time"":1729913582164},{""box"":{""left"":2825,""right"":4329,""top"":3662,""bottom"":6566},""time"":1729913582215},{""box"":{""left"":2825,""right"":4329,""top"":3662,""bottom"":6566},""time"":1729913582247},{""box"":{""left"":2825,""right"":4329,""top"":3662,""bottom"":6566},""time"":1729913582330},{""box"":{""left"":2825,""right"":4329,""top"":3662,""bottom"":6566},""time"":1729913582371},{""box"":{""left"":2825,""right"":4329,""top"":3662,""bottom"":6566},""time"":1729913582402},{""box"":{""left"":2825,""right"":4329,""top"":3662,""bottom"":6566},""time"":1729913582490},{""box"":{""left"":2825,""right"":4329,""top"":3662,""bottom"":6566},""time"":1729913582520},{""box"":{""left"":2825,""right"":4329,""top"":3662,""bottom"":6566},""time"":1729913582612},{""box"":{""left"":2825,""right"":4329,""top"":3662,""bottom"":6566},""time"":1729913582644},{""box"":{""left"":2825,""right"":4329,""top"":3662,""bottom"":6566},""time"":1729913582685},{""box"":{""left"":2825,""right"":4329,""top"":3662,""bottom"":6566},""time"":1729913582715},{""box"":{""left"":2825,""right"":4329,""top"":3662,""bottom"":6566},""time"":1729913582768},{""box"":{""left"":2825,""right"":4329,""top"":3662,""bottom"":6566},""time"":1729913582799},{""box"":{""left"":2825,""right"":4329,""top"":3662,""bottom"":6566},""time"":1729913582861},{""box"":{""left"":2825,""right"":4329,""top"":3662,""bottom"":6566},""time"":1729913582891},{""box"":{""left"":2825,""right"":4329,""top"":3662,""bottom"":6566},""time"":1729913582969},{""box"":{""left"":2825,""right"":4329,""top"":3662,""bottom"":6566},""time"":1729913582999},{""box"":{""left"":2825,""right"":4329,""top"":3662,""bottom"":6566},""time"":1729913583040},{""box"":{""left"":2825,""right"":4329,""top"":3662,""bottom"":6566},""time"":1729913583071},{""box"":{""left"":2825,""right"":4329,""top"":3662,""bottom"":6566},""time"":1729913583142},{""box"":{""left"":2825,""right"":4329,""top"":3662,""bottom"":6566},""time"":1729913583208},{""box"":{""left"":2825,""right"":4329,""top"":3662,""bottom"":6566},""time"":1729913583240},{""box"":{""left"":2825,""right"":4329,""top"":3662,""bottom"":6566},""time"":1729913583323},{""box"":{""left"":2825,""right"":4329,""top"":3662,""bottom"":6566},""time"":1729913583353},{""box"":{""left"":2825,""right"":4329,""top"":3662,""bottom"":6566},""time"":1729913583416},{""box"":{""left"":2825,""right"":4329,""top"":3662,""bottom"":6566},""time"":1729913583446},{""box"":{""left"":2825,""right"":4329,""top"":3662,""bottom"":6566},""time"":1729913583498},{""box"":{""left"":2825,""right"":4329,""top"":3662,""bottom"":6566},""time"":1729913583530},{""box"":{""left"":2825,""right"":4329,""top"":3662,""bottom"":6566},""time"":1729913583592},{""box"":{""left"":2825,""right"":4329,""top"":3662,""bottom"":6566},""time"":1729913583913},{""box"":{""left"":2825,""right"":4329,""top"":3662,""bottom"":6566},""time"":1729913583944},{""box"":{""left"":2825,""right"":4329,""top"":3662,""bottom"":6566},""time"":1729913584042},{""box"":{""left"":2825,""right"":4329,""top"":3662,""bottom"":6566},""time"":1729913584094},{""box"":{""left"":2825,""right"":4329,""top"":3662,""bottom"":6566},""time"":1729913584126},{""box"":{""left"":2825,""right"":4329,""top"":3662,""bottom"":6566},""time"":1729913584228},{""box"":{""left"":2825,""right"":4329,""top"":3662,""bottom"":6566},""time"":1729913584258},{""box"":{""left"":2825,""right"":4329,""top"":3662,""bottom"":6566},""time"":1729913584321},{""box"":{""left"":2825,""right"":4329,""top"":3662,""bottom"":6566},""time"":1729913584383},{""box"":{""left"":2825,""right"":4329,""top"":3662,""bottom"":6566},""time"":1729913584422},{""box"":{""left"":2825,""right"":4329,""top"":3662,""bottom"":6566},""time"":1729913584474},{""box"":{""left"":2825,""right"":4329,""top"":3662,""bottom"":6566},""time"":1729913584494},{""box"":{""left"":2825,""right"":4329,""top"":3662,""bottom"":6566},""time"":1729913584583},{""box"":{""left"":2825,""right"":4329,""top"":3662,""bottom"":6566},""time"":1729913584615},{""box"":{""left"":2825,""right"":4329,""top"":3662,""bottom"":6566},""time"":1729913584646},{""box"":{""left"":2825,""right"":4329,""top"":3662,""bottom"":6566},""time"":1729913584687},{""box"":{""left"":2825,""right"":4329,""top"":3662,""bottom"":6566},""time"":1729913584719},{""box"":{""left"":2825,""right"":4329,""top"":3662,""bottom"":6566},""time"":1729913584760},{""box"":{""left"":2825,""right"":4329,""top"":3662,""bottom"":6566},""time"":1729913584791},{""box"":{""left"":2825,""right"":4329,""top"":3662,""bottom"":6566},""time"":1729913584838},{""box"":{""left"":2825,""right"":4329,""top"":3662,""bottom"":6566},""time"":1729913584870},{""box"":{""left"":2825,""right"":4329,""top"":3662,""bottom"":6566},""time"":1729913584888},{""box"":{""left"":2825,""right"":4329,""top"":3662,""bottom"":6566},""time"":1729913584920},{""box"":{""left"":2825,""right"":4329,""top"":3662,""bottom"":6566},""time"":1729913584938},{""box"":{""left"":2825,""right"":4329,""top"":3662,""bottom"":6566},""time"":1729913584969},{""box"":{""left"":2825,""right"":4329,""top"":3662,""bottom"":6566},""time"":1729913584987},{""box"":{""left"":2825,""right"":4329,""top"":3662,""bottom"":6566},""time"":1729913585031},{""box"":{""left"":2825,""right"":4329,""top"":3662,""bottom"":6566},""time"":1729913585050},{""box"":{""left"":2825,""right"":4329,""top"":3662,""bottom"":6566},""time"":1729913585083},{""box"":{""left"":2825,""right"":4329,""top"":3662,""bottom"":6566},""time"":1729913585101},{""box"":{""left"":2825,""right"":4329,""top"":3662,""bottom"":6566},""time"":1729913585133},{""box"":{""left"":2825,""right"":4329,""top"":3662,""bottom"":6566},""time"":1729913585195},{""box"":{""left"":2825,""right"":4329,""top"":3662,""bottom"":6566},""time"":1729913585253},{""box"":{""left"":2825,""right"":4329,""top"":3662,""bottom"":6566},""time"":1729913585295},{""box"":{""left"":2825,""right"":4329,""top"":3662,""bottom"":6566},""time"":1729913585379},{""box"":{""left"":2825,""right"":4329,""top"":3662,""bottom"":6566},""time"":1729913585422},{""box"":{""left"":2825,""right"":4329,""top"":3662,""bottom"":6566},""time"":1729913585454},{""box"":{""left"":2825,""right"":4329,""top"":3662,""bottom"":6566},""time"":1729913585482},{""box"":{""left"":2825,""right"":4329,""top"":3662,""bottom"":6566},""time"":1729913585531},{""box"":{""left"":2825,""right"":4329,""top"":3662,""bottom"":6566},""time"":1729913585563},{""box"":{""left"":2825,""right"":4329,""top"":3662,""bottom"":6566},""time"":1729913585577},{""box"":{""left"":2825,""right"":4329,""top"":3662,""bottom"":6566},""time"":1729913585609},{""box"":{""left"":2825,""right"":4329,""top"":3662,""bottom"":6566},""time"":1729913585635},{""box"":{""left"":2825,""right"":4329,""top"":3662,""bottom"":6566},""time"":1729913585667},{""box"":{""left"":2825,""right"":4329,""top"":3662,""bottom"":6566},""time"":1729913585726},{""box"":{""left"":2825,""right"":4329,""top"":3662,""bottom"":6566},""time"":1729913585795},{""box"":{""left"":2825,""right"":4329,""top"":3662,""bottom"":6566},""time"":1729913585838},{""box"":{""left"":2825,""right"":4329,""top"":3662,""bottom"":6566},""time"":1729913585925},{""box"":{""left"":2825,""right"":4329,""top"":3662,""bottom"":6566},""time"":1729913586048},{""box"":{""left"":2825,""right"":4329,""top"":3662,""bottom"":6566},""time"":1729913586128},{""box"":{""left"":2825,""right"":4329,""top"":3662,""bottom"":6566},""time"":1729913586170},{""box"":{""left"":2825,""right"":4329,""top"":3662,""bottom"":6566},""time"":1729913586181},{""box"":{""left"":2825,""right"":4329,""top"":3662,""bottom"":6566},""time"":1729913586265},{""box"":{""left"":2825,""right"":4329,""top"":3662,""bottom"":6566},""time"":1729913586297},{""box"":{""left"":2825,""right"":4329,""top"":3662,""bottom"":6566},""time"":1729913586362},{""box"":{""left"":2825,""right"":4329,""top"":3662,""bottom"":6566},""time"":1729913586393},{""box"":{""left"":2825,""right"":4329,""top"":3662,""bottom"":6566},""time"":1729913586447},{""box"":{""left"":2825,""right"":4329,""top"":3662,""bottom"":6566},""time"":1729913586480},{""box"":{""left"":2825,""right"":4329,""top"":3662,""bottom"":6566},""time"":1729913586543},{""box"":{""left"":2825,""right"":4329,""top"":3662,""bottom"":6566},""time"":1729913586597},{""box"":{""left"":2825,""right"":4329,""top"":3662,""bottom"":6566},""time"":1729913586618},{""box"":{""left"":2825,""right"":4329,""top"":3662,""bottom"":6566},""time"":1729913586720},{""box"":{""left"":2825,""right"":4329,""top"":3662,""bottom"":6566},""time"":1729913586751},{""box"":{""left"":2825,""right"":4329,""top"":3662,""bottom"":6566},""time"":1729913586887},{""box"":{""left"":2825,""right"":4329,""top"":3662,""bottom"":6566},""time"":1729913586935},{""box"":{""left"":2825,""right"":4329,""top"":3662,""bottom"":6566},""time"":1729913586957},{""box"":{""left"":2825,""right"":4329,""top"":3662,""bottom"":6566},""time"":1729913587010},{""box"":{""left"":2825,""right"":4329,""top"":3662,""bottom"":6566},""time"":1729913587440},{""box"":{""left"":2825,""right"":4329,""top"":3662,""bottom"":6566},""time"":1729913587607},{""box"":{""left"":2825,""right"":4329,""top"":3662,""bottom"":6566},""time"":1729913587628},{""box"":{""left"":2825,""right"":4329,""top"":3662,""bottom"":6566},""time"":1729913587794},{""box"":{""left"":2825,""right"":4329,""top"":3662,""bottom"":6566},""time"":1729913587886},{""box"":{""left"":2825,""right"":4329,""top"":3662,""bottom"":6566},""time"":1729913587907},{""box"":{""left"":2825,""right"":4329,""top"":3662,""bottom"":6566},""time"":1729913588000},{""box"":{""left"":2825,""right"":4329,""top"":3662,""bottom"":6566},""time"":1729913588021},{""box"":{""left"":2825,""right"":4329,""top"":3662,""bottom"":6566},""time"":1729913588111},{""box"":{""left"":2825,""right"":4329,""top"":3662,""bottom"":6566},""time"":1729913588132},{""box"":{""left"":2825,""right"":4329,""top"":3662,""bottom"":6566},""time"":1729913588197},{""box"":{""left"":2825,""right"":4329,""top"":3662,""bottom"":6566},""time"":1729913588312},{""box"":{""left"":2825,""right"":4329,""top"":3662,""bottom"":6566},""time"":1729913588402},{""box"":{""left"":2825,""right"":4329,""top"":3662,""bottom"":6566},""time"":1729913588424},{""box"":{""left"":2825,""right"":4329,""top"":3662,""bottom"":6566},""time"":1729913588524},{""box"":{""left"":2825,""right"":4329,""top"":3662,""bottom"":6566},""time"":1729913588546},{""box"":{""left"":2825,""right"":4329,""top"":3662,""bottom"":6566},""time"":1729913588602},{""box"":{""left"":2825,""right"":4329,""top"":3662,""bottom"":6566},""time"":1729913588721},{""box"":{""left"":2825,""right"":4329,""top"":3662,""bottom"":6566},""time"":1729913588925},{""box"":{""left"":2825,""right"":4329,""top"":3662,""bottom"":6566},""time"":1729913588947},{""box"":{""left"":2825,""right"":4329,""top"":3662,""bottom"":6566},""time"":1729913588986},{""box"":{""left"":2825,""right"":4329,""top"":3662,""bottom"":6566},""time"":1729913589009},{""box"":{""left"":2825,""right"":4329,""top"":3662,""bottom"":6566},""time"":1729913589099},{""box"":{""left"":2825,""right"":4329,""top"":3662,""bottom"":6566},""time"":1729913589122},{""box"":{""left"":2825,""right"":4329,""top"":3662,""bottom"":6566},""time"":1729913589236},{""box"":{""left"":2825,""right"":4329,""top"":3662,""bottom"":6566},""time"":1729913589350},{""box"":{""left"":2825,""right"":4329,""top"":3662,""bottom"":6566},""time"":1729913589453},{""box"":{""left"":2825,""right"":4329,""top"":3662,""bottom"":6566},""time"":1729913589526},{""box"":{""left"":2825,""right"":4329,""top"":3662,""bottom"":6566},""time"":1729913589566},{""box"":{""left"":2825,""right"":4329,""top"":3662,""bottom"":6566},""time"":1729913589641},{""box"":{""left"":2825,""right"":4329,""top"":3662,""bottom"":6566},""time"":1729913589697},{""box"":{""left"":2825,""right"":4329,""top"":3662,""bottom"":6566},""time"":1729913589765},{""box"":{""left"":2825,""right"":4329,""top"":3662,""bottom"":6566},""time"":1729913589821},{""box"":{""left"":2825,""right"":4329,""top"":3662,""bottom"":6566},""time"":1729913589889},{""box"":{""left"":2825,""right"":4329,""top"":3662,""bottom"":6566},""time"":1729913589957},{""box"":{""left"":2825,""right"":4329,""top"":3662,""bottom"":6566},""time"":1729913590025},{""box"":{""left"":2825,""right"":4329,""top"":3662,""bottom"":6566},""time"":1729913590093},{""box"":{""left"":2825,""right"":4329,""top"":3662,""bottom"":6566},""time"":1729913590149},{""box"":{""left"":2825,""right"":4329,""top"":3662,""bottom"":6566},""time"":1729913590207},{""box"":{""left"":2825,""right"":4329,""top"":3662,""bottom"":6566},""time"":1729913590264},{""box"":{""left"":2825,""right"":4329,""top"":3662,""bottom"":6566},""time"":1729913590320},{""box"":{""left"":2825,""right"":4329,""top"":3662,""bottom"":6566},""time"":1729913590377},{""box"":{""left"":2825,""right"":4329,""top"":3662,""bottom"":6566},""time"":1729913590432},{""box"":{""left"":2825,""right"":4329,""top"":3662,""bottom"":6566},""time"":1729913590488},{""box"":{""left"":2825,""right"":4329,""top"":3662,""bottom"":6566},""time"":1729913590556},{""box"":{""left"":2825,""right"":4329,""top"":3662,""bottom"":6566},""time"":1729913590612},{""box"":{""left"":2825,""right"":4329,""top"":3662,""bottom"":6566},""time"":1729913590668},{""box"":{""left"":2825,""right"":4329,""top"":3662,""bottom"":6566},""time"":1729913590770},{""box"":{""left"":2825,""right"":4329,""top"":3662,""bottom"":6566},""time"":1729913590838},{""box"":{""left"":2825,""right"":4329,""top"":3662,""bottom"":6566},""time"":1729913590894},{""box"":{""left"":2825,""right"":4329,""top"":3662,""bottom"":6566},""time"":1729913590962},{""box"":{""left"":2825,""right"":4329,""top"":3662,""bottom"":6566},""time"":1729913591030},{""box"":{""left"":2825,""right"":4329,""top"":3662,""bottom"":6566},""time"":1729913591086},{""box"":{""left"":2825,""right"":4329,""top"":3662,""bottom"":6566},""time"":1729913591155},{""box"":{""left"":2825,""right"":4329,""top"":3662,""bottom"":6566},""time"":1729913591223},{""box"":{""left"":2825,""right"":4329,""top"":3662,""bottom"":6566},""time"":1729913591291},{""box"":{""left"":2825,""right"":4329,""top"":3662,""bottom"":6566},""time"":1729913591359},{""box"":{""left"":2825,""right"":4329,""top"":3662,""bottom"":6566},""time"":1729913591427},{""box"":{""left"":2825,""right"":4329,""top"":3662,""bottom"":6566},""time"":1729913591495},{""box"":{""left"":2825,""right"":4329,""top"":3662,""bottom"":6566},""time"":1729913591607},{""box"":{""left"":2825,""right"":4329,""top"":3662,""bottom"":6566},""time"":1729913591674},{""box"":{""left"":2825,""right"":4329,""top"":3662,""bottom"":6566},""time"":1729913591723},{""box"":{""left"":2825,""right"":4329,""top"":3662,""bottom"":6566},""time"":1729913591745},{""box"":{""left"":2825,""right"":4329,""top"":3662,""bottom"":6566},""time"":1729913591768},{""box"":{""left"":2825,""right"":4329,""top"":3662,""bottom"":6566},""time"":1729913591788},{""box"":{""left"":2825,""right"":4329,""top"":3662,""bottom"":6566},""time"":1729913591835},{""box"":{""left"":2825,""right"":4329,""top"":3662,""bottom"":6566},""time"":1729913591897},{""box"":{""left"":2825,""right"":4329,""top"":3662,""bottom"":6566},""time"":1729913591947},{""box"":{""left"":2825,""right"":4329,""top"":3662,""bottom"":6566},""time"":1729913592011},{""box"":{""left"":2825,""right"":4329,""top"":3662,""bottom"":6566},""time"":1729913592071},{""box"":{""left"":2825,""right"":4329,""top"":3662,""bottom"":6566},""time"":1729913592125},{""box"":{""left"":2825,""right"":4329,""top"":3662,""bottom"":6566},""time"":1729913592186},{""box"":{""left"":2825,""right"":4329,""top"":3662,""bottom"":6566},""time"":1729913592412},{""box"":{""left"":2825,""right"":4329,""top"":3662,""bottom"":6566},""time"":1729913592462},{""box"":{""left"":2825,""right"":4329,""top"":3662,""bottom"":6566},""time"":1729913592513},{""box"":{""left"":2825,""right"":4329,""top"":3662,""bottom"":6566},""time"":1729913592576},{""box"":{""left"":2825,""right"":4329,""top"":3662,""bottom"":6566},""time"":1729913592637}",,,,,
56921,Person,2024-10-26 12:32:43,2024-10-26 12:32:48,"{""left"":6650,""right"":7791,""top"":7812,""bottom"":10000},{""box"":{""left"":6650,""right"":7791,""top"":7812,""bottom"":10000},""time"":1729913563208},{""box"":{""left"":6650,""right"":7791,""top"":7812,""bottom"":10000},""time"":1729913563262},{""box"":{""left"":6650,""right"":7791,""top"":7812,""bottom"":10000},""time"":1729913563315},{""box"":{""left"":6650,""right"":7791,""top"":7812,""bottom"":10000},""time"":1729913563435},{""box"":{""left"":6650,""right"":7791,""top"":7812,""bottom"":10000},""time"":1729913563500},{""box"":{""left"":6650,""right"":7791,""top"":7812,""bottom"":10000},""time"":1729913563554},{""box"":{""left"":6650,""right"":7791,""top"":7812,""bottom"":10000},""time"":1729913563608},{""box"":{""left"":6650,""right"":7791,""top"":7812,""bottom"":10000},""time"":1729913563674},{""box"":{""left"":6650,""right"":7791,""top"":7812,""bottom"":10000},""time"":1729913563739},{""box"":{""left"":6650,""right"":7791,""top"":7812,""bottom"":10000},""time"":1729913563839},{""box"":{""left"":6650,""right"":7791,""top"":7812,""bottom"":10000},""time"":1729913563931},{""box"":{""left"":6650,""right"":7791,""top"":7812,""bottom"":10000},""time"":1729913564059},{""box"":{""left"":6650,""right"":7791,""top"":7812,""bottom"":10000},""time"":1729913564177},{""box"":{""left"":6650,""right"":7791,""top"":7812,""bottom"":10000},""time"":1729913564473},{""box"":{""left"":6650,""right"":7791,""top"":7812,""bottom"":10000},""time"":1729913564576},{""box"":{""left"":6650,""right"":7791,""top"":7812,""bottom"":10000},""time"":1729913564643},{""box"":{""left"":6650,""right"":7791,""top"":7812,""bottom"":10000},""time"":1729913564872},{""box"":{""left"":6650,""right"":7791,""top"":7812,""bottom"":10000},""time"":1729913564979},{""box"":{""left"":6650,""right"":7791,""top"":7812,""bottom"":10000},""time"":1729913565093},{""box"":{""left"":6650,""right"":7791,""top"":7812,""bottom"":10000},""time"":1729913565393},{""box"":{""left"":6650,""right"":7791,""top"":7812,""bottom"":10000},""time"":1729913565470},{""box"":{""left"":6650,""right"":7791,""top"":7812,""bottom"":10000},""time"":1729913565549},{""box"":{""left"":6650,""right"":7791,""top"":7812,""bottom"":10000},""time"":1729913565625},{""box"":{""left"":6650,""right"":7791,""top"":7812,""bottom"":10000},""time"":1729913565696},{""box"":{""left"":6650,""right"":7791,""top"":7812,""bottom"":10000},""time"":1729913565773},{""box"":{""left"":6650,""right"":7791,""top"":7812,""bottom"":10000},""time"":1729913565848},{""box"":{""left"":6650,""right"":7791,""top"":7812,""bottom"":10000},""time"":1729913565942},{""box"":{""left"":6650,""right"":7791,""top"":7812,""bottom"":10000},""time"":1729913566034},{""box"":{""left"":6650,""right"":7791,""top"":7812,""bottom"":10000},""time"":1729913566160},{""box"":{""left"":6650,""right"":7791,""top"":7812,""bottom"":10000},""time"":1729913566449},{""box"":{""left"":6650,""right"":7791,""top"":7812,""bottom"":10000},""time"":1729913566529},{""box"":{""left"":6650,""right"":7791,""top"":7812,""bottom"":10000},""time"":1729913566597},{""box"":{""left"":6650,""right"":7791,""top"":7812,""bottom"":10000},""time"":1729913566676},{""box"":{""left"":6650,""right"":7791,""top"":7812,""bottom"":10000},""time"":1729913566811},{""box"":{""left"":6650,""right"":7791,""top"":7812,""bottom"":10000},""time"":1729913566889},{""box"":{""left"":6650,""right"":7791,""top"":7812,""bottom"":10000},""time"":1729913566968},{""box"":{""left"":6650,""right"":7791,""top"":7812,""bottom"":10000},""time"":1729913567048},{""box"":{""left"":6650,""right"":7791,""top"":7812,""bottom"":10000},""time"":1729913567127},{""box"":{""left"":6650,""right"":7791,""top"":7812,""bottom"":10000},""time"":1729913567205},{""box"":{""left"":6650,""right"":7791,""top"":7812,""bottom"":10000},""time"":1729913567286},{""box"":{""left"":6650,""right"":7791,""top"":7812,""bottom"":10000},""time"":1729913567400},{""box"":{""left"":6650,""right"":7791,""top"":7812,""bottom"":10000},""time"":1729913567495},{""box"":{""left"":6650,""right"":7791,""top"":7812,""bottom"":10000},""time"":1729913567589},{""box"":{""left"":6650,""right"":7791,""top"":7812,""bottom"":10000},""time"":1729913567668},{""box"":{""left"":6650,""right"":7791,""top"":7812,""bottom"":10000},""time"":1729913567793},{""box"":{""left"":6650,""right"":7791,""top"":7812,""bottom"":10000},""time"":1729913567930},{""box"":{""left"":6650,""right"":7791,""top"":7812,""bottom"":10000},""time"":1729913568021},{""box"":{""left"":6650,""right"":7791,""top"":7812,""bottom"":10000},""time"":1729913568113},{""box"":{""left"":6650,""right"":7791,""top"":7812,""bottom"":10000},""time"":1729913568207},{""box"":{""left"":6650,""right"":7791,""top"":7812,""bottom"":10000},""time"":1729913568295},{""box"":{""left"":6650,""right"":7791,""top"":7812,""bottom"":10000},""time"":1729913568451},{""box"":{""left"":6650,""right"":7791,""top"":7812,""bottom"":10000},""time"":1729913568552},{""box"":{""left"":6650,""right"":7791,""top"":7812,""bottom"":10000},""time"":1729913568646},{""box"":{""left"":6650,""right"":7791,""top"":7812,""bottom"":10000},""time"":1729913568789}",,,,,
56922,Face,2024-10-26 12:32:48,2024-10-26 12:32:48,"{""left"":5955,""right"":5697,""top"":6316,""bottom"":6172},{""box"":{""left"":6275,""right"":6272,""top"":6636,""bottom"":6747},""time"":1729913568724}","6,12",male,,,
56923,Person,2024-10-26 12:32:54,2024-10-26 12:33:06,"{""left"":4637,""right"":6395,""top"":5018,""bottom"":8353}",,,,,
56924,Person,2024-10-26 12:32:57,2024-10-26 12:32:58,"{""left"":0,""right"":5562,""top"":1175,""bottom"":9354},{""box"":{""left"":0,""right"":5562,""top"":1175,""bottom"":9354},""time"":1729913577422},{""box"":{""left"":0,""right"":5562,""top"":1175,""bottom"":9354},""time"":1729913577491},{""box"":{""left"":0,""right"":5562,""top"":1175,""bottom"":9354},""time"":1729913577601},{""box"":{""left"":0,""right"":5562,""top"":1175,""bottom"":9354},""time"":1729913577661},{""box"":{""left"":0,""right"":5562,""top"":1175,""bottom"":9354},""time"":1729913577720},{""box"":{""left"":0,""right"":5562,""top"":1175,""bottom"":9354},""time"":1729913577804},{""box"":{""left"":0,""right"":5562,""top"":1175,""bottom"":9354},""time"":1729913577867},{""box"":{""left"":0,""right"":5562,""top"":1175,""bottom"":9354},""time"":1729913577978},{""box"":{""left"":0,""right"":5562,""top"":1175,""bottom"":9354},""time"":1729913578107}",,,,,
56925,Person,2024-10-26 12:32:58,2024-10-26 12:32:59,"{""left"":0,""right"":6345,""top"":1136,""bottom"":10000},{""box"":{""left"":0,""right"":6345,""top"":1136,""bottom"":10000},""time"":1729913578435},{""box"":{""left"":0,""right"":6345,""top"":1136,""bottom"":10000},""time"":1729913578496},{""box"":{""left"":0,""right"":6345,""top"":1136,""bottom"":10000},""time"":1729913578546},{""box"":{""left"":0,""right"":6345,""top"":1136,""bottom"":10000},""time"":1729913578640},{""box"":{""left"":0,""right"":6345,""top"":1136,""bottom"":10000},""time"":1729913578773},{""box"":{""left"":0,""right"":6345,""top"":1136,""bottom"":10000},""time"":1729913578834},{""box"":{""left"":0,""right"":6345,""top"":1136,""bottom"":10000},""time"":1729913578894},{""box"":{""left"":0,""right"":6345,""top"":1136,""bottom"":10000},""time"":1729913579175},{""box"":{""left"":0,""right"":6345,""top"":1136,""bottom"":10000},""time"":1729913579241},{""box"":{""left"":0,""right"":6345,""top"":1136,""bottom"":10000},""time"":1729913579312},{""box"":{""left"":0,""right"":6345,""top"":1136,""bottom"":10000},""time"":1729913579393}",,,,,
56926,Person,2024-10-26 12:32:59,2024-10-26 12:33:05,"{""left"":2138,""right"":3826,""top"":2949,""bottom"":7263},{""box"":{""left"":2138,""right"":3826,""top"":2949,""bottom"":7263},""time"":1729913579322},{""box"":{""left"":2138,""right"":3826,""top"":2949,""bottom"":7263},""time"":1729913579404},{""box"":{""left"":2138,""right"":3826,""top"":2949,""bottom"":7263},""time"":1729913579465},{""box"":{""left"":2138,""right"":3826,""top"":2949,""bottom"":7263},""time"":1729913579525},{""box"":{""left"":2138,""right"":3826,""top"":2949,""bottom"":7263},""time"":1729913579586},{""box"":{""left"":2138,""right"":3826,""top"":2949,""bottom"":7263},""time"":1729913579661},{""box"":{""left"":2138,""right"":3826,""top"":2949,""bottom"":7263},""time"":1729913579723},{""box"":{""left"":2138,""right"":3826,""top"":2949,""bottom"":7263},""time"":1729913579783},{""box"":{""left"":2138,""right"":3826,""top"":2949,""bottom"":7263},""time"":1729913579843},{""box"":{""left"":2138,""right"":3826,""top"":2949,""bottom"":7263},""time"":1729913579905},{""box"":{""left"":2138,""right"":3826,""top"":2949,""bottom"":7263},""time"":1729913579965},{""box"":{""left"":2138,""right"":3826,""top"":2949,""bottom"":7263},""time"":1729913580026},{""box"":{""left"":2138,""right"":3826,""top"":2949,""bottom"":7263},""time"":1729913580093},{""box"":{""left"":2138,""right"":3826,""top"":2949,""bottom"":7263},""time"":1729913580185},{""box"":{""left"":2138,""right"":3826,""top"":2949,""bottom"":7263},""time"":1729913580258},{""box"":{""left"":2138,""right"":3826,""top"":2949,""bottom"":7263},""time"":1729913580330},{""box"":{""left"":2138,""right"":3826,""top"":2949,""bottom"":7263},""time"":1729913580402},{""box"":{""left"":2138,""right"":3826,""top"":2949,""bottom"":7263},""time"":1729913580474},{""box"":{""left"":2138,""right"":3826,""top"":2949,""bottom"":7263},""time"":1729913580545},{""box"":{""left"":2138,""right"":3826,""top"":2949,""bottom"":7263},""time"":1729913580607},{""box"":{""left"":2138,""right"":3826,""top"":2949,""bottom"":7263},""time"":1729913580719},{""box"":{""left"":2138,""right"":3826,""top"":2949,""bottom"":7263},""time"":1729913580791},{""box"":{""left"":2138,""right"":3826,""top"":2949,""bottom"":7263},""time"":1729913580864},{""box"":{""left"":2138,""right"":3826,""top"":2949,""bottom"":7263},""time"":1729913580937},{""box"":{""left"":2138,""right"":3826,""top"":2949,""bottom"":7263},""time"":1729913581018},{""box"":{""left"":2138,""right"":3826,""top"":2949,""bottom"":7263},""time"":1729913581193},{""box"":{""left"":2138,""right"":3826,""top"":2949,""bottom"":7263},""time"":1729913581305},{""box"":{""left"":2138,""right"":3826,""top"":2949,""bottom"":7263},""time"":1729913581424},{""box"":{""left"":2138,""right"":3826,""top"":2949,""bottom"":7263},""time"":1729913581506},{""box"":{""left"":2138,""right"":3826,""top"":2949,""bottom"":7263},""time"":1729913581654},{""box"":{""left"":2138,""right"":3826,""top"":2949,""bottom"":7263},""time"":1729913581745},{""box"":{""left"":2138,""right"":3826,""top"":2949,""bottom"":7263},""time"":1729913581818},{""box"":{""left"":2138,""right"":3826,""top"":2949,""bottom"":7263},""time"":1729913581890},{""box"":{""left"":2138,""right"":3826,""top"":2949,""bottom"":7263},""time"":1729913582009},{""box"":{""left"":2138,""right"":3826,""top"":2949,""bottom"":7263},""time"":1729913582092},{""box"":{""left"":2138,""right"":3826,""top"":2949,""bottom"":7263},""time"":1729913582185},{""box"":{""left"":2138,""right"":3826,""top"":2949,""bottom"":7263},""time"":1729913582267},{""box"":{""left"":2138,""right"":3826,""top"":2949,""bottom"":7263},""time"":1729913582350},{""box"":{""left"":2138,""right"":3826,""top"":2949,""bottom"":7263},""time"":1729913582422},{""box"":{""left"":2138,""right"":3826,""top"":2949,""bottom"":7263},""time"":1729913582541},{""box"":{""left"":2138,""right"":3826,""top"":2949,""bottom"":7263},""time"":1729913582654},{""box"":{""left"":2138,""right"":3826,""top"":2949,""bottom"":7263},""time"":1729913582727},{""box"":{""left"":2138,""right"":3826,""top"":2949,""bottom"":7263},""time"":1729913582819},{""box"":{""left"":2138,""right"":3826,""top"":2949,""bottom"":7263},""time"":1729913582901},{""box"":{""left"":2138,""right"":3826,""top"":2949,""bottom"":7263},""time"":1729913583020},{""box"":{""left"":2138,""right"":3826,""top"":2949,""bottom"":7263},""time"":1729913583091},{""box"":{""left"":2138,""right"":3826,""top"":2949,""bottom"":7263},""time"":1729913583153},{""box"":{""left"":2138,""right"":3826,""top"":2949,""bottom"":7263},""time"":1729913583250},{""box"":{""left"":2138,""right"":3826,""top"":2949,""bottom"":7263},""time"":1729913583375},{""box"":{""left"":2138,""right"":3826,""top"":2949,""bottom"":7263},""time"":1729913583457},{""box"":{""left"":2138,""right"":3826,""top"":2949,""bottom"":7263},""time"":1729913583540},{""box"":{""left"":2138,""right"":3826,""top"":2949,""bottom"":7263},""time"":1729913583965},{""box"":{""left"":2138,""right"":3826,""top"":2949,""bottom"":7263},""time"":1729913584063},{""box"":{""left"":2138,""right"":3826,""top"":2949,""bottom"":7263},""time"":1729913584146},{""box"":{""left"":2138,""right"":3826,""top"":2949,""bottom"":7263},""time"":1729913584279},{""box"":{""left"":2138,""right"":3826,""top"":2949,""bottom"":7263},""time"":1729913584341},{""box"":{""left"":2138,""right"":3826,""top"":2949,""bottom"":7263},""time"":1729913584442},{""box"":{""left"":2138,""right"":3826,""top"":2949,""bottom"":7263},""time"":1729913584515},{""box"":{""left"":2138,""right"":3826,""top"":2949,""bottom"":7263},""time"":1729913584603},{""box"":{""left"":2138,""right"":3826,""top"":2949,""bottom"":7263},""time"":1729913584667},{""box"":{""left"":2138,""right"":3826,""top"":2949,""bottom"":7263},""time"":1729913584739},{""box"":{""left"":2138,""right"":3826,""top"":2949,""bottom"":7263},""time"":1729913584812},{""box"":{""left"":2138,""right"":3826,""top"":2949,""bottom"":7263},""time"":1729913585216},{""box"":{""left"":2138,""right"":3826,""top"":2949,""bottom"":7263},""time"":1729913585315}",,,,,
56927,Person,2024-10-26 12:33:00,2024-10-26 12:33:06,"{""left"":1900,""right"":4125,""top"":2687,""bottom"":7124},{""box"":{""left"":1900,""right"":4125,""top"":2687,""bottom"":7124},""time"":1729913580195},{""box"":{""left"":1900,""right"":4125,""top"":2687,""bottom"":7124},""time"":1729913580268},{""box"":{""left"":1900,""right"":4125,""top"":2687,""bottom"":7124},""time"":1729913580340},{""box"":{""left"":1900,""right"":4125,""top"":2687,""bottom"":7124},""time"":1729913580413},{""box"":{""left"":1900,""right"":4125,""top"":2687,""bottom"":7124},""time"":1729913580484},{""box"":{""left"":1900,""right"":4125,""top"":2687,""bottom"":7124},""time"":1729913580556},{""box"":{""left"":1900,""right"":4125,""top"":2687,""bottom"":7124},""time"":1729913580617},{""box"":{""left"":1900,""right"":4125,""top"":2687,""bottom"":7124},""time"":1729913580729},{""box"":{""left"":1900,""right"":4125,""top"":2687,""bottom"":7124},""time"":1729913580801},{""box"":{""left"":1900,""right"":4125,""top"":2687,""bottom"":7124},""time"":1729913580874},{""box"":{""left"":1900,""right"":4125,""top"":2687,""bottom"":7124},""time"":1729913580947},{""box"":{""left"":1900,""right"":4125,""top"":2687,""bottom"":7124},""time"":1729913581203},{""box"":{""left"":1900,""right"":4125,""top"":2687,""bottom"":7124},""time"":1729913581315},{""box"":{""left"":1900,""right"":4125,""top"":2687,""bottom"":7124},""time"":1729913581433},{""box"":{""left"":1900,""right"":4125,""top"":2687,""bottom"":7124},""time"":1729913581516},{""box"":{""left"":1900,""right"":4125,""top"":2687,""bottom"":7124},""time"":1729913581665},{""box"":{""left"":1900,""right"":4125,""top"":2687,""bottom"":7124},""time"":1729913581756},{""box"":{""left"":1900,""right"":4125,""top"":2687,""bottom"":7124},""time"":1729913581828},{""box"":{""left"":1900,""right"":4125,""top"":2687,""bottom"":7124},""time"":1729913581900},{""box"":{""left"":1900,""right"":4125,""top"":2687,""bottom"":7124},""time"":1729913582018},{""box"":{""left"":1900,""right"":4125,""top"":2687,""bottom"":7124},""time"":1729913582102},{""box"":{""left"":1900,""right"":4125,""top"":2687,""bottom"":7124},""time"":1729913582194},{""box"":{""left"":1900,""right"":4125,""top"":2687,""bottom"":7124},""time"":1729913582278},{""box"":{""left"":1900,""right"":4125,""top"":2687,""bottom"":7124},""time"":1729913582432},{""box"":{""left"":1900,""right"":4125,""top"":2687,""bottom"":7124},""time"":1729913582551},{""box"":{""left"":1900,""right"":4125,""top"":2687,""bottom"":7124},""time"":1729913582663},{""box"":{""left"":1900,""right"":4125,""top"":2687,""bottom"":7124},""time"":1729913582737},{""box"":{""left"":1900,""right"":4125,""top"":2687,""bottom"":7124},""time"":1729913582829},{""box"":{""left"":1900,""right"":4125,""top"":2687,""bottom"":7124},""time"":1729913582912},{""box"":{""left"":1900,""right"":4125,""top"":2687,""bottom"":7124},""time"":1729913583030},{""box"":{""left"":1900,""right"":4125,""top"":2687,""bottom"":7124},""time"":1729913583100},{""box"":{""left"":1900,""right"":4125,""top"":2687,""bottom"":7124},""time"":1729913583163},{""box"":{""left"":1900,""right"":4125,""top"":2687,""bottom"":7124},""time"":1729913583261},{""box"":{""left"":1900,""right"":4125,""top"":2687,""bottom"":7124},""time"":1729913583385},{""box"":{""left"":1900,""right"":4125,""top"":2687,""bottom"":7124},""time"":1729913583467},{""box"":{""left"":1900,""right"":4125,""top"":2687,""bottom"":7124},""time"":1729913583550},{""box"":{""left"":1900,""right"":4125,""top"":2687,""bottom"":7124},""time"":1729913583975},{""box"":{""left"":1900,""right"":4125,""top"":2687,""bottom"":7124},""time"":1729913584073},{""box"":{""left"":1900,""right"":4125,""top"":2687,""bottom"":7124},""time"":1729913584157},{""box"":{""left"":1900,""right"":4125,""top"":2687,""bottom"":7124},""time"":1729913584289},{""box"":{""left"":1900,""right"":4125,""top"":2687,""bottom"":7124},""time"":1729913584351},{""box"":{""left"":1900,""right"":4125,""top"":2687,""bottom"":7124},""time"":1729913584452},{""box"":{""left"":1900,""right"":4125,""top"":2687,""bottom"":7124},""time"":1729913584526},{""box"":{""left"":1900,""right"":4125,""top"":2687,""bottom"":7124},""time"":1729913584677},{""box"":{""left"":1900,""right"":4125,""top"":2687,""bottom"":7124},""time"":1729913584750},{""box"":{""left"":1900,""right"":4125,""top"":2687,""bottom"":7124},""time"":1729913584822},{""box"":{""left"":1900,""right"":4125,""top"":2687,""bottom"":7124},""time"":1729913585227},{""box"":{""left"":1900,""right"":4125,""top"":2687,""bottom"":7124},""time"":1729913585327},{""box"":{""left"":1900,""right"":4125,""top"":2687,""bottom"":7124},""time"":1729913585619},{""box"":{""left"":1900,""right"":4125,""top"":2687,""bottom"":7124},""time"":1729913585746},{""box"":{""left"":1900,""right"":4125,""top"":2687,""bottom"":7124},""time"":1729913585859},{""box"":{""left"":1900,""right"":4125,""top"":2687,""bottom"":7124},""time"":1729913585947},{""box"":{""left"":1900,""right"":4125,""top"":2687,""bottom"":7124},""time"":1729913586069},{""box"":{""left"":1900,""right"":4125,""top"":2687,""bottom"":7124},""time"":1729913586148},{""box"":{""left"":1900,""right"":4125,""top"":2687,""bottom"":7124},""time"":1729913586191},{""box"":{""left"":1900,""right"":4125,""top"":2687,""bottom"":7124},""time"":1729913586308},{""box"":{""left"":1900,""right"":4125,""top"":2687,""bottom"":7124},""time"":1729913586405},{""box"":{""left"":1900,""right"":4125,""top"":2687,""bottom"":7124},""time"":1729913586490},{""box"":{""left"":1900,""right"":4125,""top"":2687,""bottom"":7124},""time"":1729913586555},{""box"":{""left"":1900,""right"":4125,""top"":2687,""bottom"":7124},""time"":1729913586629},{""box"":{""left"":1900,""right"":4125,""top"":2687,""bottom"":7124},""time"":1729913586762}",,,,,
56928,Person,2024-10-26 12:33:03,2024-10-26 12:33:03,"{""left"":6375,""right"":2708,""top"":6750,""bottom"":4541}",,,,,
56930,Person,2024-10-26 12:33:05,2024-10-26 12:33:31,"{""left"":4644,""right"":2771,""top"":5155,""bottom"":4706},{""box"":{""left"":4644,""right"":2771,""top"":5155,""bottom"":4706},""time"":1729913585957},{""box"":{""left"":4644,""right"":2771,""top"":5155,""bottom"":4706},""time"":1729913586080},{""box"":{""left"":4644,""right"":2771,""top"":5155,""bottom"":4706},""time"":1729913586159},{""box"":{""left"":4644,""right"":2771,""top"":5155,""bottom"":4706},""time"":1729913586202},{""box"":{""left"":4644,""right"":2771,""top"":5155,""bottom"":4706},""time"":1729913586319},{""box"":{""left"":4644,""right"":2771,""top"":5155,""bottom"":4706},""time"":1729913586416},{""box"":{""left"":4644,""right"":2771,""top"":5155,""bottom"":4706},""time"":1729913586502},{""box"":{""left"":4644,""right"":2771,""top"":5155,""bottom"":4706},""time"":1729913586565},{""box"":{""left"":4644,""right"":2771,""top"":5155,""bottom"":4706},""time"":1729913586639},{""box"":{""left"":4644,""right"":2771,""top"":5155,""bottom"":4706},""time"":1729913586773},{""box"":{""left"":4644,""right"":2771,""top"":5155,""bottom"":4706},""time"":1729913586899},{""box"":{""left"":4644,""right"":2771,""top"":5155,""bottom"":4706},""time"":1729913586967},{""box"":{""left"":4644,""right"":2771,""top"":5155,""bottom"":4706},""time"":1729913587021},{""box"":{""left"":4644,""right"":2771,""top"":5155,""bottom"":4706},""time"":1729913587639},{""box"":{""left"":4644,""right"":2771,""top"":5155,""bottom"":4706},""time"":1729913587805},{""box"":{""left"":4644,""right"":2771,""top"":5155,""bottom"":4706},""time"":1729913587919},{""box"":{""left"":4644,""right"":2771,""top"":5155,""bottom"":4706},""time"":1729913588032},{""box"":{""left"":4644,""right"":2771,""top"":5155,""bottom"":4706},""time"":1729913588144},{""box"":{""left"":4644,""right"":2771,""top"":5155,""bottom"":4706},""time"":1729913588208},{""box"":{""left"":4644,""right"":2771,""top"":5155,""bottom"":4706},""time"":1729913588323},{""box"":{""left"":4644,""right"":2771,""top"":5155,""bottom"":4706},""time"":1729913588435},{""box"":{""left"":4644,""right"":2771,""top"":5155,""bottom"":4706},""time"":1729913588557},{""box"":{""left"":4644,""right"":2771,""top"":5155,""bottom"":4706},""time"":1729913588613},{""box"":{""left"":4644,""right"":2771,""top"":5155,""bottom"":4706},""time"":1729913588732},{""box"":{""left"":4644,""right"":2771,""top"":5155,""bottom"":4706},""time"":1729913588958},{""box"":{""left"":4644,""right"":2771,""top"":5155,""bottom"":4706},""time"":1729913589020},{""box"":{""left"":4644,""right"":2771,""top"":5155,""bottom"":4706},""time"":1729913589133},{""box"":{""left"":4644,""right"":2771,""top"":5155,""bottom"":4706},""time"":1729913589247},{""box"":{""left"":4644,""right"":2771,""top"":5155,""bottom"":4706},""time"":1729913589361},{""box"":{""left"":4644,""right"":2771,""top"":5155,""bottom"":4706},""time"":1729913589464},{""box"":{""left"":4644,""right"":2771,""top"":5155,""bottom"":4706},""time"":1729913589578},{""box"":{""left"":4644,""right"":2771,""top"":5155,""bottom"":4706},""time"":1729913589652},{""box"":{""left"":4644,""right"":2771,""top"":5155,""bottom"":4706},""time"":1729913589708},{""box"":{""left"":4644,""right"":2771,""top"":5155,""bottom"":4706},""time"":1729913589776},{""box"":{""left"":4644,""right"":2771,""top"":5155,""bottom"":4706},""time"":1729913589833},{""box"":{""left"":4644,""right"":2771,""top"":5155,""bottom"":4706},""time"":1729913589900},{""box"":{""left"":4644,""right"":2771,""top"":5155,""bottom"":4706},""time"":1729913589969},{""box"":{""left"":4644,""right"":2771,""top"":5155,""bottom"":4706},""time"":1729913590037},{""box"":{""left"":4644,""right"":2771,""top"":5155,""bottom"":4706},""time"":1729913590104},{""box"":{""left"":4644,""right"":2771,""top"":5155,""bottom"":4706},""time"":1729913590161},{""box"":{""left"":4644,""right"":2771,""top"":5155,""bottom"":4706},""time"":1729913590219},{""box"":{""left"":4644,""right"":2771,""top"":5155,""bottom"":4706},""time"":1729913590275},{""box"":{""left"":4644,""right"":2771,""top"":5155,""bottom"":4706},""time"":1729913590332},{""box"":{""left"":4644,""right"":2771,""top"":5155,""bottom"":4706},""time"":1729913590443},{""box"":{""left"":4644,""right"":2771,""top"":5155,""bottom"":4706},""time"":1729913590499},{""box"":{""left"":4644,""right"":2771,""top"":5155,""bottom"":4706},""time"":1729913590567},{""box"":{""left"":4644,""right"":2771,""top"":5155,""bottom"":4706},""time"":1729913590623},{""box"":{""left"":4644,""right"":2771,""top"":5155,""bottom"":4706},""time"":1729913590680},{""box"":{""left"":4644,""right"":2771,""top"":5155,""bottom"":4706},""time"":1729913590725},{""box"":{""left"":4644,""right"":2771,""top"":5155,""bottom"":4706},""time"":1729913590782},{""box"":{""left"":4644,""right"":2771,""top"":5155,""bottom"":4706},""time"":1729913590849},{""box"":{""left"":4644,""right"":2771,""top"":5155,""bottom"":4706},""time"":1729913590906},{""box"":{""left"":4644,""right"":2771,""top"":5155,""bottom"":4706},""time"":1729913590974},{""box"":{""left"":4644,""right"":2771,""top"":5155,""bottom"":4706},""time"":1729913591042},{""box"":{""left"":4644,""right"":2771,""top"":5155,""bottom"":4706},""time"":1729913591098},{""box"":{""left"":4644,""right"":2771,""top"":5155,""bottom"":4706},""time"":1729913591166},{""box"":{""left"":4644,""right"":2771,""top"":5155,""bottom"":4706},""time"":1729913591234},{""box"":{""left"":4644,""right"":2771,""top"":5155,""bottom"":4706},""time"":1729913591302},{""box"":{""left"":4644,""right"":2771,""top"":5155,""bottom"":4706},""time"":1729913591371},{""box"":{""left"":4644,""right"":2771,""top"":5155,""bottom"":4706},""time"":1729913591438},{""box"":{""left"":4644,""right"":2771,""top"":5155,""bottom"":4706},""time"":1729913591506},{""box"":{""left"":4644,""right"":2771,""top"":5155,""bottom"":4706},""time"":1729913591563},{""box"":{""left"":4644,""right"":2771,""top"":5155,""bottom"":4706},""time"":1729913591619},{""box"":{""left"":4644,""right"":2771,""top"":5155,""bottom"":4706},""time"":1729913591686},{""box"":{""left"":4644,""right"":2771,""top"":5155,""bottom"":4706},""time"":1729913591732},{""box"":{""left"":4644,""right"":2771,""top"":5155,""bottom"":4706},""time"":1729913591754},{""box"":{""left"":4644,""right"":2771,""top"":5155,""bottom"":4706},""time"":1729913591777},{""box"":{""left"":4644,""right"":2771,""top"":5155,""bottom"":4706},""time"":1729913591797},{""box"":{""left"":4644,""right"":2771,""top"":5155,""bottom"":4706},""time"":1729913591844},{""box"":{""left"":4644,""right"":2771,""top"":5155,""bottom"":4706},""time"":1729913591906},{""box"":{""left"":4644,""right"":2771,""top"":5155,""bottom"":4706},""time"":1729913591957},{""box"":{""left"":4644,""right"":2771,""top"":5155,""bottom"":4706},""time"":1729913592021},{""box"":{""left"":4644,""right"":2771,""top"":5155,""bottom"":4706},""time"":1729913592081},{""box"":{""left"":4644,""right"":2771,""top"":5155,""bottom"":4706},""time"":1729913592134},{""box"":{""left"":4644,""right"":2771,""top"":5155,""bottom"":4706},""time"":1729913592196},{""box"":{""left"":4644,""right"":2771,""top"":5155,""bottom"":4706},""time"":1729913592238},{""box"":{""left"":4644,""right"":2771,""top"":5155,""bottom"":4706},""time"":1729913592300},{""box"":{""left"":4644,""right"":2771,""top"":5155,""bottom"":4706},""time"":1729913592350},{""box"":{""left"":4644,""right"":2771,""top"":5155,""bottom"":4706},""time"":1729913592421},{""box"":{""left"":4644,""right"":2771,""top"":5155,""bottom"":4706},""time"":1729913592471},{""box"":{""left"":4644,""right"":2771,""top"":5155,""bottom"":4706},""time"":1729913592523},{""box"":{""left"":4644,""right"":2771,""top"":5155,""bottom"":4706},""time"":1729913592585},{""box"":{""left"":4644,""right"":2771,""top"":5155,""bottom"":4706},""time"":1729913592646},{""box"":{""left"":4644,""right"":2771,""top"":5155,""bottom"":4706},""time"":1729913592690},{""box"":{""left"":4644,""right"":2771,""top"":5155,""bottom"":4706},""time"":1729913592750},{""box"":{""left"":4644,""right"":2771,""top"":5155,""bottom"":4706},""time"":1729913592801},{""box"":{""left"":4644,""right"":2771,""top"":5155,""bottom"":4706},""time"":1729913592862},{""box"":{""left"":4644,""right"":2771,""top"":5155,""bottom"":4706},""time"":1729913592913},{""box"":{""left"":4644,""right"":2771,""top"":5155,""bottom"":4706},""time"":1729913592976},{""box"":{""left"":4644,""right"":2771,""top"":5155,""bottom"":4706},""time"":1729913593036},{""box"":{""left"":4644,""right"":2771,""top"":5155,""bottom"":4706},""time"":1729913593087},{""box"":{""left"":4644,""right"":2771,""top"":5155,""bottom"":4706},""time"":1729913593137},{""box"":{""left"":4644,""right"":2771,""top"":5155,""bottom"":4706},""time"":1729913593199},{""box"":{""left"":4644,""right"":2771,""top"":5155,""bottom"":4706},""time"":1729913593260},{""box"":{""left"":4644,""right"":2771,""top"":5155,""bottom"":4706},""time"":1729913593311},{""box"":{""left"":4644,""right"":2771,""top"":5155,""bottom"":4706},""time"":1729913593375},{""box"":{""left"":4644,""right"":2771,""top"":5155,""bottom"":4706},""time"":1729913593435},{""box"":{""left"":4644,""right"":2771,""top"":5155,""bottom"":4706},""time"":1729913593486},{""box"":{""left"":4644,""right"":2771,""top"":5155,""bottom"":4706},""time"":1729913593546},{""box"":{""left"":4644,""right"":2771,""top"":5155,""bottom"":4706},""time"":1729913593600},{""box"":{""left"":4644,""right"":2771,""top"":5155,""bottom"":4706},""time"":1729913593659},{""box"":{""left"":4644,""right"":2771,""top"":5155,""bottom"":4706},""time"":1729913593721},{""box"":{""left"":4644,""right"":2771,""top"":5155,""bottom"":4706},""time"":1729913593772},{""box"":{""left"":4644,""right"":2771,""top"":5155,""bottom"":4706},""time"":1729913593833},{""box"":{""left"":4644,""right"":2771,""top"":5155,""bottom"":4706},""time"":1729913593885},{""box"":{""left"":4644,""right"":2771,""top"":5155,""bottom"":4706},""time"":1729913593947},{""box"":{""left"":4644,""right"":2771,""top"":5155,""bottom"":4706},""time"":1729913593998},{""box"":{""left"":4644,""right"":2771,""top"":5155,""bottom"":4706},""time"":1729913594059},{""box"":{""left"":4644,""right"":2771,""top"":5155,""bottom"":4706},""time"":1729913594121},{""box"":{""left"":4644,""right"":2771,""top"":5155,""bottom"":4706},""time"":1729913594172},{""box"":{""left"":4644,""right"":2771,""top"":5155,""bottom"":4706},""time"":1729913594233},{""box"":{""left"":4644,""right"":2771,""top"":5155,""bottom"":4706},""time"":1729913594283},{""box"":{""left"":4644,""right"":2771,""top"":5155,""bottom"":4706},""time"":1729913594395},{""box"":{""left"":4644,""right"":2771,""top"":5155,""bottom"":4706},""time"":1729913594456},{""box"":{""left"":4644,""right"":2771,""top"":5155,""bottom"":4706},""time"":1729913594509},{""box"":{""left"":4644,""right"":2771,""top"":5155,""bottom"":4706},""time"":1729913594570},{""box"":{""left"":4644,""right"":2771,""top"":5155,""bottom"":4706},""time"":1729913594579},{""box"":{""left"":4644,""right"":2771,""top"":5155,""bottom"":4706},""time"":1729913594620},{""box"":{""left"":4644,""right"":2771,""top"":5155,""bottom"":4706},""time"":1729913594630},{""box"":{""left"":4644,""right"":2771,""top"":5155,""bottom"":4706},""time"":1729913594682},{""box"":{""left"":4644,""right"":2771,""top"":5155,""bottom"":4706},""time"":1729913594691},{""box"":{""left"":4644,""right"":2771,""top"":5155,""bottom"":4706},""time"":1729913594733},{""box"":{""left"":4644,""right"":2771,""top"":5155,""bottom"":4706},""time"":1729913594743},{""box"":{""left"":4644,""right"":2771,""top"":5155,""bottom"":4706},""time"":1729913594794},{""box"":{""left"":4644,""right"":2771,""top"":5155,""bottom"":4706},""time"":1729913594803},{""box"":{""left"":4644,""right"":2771,""top"":5155,""bottom"":4706},""time"":1729913594847},{""box"":{""left"":4644,""right"":2771,""top"":5155,""bottom"":4706},""time"":1729913594856},{""box"":{""left"":4644,""right"":2771,""top"":5155,""bottom"":4706},""time"":1729913594908},{""box"":{""left"":4644,""right"":2771,""top"":5155,""bottom"":4706},""time"":1729913594920},{""box"":{""left"":4644,""right"":2771,""top"":5155,""bottom"":4706},""time"":1729913594962},{""box"":{""left"":4644,""right"":2771,""top"":5155,""bottom"":4706},""time"":1729913594971},{""box"":{""left"":4644,""right"":2771,""top"":5155,""bottom"":4706},""time"":1729913595023},{""box"":{""left"":4644,""right"":2771,""top"":5155,""bottom"":4706},""time"":1729913595033},{""box"":{""left"":4644,""right"":2771,""top"":5155,""bottom"":4706},""time"":1729913595075},{""box"":{""left"":4644,""right"":2771,""top"":5155,""bottom"":4706},""time"":1729913595085},{""box"":{""left"":4644,""right"":2771,""top"":5155,""bottom"":4706},""time"":1729913595126},{""box"":{""left"":4644,""right"":2771,""top"":5155,""bottom"":4706},""time"":1729913595136},{""box"":{""left"":4644,""right"":2771,""top"":5155,""bottom"":4706},""time"":1729913595188},{""box"":{""left"":4644,""right"":2771,""top"":5155,""bottom"":4706},""time"":1729913595197},{""box"":{""left"":4644,""right"":2771,""top"":5155,""bottom"":4706},""time"":1729913595249},{""box"":{""left"":4644,""right"":2771,""top"":5155,""bottom"":4706},""time"":1729913595310},{""box"":{""left"":4644,""right"":2771,""top"":5155,""bottom"":4706},""time"":1729913595588},{""box"":{""left"":4644,""right"":2771,""top"":5155,""bottom"":4706},""time"":1729913595597},{""box"":{""left"":4644,""right"":2771,""top"":5155,""bottom"":4706},""time"":1729913595638},{""box"":{""left"":4644,""right"":2771,""top"":5155,""bottom"":4706},""time"":1729913595648},{""box"":{""left"":4644,""right"":2771,""top"":5155,""bottom"":4706},""time"":1729913595689},{""box"":{""left"":4644,""right"":2771,""top"":5155,""bottom"":4706},""time"":1729913595698},{""box"":{""left"":4644,""right"":2771,""top"":5155,""bottom"":4706},""time"":1729913595751},{""box"":{""left"":4644,""right"":2771,""top"":5155,""bottom"":4706},""time"":1729913595761},{""box"":{""left"":4644,""right"":2771,""top"":5155,""bottom"":4706},""time"":1729913595816},{""box"":{""left"":4644,""right"":2771,""top"":5155,""bottom"":4706},""time"":1729913595825},{""box"":{""left"":4644,""right"":2771,""top"":5155,""bottom"":4706},""time"":1729913595875},{""box"":{""left"":4644,""right"":2771,""top"":5155,""bottom"":4706},""time"":1729913595894},{""box"":{""left"":4644,""right"":2771,""top"":5155,""bottom"":4706},""time"":1729913595931},{""box"":{""left"":4644,""right"":2771,""top"":5155,""bottom"":4706},""time"":1729913595941},{""box"":{""left"":4644,""right"":2771,""top"":5155,""bottom"":4706},""time"":1729913596153},{""box"":{""left"":4644,""right"":2771,""top"":5155,""bottom"":4706},""time"":1729913596163},{""box"":{""left"":4644,""right"":2771,""top"":5155,""bottom"":4706},""time"":1729913596206},{""box"":{""left"":4644,""right"":2771,""top"":5155,""bottom"":4706},""time"":1729913596215},{""box"":{""left"":4644,""right"":2771,""top"":5155,""bottom"":4706},""time"":1729913596256},{""box"":{""left"":4644,""right"":2771,""top"":5155,""bottom"":4706},""time"":1729913596274},{""box"":{""left"":4644,""right"":2771,""top"":5155,""bottom"":4706},""time"":1729913596317},{""box"":{""left"":4644,""right"":2771,""top"":5155,""bottom"":4706},""time"":1729913596326},{""box"":{""left"":4644,""right"":2771,""top"":5155,""bottom"":4706},""time"":1729913596370},{""box"":{""left"":4644,""right"":2771,""top"":5155,""bottom"":4706},""time"":1729913596430},{""box"":{""left"":4644,""right"":2771,""top"":5155,""bottom"":4706},""time"":1729913596482},{""box"":{""left"":4644,""right"":2771,""top"":5155,""bottom"":4706},""time"":1729913596542},{""box"":{""left"":4644,""right"":2771,""top"":5155,""bottom"":4706},""time"":1729913596594},{""box"":{""left"":4644,""right"":2771,""top"":5155,""bottom"":4706},""time"":1729913596655},{""box"":{""left"":4644,""right"":2771,""top"":5155,""bottom"":4706},""time"":1729913596707},{""box"":{""left"":4644,""right"":2771,""top"":5155,""bottom"":4706},""time"":1729913596778},{""box"":{""left"":4644,""right"":2771,""top"":5155,""bottom"":4706},""time"":1729913596829},{""box"":{""left"":4644,""right"":2771,""top"":5155,""bottom"":4706},""time"":1729913596890},{""box"":{""left"":4644,""right"":2771,""top"":5155,""bottom"":4706},""time"":1729913596934},{""box"":{""left"":4644,""right"":2771,""top"":5155,""bottom"":4706},""time"":1729913596944},{""box"":{""left"":4644,""right"":2771,""top"":5155,""bottom"":4706},""time"":1729913596994},{""box"":{""left"":4644,""right"":2771,""top"":5155,""bottom"":4706},""time"":1729913597045},{""box"":{""left"":4644,""right"":2771,""top"":5155,""bottom"":4706},""time"":1729913597107},{""box"":{""left"":4644,""right"":2771,""top"":5155,""bottom"":4706},""time"":1729913597160},{""box"":{""left"":4644,""right"":2771,""top"":5155,""bottom"":4706},""time"":1729913597222},{""box"":{""left"":4644,""right"":2771,""top"":5155,""bottom"":4706},""time"":1729913597283},{""box"":{""left"":4644,""right"":2771,""top"":5155,""bottom"":4706},""time"":1729913597293},{""box"":{""left"":4644,""right"":2771,""top"":5155,""bottom"":4706},""time"":1729913597336},{""box"":{""left"":4644,""right"":2771,""top"":5155,""bottom"":4706},""time"":1729913597346},{""box"":{""left"":4644,""right"":2771,""top"":5155,""bottom"":4706},""time"":1729913597394},{""box"":{""left"":4644,""right"":2771,""top"":5155,""bottom"":4706},""time"":1729913597450},{""box"":{""left"":4644,""right"":2771,""top"":5155,""bottom"":4706},""time"":1729913597469},{""box"":{""left"":4644,""right"":2771,""top"":5155,""bottom"":4706},""time"":1729913597517},{""box"":{""left"":4644,""right"":2771,""top"":5155,""bottom"":4706},""time"":1729913597536},{""box"":{""left"":4644,""right"":2771,""top"":5155,""bottom"":4706},""time"":1729913597574},{""box"":{""left"":4644,""right"":2771,""top"":5155,""bottom"":4706},""time"":1729913597584},{""box"":{""left"":4644,""right"":2771,""top"":5155,""bottom"":4706},""time"":1729913597631},{""box"":{""left"":4644,""right"":2771,""top"":5155,""bottom"":4706},""time"":1729913597651},{""box"":{""left"":4644,""right"":2771,""top"":5155,""bottom"":4706},""time"":1729913597698},{""box"":{""left"":4644,""right"":2771,""top"":5155,""bottom"":4706},""time"":1729913597708},{""box"":{""left"":4644,""right"":2771,""top"":5155,""bottom"":4706},""time"":1729913597755},{""box"":{""left"":4644,""right"":2771,""top"":5155,""bottom"":4706},""time"":1729913597765},{""box"":{""left"":4644,""right"":2771,""top"":5155,""bottom"":4706},""time"":1729913597813},{""box"":{""left"":4644,""right"":2771,""top"":5155,""bottom"":4706},""time"":1729913597832},{""box"":{""left"":4644,""right"":2771,""top"":5155,""bottom"":4706},""time"":1729913597885},{""box"":{""left"":4644,""right"":2771,""top"":5155,""bottom"":4706},""time"":1729913597895},{""box"":{""left"":4644,""right"":2771,""top"":5155,""bottom"":4706},""time"":1729913597943},{""box"":{""left"":4644,""right"":2771,""top"":5155,""bottom"":4706},""time"":1729913597953},{""box"":{""left"":4644,""right"":2771,""top"":5155,""bottom"":4706},""time"":1729913598001},{""box"":{""left"":4644,""right"":2771,""top"":5155,""bottom"":4706},""time"":1729913598011},{""box"":{""left"":4644,""right"":2771,""top"":5155,""bottom"":4706},""time"":1729913598050},{""box"":{""left"":4644,""right"":2771,""top"":5155,""bottom"":4706},""time"":1729913598077},{""box"":{""left"":4644,""right"":2771,""top"":5155,""bottom"":4706},""time"":1729913598087},{""box"":{""left"":4644,""right"":2771,""top"":5155,""bottom"":4706},""time"":1729913598131},{""box"":{""left"":4644,""right"":2771,""top"":5155,""bottom"":4706},""time"":1729913598141},{""box"":{""left"":4644,""right"":2771,""top"":5155,""bottom"":4706},""time"":1729913598192},{""box"":{""left"":4644,""right"":2771,""top"":5155,""bottom"":4706},""time"":1729913598212},{""box"":{""left"":4644,""right"":2771,""top"":5155,""bottom"":4706},""time"":1729913598269},{""box"":{""left"":4644,""right"":2771,""top"":5155,""bottom"":4706},""time"":1729913598307},{""box"":{""left"":4644,""right"":2771,""top"":5155,""bottom"":4706},""time"":1729913598327},{""box"":{""left"":4644,""right"":2771,""top"":5155,""bottom"":4706},""time"":1729913598390},{""box"":{""left"":4644,""right"":2771,""top"":5155,""bottom"":4706},""time"":1729913598400},{""box"":{""left"":4644,""right"":2771,""top"":5155,""bottom"":4706},""time"":1729913598451},{""box"":{""left"":4644,""right"":2771,""top"":5155,""bottom"":4706},""time"":1729913598471},{""box"":{""left"":4644,""right"":2771,""top"":5155,""bottom"":4706},""time"":1729913598535},{""box"":{""left"":4644,""right"":2771,""top"":5155,""bottom"":4706},""time"":1729913598555},{""box"":{""left"":4644,""right"":2771,""top"":5155,""bottom"":4706},""time"":1729913598617},{""box"":{""left"":4644,""right"":2771,""top"":5155,""bottom"":4706},""time"":1729913598627},{""box"":{""left"":4644,""right"":2771,""top"":5155,""bottom"":4706},""time"":1729913598678},{""box"":{""left"":4644,""right"":2771,""top"":5155,""bottom"":4706},""time"":1729913598698},{""box"":{""left"":4644,""right"":2771,""top"":5155,""bottom"":4706},""time"":1729913598761},{""box"":{""left"":4644,""right"":2771,""top"":5155,""bottom"":4706},""time"":1729913598771},{""box"":{""left"":4644,""right"":2771,""top"":5155,""bottom"":4706},""time"":1729913598831},{""box"":{""left"":4644,""right"":2771,""top"":5155,""bottom"":4706},""time"":1729913598893},{""box"":{""left"":4644,""right"":2771,""top"":5155,""bottom"":4706},""time"":1729913598903},{""box"":{""left"":4644,""right"":2771,""top"":5155,""bottom"":4706},""time"":1729913598953},{""box"":{""left"":4644,""right"":2771,""top"":5155,""bottom"":4706},""time"":1729913598963},{""box"":{""left"":4644,""right"":2771,""top"":5155,""bottom"":4706},""time"":1729913599013},{""box"":{""left"":4644,""right"":2771,""top"":5155,""bottom"":4706},""time"":1729913599023},{""box"":{""left"":4644,""right"":2771,""top"":5155,""bottom"":4706},""time"":1729913599062},{""box"":{""left"":4644,""right"":2771,""top"":5155,""bottom"":4706},""time"":1729913599072},{""box"":{""left"":4644,""right"":2771,""top"":5155,""bottom"":4706},""time"":1729913599122},{""box"":{""left"":4644,""right"":2771,""top"":5155,""bottom"":4706},""time"":1729913599142},{""box"":{""left"":4644,""right"":2771,""top"":5155,""bottom"":4706},""time"":1729913599204},{""box"":{""left"":4644,""right"":2771,""top"":5155,""bottom"":4706},""time"":1729913599223},{""box"":{""left"":4644,""right"":2771,""top"":5155,""bottom"":4706},""time"":1729913599280},{""box"":{""left"":4644,""right"":2771,""top"":5155,""bottom"":4706},""time"":1729913599299},{""box"":{""left"":4644,""right"":2771,""top"":5155,""bottom"":4706},""time"":1729913599361},{""box"":{""left"":4644,""right"":2771,""top"":5155,""bottom"":4706},""time"":1729913599384},{""box"":{""left"":4644,""right"":2771,""top"":5155,""bottom"":4706},""time"":1729913599404},{""box"":{""left"":4644,""right"":2771,""top"":5155,""bottom"":4706},""time"":1729913599465},{""box"":{""left"":4644,""right"":2771,""top"":5155,""bottom"":4706},""time"":1729913599485},{""box"":{""left"":4644,""right"":2771,""top"":5155,""bottom"":4706},""time"":1729913599546},{""box"":{""left"":4644,""right"":2771,""top"":5155,""bottom"":4706},""time"":1729913599566},{""box"":{""left"":4644,""right"":2771,""top"":5155,""bottom"":4706},""time"":1729913599628},{""box"":{""left"":4644,""right"":2771,""top"":5155,""bottom"":4706},""time"":1729913599648},{""box"":{""left"":4644,""right"":2771,""top"":5155,""bottom"":4706},""time"":1729913599710},{""box"":{""left"":4644,""right"":2771,""top"":5155,""bottom"":4706},""time"":1729913599729},{""box"":{""left"":4644,""right"":2771,""top"":5155,""bottom"":4706},""time"":1729913599777},{""box"":{""left"":4644,""right"":2771,""top"":5155,""bottom"":4706},""time"":1729913599806},{""box"":{""left"":4644,""right"":2771,""top"":5155,""bottom"":4706},""time"":1729913599868},{""box"":{""left"":4644,""right"":2771,""top"":5155,""bottom"":4706},""time"":1729913599888},{""box"":{""left"":4644,""right"":2771,""top"":5155,""bottom"":4706},""time"":1729913599950},{""box"":{""left"":4644,""right"":2771,""top"":5155,""bottom"":4706},""time"":1729913599973},{""box"":{""left"":4644,""right"":2771,""top"":5155,""bottom"":4706},""time"":1729913599982},{""box"":{""left"":4644,""right"":2771,""top"":5155,""bottom"":4706},""time"":1729913600031},{""box"":{""left"":4644,""right"":2771,""top"":5155,""bottom"":4706},""time"":1729913600079},{""box"":{""left"":4644,""right"":2771,""top"":5155,""bottom"":4706},""time"":1729913600091},{""box"":{""left"":4644,""right"":2771,""top"":5155,""bottom"":4706},""time"":1729913600135},{""box"":{""left"":4644,""right"":2771,""top"":5155,""bottom"":4706},""time"":1729913600154},{""box"":{""left"":4644,""right"":2771,""top"":5155,""bottom"":4706},""time"":1729913600210},{""box"":{""left"":4644,""right"":2771,""top"":5155,""bottom"":4706},""time"":1729913600220},{""box"":{""left"":4644,""right"":2771,""top"":5155,""bottom"":4706},""time"":1729913600270},{""box"":{""left"":4644,""right"":2771,""top"":5155,""bottom"":4706},""time"":1729913600281},{""box"":{""left"":4644,""right"":2771,""top"":5155,""bottom"":4706},""time"":1729913600324},{""box"":{""left"":4644,""right"":2771,""top"":5155,""bottom"":4706},""time"":1729913600344},{""box"":{""left"":4644,""right"":2771,""top"":5155,""bottom"":4706},""time"":1729913600400},{""box"":{""left"":4644,""right"":2771,""top"":5155,""bottom"":4706},""time"":1729913600419},{""box"":{""left"":4644,""right"":2771,""top"":5155,""bottom"":4706},""time"":1729913600471},{""box"":{""left"":4644,""right"":2771,""top"":5155,""bottom"":4706},""time"":1729913600491},{""box"":{""left"":4644,""right"":2771,""top"":5155,""bottom"":4706},""time"":1729913600554},{""box"":{""left"":4644,""right"":2771,""top"":5155,""bottom"":4706},""time"":1729913600574},{""box"":{""left"":4644,""right"":2771,""top"":5155,""bottom"":4706},""time"":1729913600614},{""box"":{""left"":4644,""right"":2771,""top"":5155,""bottom"":4706},""time"":1729913600623},{""box"":{""left"":4644,""right"":2771,""top"":5155,""bottom"":4706},""time"":1729913600674},{""box"":{""left"":4644,""right"":2771,""top"":5155,""bottom"":4706},""time"":1729913600684},{""box"":{""left"":4644,""right"":2771,""top"":5155,""bottom"":4706},""time"":1729913600735},{""box"":{""left"":4644,""right"":2771,""top"":5155,""bottom"":4706},""time"":1729913600744},{""box"":{""left"":4644,""right"":2771,""top"":5155,""bottom"":4706},""time"":1729913600794},{""box"":{""left"":4644,""right"":2771,""top"":5155,""bottom"":4706},""time"":1729913600804},{""box"":{""left"":4644,""right"":2771,""top"":5155,""bottom"":4706},""time"":1729913600855},{""box"":{""left"":4644,""right"":2771,""top"":5155,""bottom"":4706},""time"":1729913600864},{""box"":{""left"":4644,""right"":2771,""top"":5155,""bottom"":4706},""time"":1729913600914},{""box"":{""left"":4644,""right"":2771,""top"":5155,""bottom"":4706},""time"":1729913600924},{""box"":{""left"":4644,""right"":2771,""top"":5155,""bottom"":4706},""time"":1729913600973},{""box"":{""left"":4644,""right"":2771,""top"":5155,""bottom"":4706},""time"":1729913600993},{""box"":{""left"":4644,""right"":2771,""top"":5155,""bottom"":4706},""time"":1729913601055},{""box"":{""left"":4644,""right"":2771,""top"":5155,""bottom"":4706},""time"":1729913601065},{""box"":{""left"":4644,""right"":2771,""top"":5155,""bottom"":4706},""time"":1729913601116},{""box"":{""left"":4644,""right"":2771,""top"":5155,""bottom"":4706},""time"":1729913601145},{""box"":{""left"":4644,""right"":2771,""top"":5155,""bottom"":4706},""time"":1729913601156},{""box"":{""left"":4644,""right"":2771,""top"":5155,""bottom"":4706},""time"":1729913601216},{""box"":{""left"":4644,""right"":2771,""top"":5155,""bottom"":4706},""time"":1729913601284},{""box"":{""left"":4644,""right"":2771,""top"":5155,""bottom"":4706},""time"":1729913601349},{""box"":{""left"":4644,""right"":2771,""top"":5155,""bottom"":4706},""time"":1729913601426},{""box"":{""left"":4644,""right"":2771,""top"":5155,""bottom"":4706},""time"":1729913601504},{""box"":{""left"":4644,""right"":2771,""top"":5155,""bottom"":4706},""time"":1729913601583},{""box"":{""left"":4644,""right"":2771,""top"":5155,""bottom"":4706},""time"":1729913601652},{""box"":{""left"":4644,""right"":2771,""top"":5155,""bottom"":4706},""time"":1729913601662},{""box"":{""left"":4644,""right"":2771,""top"":5155,""bottom"":4706},""time"":1729913601707},{""box"":{""left"":4644,""right"":2771,""top"":5155,""bottom"":4706},""time"":1729913601727},{""box"":{""left"":4644,""right"":2771,""top"":5155,""bottom"":4706},""time"":1729913601809},{""box"":{""left"":4644,""right"":2771,""top"":5155,""bottom"":4706},""time"":1729913601829},{""box"":{""left"":4644,""right"":2771,""top"":5155,""bottom"":4706},""time"":1729913601912},{""box"":{""left"":4644,""right"":2771,""top"":5155,""bottom"":4706},""time"":1729913601948},{""box"":{""left"":4644,""right"":2771,""top"":5155,""bottom"":4706},""time"":1729913601991},{""box"":{""left"":4644,""right"":2771,""top"":5155,""bottom"":4706},""time"":1729913602032},{""box"":{""left"":4644,""right"":2771,""top"":5155,""bottom"":4706},""time"":1729913602052},{""box"":{""left"":4644,""right"":2771,""top"":5155,""bottom"":4706},""time"":1729913602130},{""box"":{""left"":4644,""right"":2771,""top"":5155,""bottom"":4706},""time"":1729913602151},{""box"":{""left"":4644,""right"":2771,""top"":5155,""bottom"":4706},""time"":1729913602230},{""box"":{""left"":4644,""right"":2771,""top"":5155,""bottom"":4706},""time"":1729913602270},{""box"":{""left"":4644,""right"":2771,""top"":5155,""bottom"":4706},""time"":1729913602290},{""box"":{""left"":4644,""right"":2771,""top"":5155,""bottom"":4706},""time"":1729913602360},{""box"":{""left"":4644,""right"":2771,""top"":5155,""bottom"":4706},""time"":1729913602392},{""box"":{""left"":4644,""right"":2771,""top"":5155,""bottom"":4706},""time"":1729913602413},{""box"":{""left"":4644,""right"":2771,""top"":5155,""bottom"":4706},""time"":1729913602482},{""box"":{""left"":4644,""right"":2771,""top"":5155,""bottom"":4706},""time"":1729913602502},{""box"":{""left"":4644,""right"":2771,""top"":5155,""bottom"":4706},""time"":1729913602581},{""box"":{""left"":4644,""right"":2771,""top"":5155,""bottom"":4706},""time"":1729913602650},{""box"":{""left"":4644,""right"":2771,""top"":5155,""bottom"":4706},""time"":1729913602693},{""box"":{""left"":4644,""right"":2771,""top"":5155,""bottom"":4706},""time"":1729913602752},{""box"":{""left"":4644,""right"":2771,""top"":5155,""bottom"":4706},""time"":1729913602811},{""box"":{""left"":4644,""right"":2771,""top"":5155,""bottom"":4706},""time"":1729913602861},{""box"":{""left"":4644,""right"":2771,""top"":5155,""bottom"":4706},""time"":1729913602881},{""box"":{""left"":4644,""right"":2771,""top"":5155,""bottom"":4706},""time"":1729913602933},{""box"":{""left"":4644,""right"":2771,""top"":5155,""bottom"":4706},""time"":1729913602963},{""box"":{""left"":4644,""right"":2771,""top"":5155,""bottom"":4706},""time"":1729913603037},{""box"":{""left"":4644,""right"":2771,""top"":5155,""bottom"":4706},""time"":1729913603050},{""box"":{""left"":4644,""right"":2771,""top"":5155,""bottom"":4706},""time"":1729913603139},{""box"":{""left"":4644,""right"":2771,""top"":5155,""bottom"":4706},""time"":1729913603150},{""box"":{""left"":4644,""right"":2771,""top"":5155,""bottom"":4706},""time"":1729913603221},{""box"":{""left"":4644,""right"":2771,""top"":5155,""bottom"":4706},""time"":1729913603232},{""box"":{""left"":4644,""right"":2771,""top"":5155,""bottom"":4706},""time"":1729913603275},{""box"":{""left"":4644,""right"":2771,""top"":5155,""bottom"":4706},""time"":1729913603295},{""box"":{""left"":4644,""right"":2771,""top"":5155,""bottom"":4706},""time"":1729913603392},{""box"":{""left"":4644,""right"":2771,""top"":5155,""bottom"":4706},""time"":1729913603451},{""box"":{""left"":4644,""right"":2771,""top"":5155,""bottom"":4706},""time"":1729913603481},{""box"":{""left"":4644,""right"":2771,""top"":5155,""bottom"":4706},""time"":1729913603547},{""box"":{""left"":4644,""right"":2771,""top"":5155,""bottom"":4706},""time"":1729913603613},{""box"":{""left"":4644,""right"":2771,""top"":5155,""bottom"":4706},""time"":1729913603679},{""box"":{""left"":4644,""right"":2771,""top"":5155,""bottom"":4706},""time"":1729913603745},{""box"":{""left"":4644,""right"":2771,""top"":5155,""bottom"":4706},""time"":1729913603804},{""box"":{""left"":4644,""right"":2771,""top"":5155,""bottom"":4706},""time"":1729913603870},{""box"":{""left"":4644,""right"":2771,""top"":5155,""bottom"":4706},""time"":1729913603929},{""box"":{""left"":4644,""right"":2771,""top"":5155,""bottom"":4706},""time"":1729913603995},{""box"":{""left"":4644,""right"":2771,""top"":5155,""bottom"":4706},""time"":1729913604062},{""box"":{""left"":4644,""right"":2771,""top"":5155,""bottom"":4706},""time"":1729913604121},{""box"":{""left"":4644,""right"":2771,""top"":5155,""bottom"":4706},""time"":1729913604176},{""box"":{""left"":4644,""right"":2771,""top"":5155,""bottom"":4706},""time"":1729913604217},{""box"":{""left"":4644,""right"":2771,""top"":5155,""bottom"":4706},""time"":1729913604308},{""box"":{""left"":4644,""right"":2771,""top"":5155,""bottom"":4706},""time"":1729913604318},{""box"":{""left"":4644,""right"":2771,""top"":5155,""bottom"":4706},""time"":1729913604369},{""box"":{""left"":4644,""right"":2771,""top"":5155,""bottom"":4706},""time"":1729913604383},{""box"":{""left"":4644,""right"":2771,""top"":5155,""bottom"":4706},""time"":1729913604472},{""box"":{""left"":4644,""right"":2771,""top"":5155,""bottom"":4706},""time"":1729913604486},{""box"":{""left"":4644,""right"":2771,""top"":5155,""bottom"":4706},""time"":1729913604576},{""box"":{""left"":4644,""right"":2771,""top"":5155,""bottom"":4706},""time"":1729913604590},{""box"":{""left"":4644,""right"":2771,""top"":5155,""bottom"":4706},""time"":1729913604680},{""box"":{""left"":4644,""right"":2771,""top"":5155,""bottom"":4706},""time"":1729913604703},{""box"":{""left"":4644,""right"":2771,""top"":5155,""bottom"":4706},""time"":1729913604793},{""box"":{""left"":4644,""right"":2771,""top"":5155,""bottom"":4706},""time"":1729913604805},{""box"":{""left"":4644,""right"":2771,""top"":5155,""bottom"":4706},""time"":1729913604895},{""box"":{""left"":4644,""right"":2771,""top"":5155,""bottom"":4706},""time"":1729913604905},{""box"":{""left"":4644,""right"":2771,""top"":5155,""bottom"":4706},""time"":1729913604965},{""box"":{""left"":4644,""right"":2771,""top"":5155,""bottom"":4706},""time"":1729913604976},{""box"":{""left"":4644,""right"":2771,""top"":5155,""bottom"":4706},""time"":1729913605049},{""box"":{""left"":4644,""right"":2771,""top"":5155,""bottom"":4706},""time"":1729913605080},{""box"":{""left"":4644,""right"":2771,""top"":5155,""bottom"":4706},""time"":1729913605134},{""box"":{""left"":4644,""right"":2771,""top"":5155,""bottom"":4706},""time"":1729913605145},{""box"":{""left"":4644,""right"":2771,""top"":5155,""bottom"":4706},""time"":1729913605210},{""box"":{""left"":4644,""right"":2771,""top"":5155,""bottom"":4706},""time"":1729913605230},{""box"":{""left"":4644,""right"":2771,""top"":5155,""bottom"":4706},""time"":1729913605289},{""box"":{""left"":4644,""right"":2771,""top"":5155,""bottom"":4706},""time"":1729913605300},{""box"":{""left"":4644,""right"":2771,""top"":5155,""bottom"":4706},""time"":1729913605373},{""box"":{""left"":4644,""right"":2771,""top"":5155,""bottom"":4706},""time"":1729913605394},{""box"":{""left"":4644,""right"":2771,""top"":5155,""bottom"":4706},""time"":1729913605457},{""box"":{""left"":4644,""right"":2771,""top"":5155,""bottom"":4706},""time"":1729913605468},{""box"":{""left"":4644,""right"":2771,""top"":5155,""bottom"":4706},""time"":1729913605553},{""box"":{""left"":4644,""right"":2771,""top"":5155,""bottom"":4706},""time"":1729913605619},{""box"":{""left"":4644,""right"":2771,""top"":5155,""bottom"":4706},""time"":1729913605678},{""box"":{""left"":4644,""right"":2771,""top"":5155,""bottom"":4706},""time"":1729913605744},{""box"":{""left"":4644,""right"":2771,""top"":5155,""bottom"":4706},""time"":1729913605800},{""box"":{""left"":4644,""right"":2771,""top"":5155,""bottom"":4706},""time"":1729913605871},{""box"":{""left"":4644,""right"":2771,""top"":5155,""bottom"":4706},""time"":1729913605927},{""box"":{""left"":4644,""right"":2771,""top"":5155,""bottom"":4706},""time"":1729913605948},{""box"":{""left"":4644,""right"":2771,""top"":5155,""bottom"":4706},""time"":1729913606006},{""box"":{""left"":4644,""right"":2771,""top"":5155,""bottom"":4706},""time"":1729913606017},{""box"":{""left"":4644,""right"":2771,""top"":5155,""bottom"":4706},""time"":1729913606068},{""box"":{""left"":4644,""right"":2771,""top"":5155,""bottom"":4706},""time"":1729913606079},{""box"":{""left"":4644,""right"":2771,""top"":5155,""bottom"":4706},""time"":1729913606157},{""box"":{""left"":4644,""right"":2771,""top"":5155,""bottom"":4706},""time"":1729913606247},{""box"":{""left"":4644,""right"":2771,""top"":5155,""bottom"":4706},""time"":1729913606271},{""box"":{""left"":4644,""right"":2771,""top"":5155,""bottom"":4706},""time"":1729913606375},{""box"":{""left"":4644,""right"":2771,""top"":5155,""bottom"":4706},""time"":1729913606440},{""box"":{""left"":4644,""right"":2771,""top"":5155,""bottom"":4706},""time"":1729913606460},{""box"":{""left"":4644,""right"":2771,""top"":5155,""bottom"":4706},""time"":1729913606523},{""box"":{""left"":4644,""right"":2771,""top"":5155,""bottom"":4706},""time"":1729913606554},{""box"":{""left"":4644,""right"":2771,""top"":5155,""bottom"":4706},""time"":1729913606605},{""box"":{""left"":4644,""right"":2771,""top"":5155,""bottom"":4706},""time"":1729913606619},{""box"":{""left"":4644,""right"":2771,""top"":5155,""bottom"":4706},""time"":1729913606704},{""box"":{""left"":4644,""right"":2771,""top"":5155,""bottom"":4706},""time"":1729913606724},{""box"":{""left"":4644,""right"":2771,""top"":5155,""bottom"":4706},""time"":1729913606783},{""box"":{""left"":4644,""right"":2771,""top"":5155,""bottom"":4706},""time"":1729913606815},{""box"":{""left"":4644,""right"":2771,""top"":5155,""bottom"":4706},""time"":1729913606855},{""box"":{""left"":4644,""right"":2771,""top"":5155,""bottom"":4706},""time"":1729913606866},{""box"":{""left"":4644,""right"":2771,""top"":5155,""bottom"":4706},""time"":1729913606917},{""box"":{""left"":4644,""right"":2771,""top"":5155,""bottom"":4706},""time"":1729913606949},{""box"":{""left"":4644,""right"":2771,""top"":5155,""bottom"":4706},""time"":1729913607017},{""box"":{""left"":4644,""right"":2771,""top"":5155,""bottom"":4706},""time"":1729913607030},{""box"":{""left"":4644,""right"":2771,""top"":5155,""bottom"":4706},""time"":1729913607132},{""box"":{""left"":4644,""right"":2771,""top"":5155,""bottom"":4706},""time"":1729913607199},{""box"":{""left"":4644,""right"":2771,""top"":5155,""bottom"":4706},""time"":1729913607240},{""box"":{""left"":4644,""right"":2771,""top"":5155,""bottom"":4706},""time"":1729913607315},{""box"":{""left"":4644,""right"":2771,""top"":5155,""bottom"":4706},""time"":1729913607400},{""box"":{""left"":4644,""right"":2771,""top"":5155,""bottom"":4706},""time"":1729913607484},{""box"":{""left"":4644,""right"":2771,""top"":5155,""bottom"":4706},""time"":1729913607559},{""box"":{""left"":4644,""right"":2771,""top"":5155,""bottom"":4706},""time"":1729913607634},{""box"":{""left"":4644,""right"":2771,""top"":5155,""bottom"":4706},""time"":1729913607707},{""box"":{""left"":4644,""right"":2771,""top"":5155,""bottom"":4706},""time"":1729913607722},{""box"":{""left"":4644,""right"":2771,""top"":5155,""bottom"":4706},""time"":1729913607888},{""box"":{""left"":4644,""right"":2771,""top"":5155,""bottom"":4706},""time"":1729913607930},{""box"":{""left"":4644,""right"":2771,""top"":5155,""bottom"":4706},""time"":1729913608038},{""box"":{""left"":4644,""right"":2771,""top"":5155,""bottom"":4706},""time"":1729913608112},{""box"":{""left"":4644,""right"":2771,""top"":5155,""bottom"":4706},""time"":1729913608144},{""box"":{""left"":4644,""right"":2771,""top"":5155,""bottom"":4706},""time"":1729913608230},{""box"":{""left"":4644,""right"":2771,""top"":5155,""bottom"":4706},""time"":1729913608262},{""box"":{""left"":4644,""right"":2771,""top"":5155,""bottom"":4706},""time"":1729913608358},{""box"":{""left"":4644,""right"":2771,""top"":5155,""bottom"":4706},""time"":1729913608372},{""box"":{""left"":4644,""right"":2771,""top"":5155,""bottom"":4706},""time"":1729913608453},{""box"":{""left"":4644,""right"":2771,""top"":5155,""bottom"":4706},""time"":1729913608485},{""box"":{""left"":4644,""right"":2771,""top"":5155,""bottom"":4706},""time"":1729913608583},{""box"":{""left"":4644,""right"":2771,""top"":5155,""bottom"":4706},""time"":1729913608597},{""box"":{""left"":4644,""right"":2771,""top"":5155,""bottom"":4706},""time"":1729913608696},{""box"":{""left"":4644,""right"":2771,""top"":5155,""bottom"":4706},""time"":1729913608727},{""box"":{""left"":4644,""right"":2771,""top"":5155,""bottom"":4706},""time"":1729913608801},{""box"":{""left"":4644,""right"":2771,""top"":5155,""bottom"":4706},""time"":1729913608815},{""box"":{""left"":4644,""right"":2771,""top"":5155,""bottom"":4706},""time"":1729913608915},{""box"":{""left"":4644,""right"":2771,""top"":5155,""bottom"":4706},""time"":1729913608946},{""box"":{""left"":4644,""right"":2771,""top"":5155,""bottom"":4706},""time"":1729913609044},{""box"":{""left"":4644,""right"":2771,""top"":5155,""bottom"":4706},""time"":1729913609066},{""box"":{""left"":4644,""right"":2771,""top"":5155,""bottom"":4706},""time"":1729913609142},{""box"":{""left"":4644,""right"":2771,""top"":5155,""bottom"":4706},""time"":1729913609156},{""box"":{""left"":4644,""right"":2771,""top"":5155,""bottom"":4706},""time"":1729913609242},{""box"":{""left"":4644,""right"":2771,""top"":5155,""bottom"":4706},""time"":1729913609274},{""box"":{""left"":4644,""right"":2771,""top"":5155,""bottom"":4706},""time"":1729913609372},{""box"":{""left"":4644,""right"":2771,""top"":5155,""bottom"":4706},""time"":1729913609404},{""box"":{""left"":4644,""right"":2771,""top"":5155,""bottom"":4706},""time"":1729913610431},{""box"":{""left"":4644,""right"":2771,""top"":5155,""bottom"":4706},""time"":1729913610452},{""box"":{""left"":4644,""right"":2771,""top"":5155,""bottom"":4706},""time"":1729913610909},{""box"":{""left"":4644,""right"":2771,""top"":5155,""bottom"":4706},""time"":1729913610944},{""box"":{""left"":4644,""right"":2771,""top"":5155,""bottom"":4706},""time"":1729913611021},{""box"":{""left"":4644,""right"":2771,""top"":5155,""bottom"":4706},""time"":1729913611043},{""box"":{""left"":4644,""right"":2771,""top"":5155,""bottom"":4706},""time"":1729913611182},{""box"":{""left"":4644,""right"":2771,""top"":5155,""bottom"":4706},""time"":1729913611213},{""box"":{""left"":4644,""right"":2771,""top"":5155,""bottom"":4706},""time"":1729913611772},{""box"":{""left"":4644,""right"":2771,""top"":5155,""bottom"":4706},""time"":1729913611857},{""box"":{""left"":4644,""right"":2771,""top"":5155,""bottom"":4706},""time"":1729913611942}",,,,,
56931,Person,2024-10-26 12:33:06,2024-10-26 12:33:44,"{""left"":8568,""right"":3542,""top"":8874,""bottom"":5446},{""box"":{""left"":8568,""right"":3542,""top"":8874,""bottom"":5446},""time"":1729913586426},{""box"":{""left"":8568,""right"":3542,""top"":8874,""bottom"":5446},""time"":1729913586512},{""box"":{""left"":8568,""right"":3542,""top"":8874,""bottom"":5446},""time"":1729913586575},{""box"":{""left"":8568,""right"":3542,""top"":8874,""bottom"":5446},""time"":1729913586650},{""box"":{""left"":8568,""right"":3542,""top"":8874,""bottom"":5446},""time"":1729913586783},{""box"":{""left"":8568,""right"":3542,""top"":8874,""bottom"":5446},""time"":1729913586909},{""box"":{""left"":8568,""right"":3542,""top"":8874,""bottom"":5446},""time"":1729913586978},{""box"":{""left"":8568,""right"":3542,""top"":8874,""bottom"":5446},""time"":1729913587650},{""box"":{""left"":8568,""right"":3542,""top"":8874,""bottom"":5446},""time"":1729913587815},{""box"":{""left"":8568,""right"":3542,""top"":8874,""bottom"":5446},""time"":1729913587929},{""box"":{""left"":8568,""right"":3542,""top"":8874,""bottom"":5446},""time"":1729913588042},{""box"":{""left"":8568,""right"":3542,""top"":8874,""bottom"":5446},""time"":1729913588218},{""box"":{""left"":8568,""right"":3542,""top"":8874,""bottom"":5446},""time"":1729913588334},{""box"":{""left"":8568,""right"":3542,""top"":8874,""bottom"":5446},""time"":1729913588446},{""box"":{""left"":8568,""right"":3542,""top"":8874,""bottom"":5446},""time"":1729913588568},{""box"":{""left"":8568,""right"":3542,""top"":8874,""bottom"":5446},""time"":1729913588624},{""box"":{""left"":8568,""right"":3542,""top"":8874,""bottom"":5446},""time"":1729913588743},{""box"":{""left"":8568,""right"":3542,""top"":8874,""bottom"":5446},""time"":1729913588969},{""box"":{""left"":8568,""right"":3542,""top"":8874,""bottom"":5446},""time"":1729913589031},{""box"":{""left"":8568,""right"":3542,""top"":8874,""bottom"":5446},""time"":1729913589143},{""box"":{""left"":8568,""right"":3542,""top"":8874,""bottom"":5446},""time"":1729913589258},{""box"":{""left"":8568,""right"":3542,""top"":8874,""bottom"":5446},""time"":1729913589372},{""box"":{""left"":8568,""right"":3542,""top"":8874,""bottom"":5446},""time"":1729913589475},{""box"":{""left"":8568,""right"":3542,""top"":8874,""bottom"":5446},""time"":1729913589589},{""box"":{""left"":8568,""right"":3542,""top"":8874,""bottom"":5446},""time"":1729913589663},{""box"":{""left"":8568,""right"":3542,""top"":8874,""bottom"":5446},""time"":1729913589719},{""box"":{""left"":8568,""right"":3542,""top"":8874,""bottom"":5446},""time"":1729913589787},{""box"":{""left"":8568,""right"":3542,""top"":8874,""bottom"":5446},""time"":1729913589844},{""box"":{""left"":8568,""right"":3542,""top"":8874,""bottom"":5446},""time"":1729913589912},{""box"":{""left"":8568,""right"":3542,""top"":8874,""bottom"":5446},""time"":1729913589980},{""box"":{""left"":8568,""right"":3542,""top"":8874,""bottom"":5446},""time"":1729913590048},{""box"":{""left"":8568,""right"":3542,""top"":8874,""bottom"":5446},""time"":1729913590115},{""box"":{""left"":8568,""right"":3542,""top"":8874,""bottom"":5446},""time"":1729913590172},{""box"":{""left"":8568,""right"":3542,""top"":8874,""bottom"":5446},""time"":1729913590230},{""box"":{""left"":8568,""right"":3542,""top"":8874,""bottom"":5446},""time"":1729913590286},{""box"":{""left"":8568,""right"":3542,""top"":8874,""bottom"":5446},""time"":1729913590343},{""box"":{""left"":8568,""right"":3542,""top"":8874,""bottom"":5446},""time"":1729913590454},{""box"":{""left"":8568,""right"":3542,""top"":8874,""bottom"":5446},""time"":1729913590510},{""box"":{""left"":8568,""right"":3542,""top"":8874,""bottom"":5446},""time"":1729913590578},{""box"":{""left"":8568,""right"":3542,""top"":8874,""bottom"":5446},""time"":1729913590634},{""box"":{""left"":8568,""right"":3542,""top"":8874,""bottom"":5446},""time"":1729913590736},{""box"":{""left"":8568,""right"":3542,""top"":8874,""bottom"":5446},""time"":1729913590793},{""box"":{""left"":8568,""right"":3542,""top"":8874,""bottom"":5446},""time"":1729913590861},{""box"":{""left"":8568,""right"":3542,""top"":8874,""bottom"":5446},""time"":1729913590917},{""box"":{""left"":8568,""right"":3542,""top"":8874,""bottom"":5446},""time"":1729913590985},{""box"":{""left"":8568,""right"":3542,""top"":8874,""bottom"":5446},""time"":1729913591053},{""box"":{""left"":8568,""right"":3542,""top"":8874,""bottom"":5446},""time"":1729913591109},{""box"":{""left"":8568,""right"":3542,""top"":8874,""bottom"":5446},""time"":1729913591177},{""box"":{""left"":8568,""right"":3542,""top"":8874,""bottom"":5446},""time"":1729913591245},{""box"":{""left"":8568,""right"":3542,""top"":8874,""bottom"":5446},""time"":1729913591313},{""box"":{""left"":8568,""right"":3542,""top"":8874,""bottom"":5446},""time"":1729913591382},{""box"":{""left"":8568,""right"":3542,""top"":8874,""bottom"":5446},""time"":1729913591449},{""box"":{""left"":8568,""right"":3542,""top"":8874,""bottom"":5446},""time"":1729913591518},{""box"":{""left"":8568,""right"":3542,""top"":8874,""bottom"":5446},""time"":1729913591574},{""box"":{""left"":8568,""right"":3542,""top"":8874,""bottom"":5446},""time"":1729913591630},{""box"":{""left"":8568,""right"":3542,""top"":8874,""bottom"":5446},""time"":1729913591696},{""box"":{""left"":8568,""right"":3542,""top"":8874,""bottom"":5446},""time"":1729913592090},{""box"":{""left"":8568,""right"":3542,""top"":8874,""bottom"":5446},""time"":1729913592144},{""box"":{""left"":8568,""right"":3542,""top"":8874,""bottom"":5446},""time"":1729913592205},{""box"":{""left"":8568,""right"":3542,""top"":8874,""bottom"":5446},""time"":1729913592248},{""box"":{""left"":8568,""right"":3542,""top"":8874,""bottom"":5446},""time"":1729913592310},{""box"":{""left"":8568,""right"":3542,""top"":8874,""bottom"":5446},""time"":1729913592360},{""box"":{""left"":8568,""right"":3542,""top"":8874,""bottom"":5446},""time"":1729913592431},{""box"":{""left"":8568,""right"":3542,""top"":8874,""bottom"":5446},""time"":1729913592481},{""box"":{""left"":8568,""right"":3542,""top"":8874,""bottom"":5446},""time"":1729913592532},{""box"":{""left"":8568,""right"":3542,""top"":8874,""bottom"":5446},""time"":1729913592595},{""box"":{""left"":8568,""right"":3542,""top"":8874,""bottom"":5446},""time"":1729913592656},{""box"":{""left"":8568,""right"":3542,""top"":8874,""bottom"":5446},""time"":1729913592700},{""box"":{""left"":8568,""right"":3542,""top"":8874,""bottom"":5446},""time"":1729913592760},{""box"":{""left"":8568,""right"":3542,""top"":8874,""bottom"":5446},""time"":1729913592810},{""box"":{""left"":8568,""right"":3542,""top"":8874,""bottom"":5446},""time"":1729913592871},{""box"":{""left"":8568,""right"":3542,""top"":8874,""bottom"":5446},""time"":1729913592923},{""box"":{""left"":8568,""right"":3542,""top"":8874,""bottom"":5446},""time"":1729913592985},{""box"":{""left"":8568,""right"":3542,""top"":8874,""bottom"":5446},""time"":1729913593045},{""box"":{""left"":8568,""right"":3542,""top"":8874,""bottom"":5446},""time"":1729913593096},{""box"":{""left"":8568,""right"":3542,""top"":8874,""bottom"":5446},""time"":1729913593147},{""box"":{""left"":8568,""right"":3542,""top"":8874,""bottom"":5446},""time"":1729913593209},{""box"":{""left"":8568,""right"":3542,""top"":8874,""bottom"":5446},""time"":1729913593270},{""box"":{""left"":8568,""right"":3542,""top"":8874,""bottom"":5446},""time"":1729913593321},{""box"":{""left"":8568,""right"":3542,""top"":8874,""bottom"":5446},""time"":1729913593384},{""box"":{""left"":8568,""right"":3542,""top"":8874,""bottom"":5446},""time"":1729913593444},{""box"":{""left"":8568,""right"":3542,""top"":8874,""bottom"":5446},""time"":1729913593495},{""box"":{""left"":8568,""right"":3542,""top"":8874,""bottom"":5446},""time"":1729913593556},{""box"":{""left"":8568,""right"":3542,""top"":8874,""bottom"":5446},""time"":1729913593609},{""box"":{""left"":8568,""right"":3542,""top"":8874,""bottom"":5446},""time"":1729913593669},{""box"":{""left"":8568,""right"":3542,""top"":8874,""bottom"":5446},""time"":1729913593730},{""box"":{""left"":8568,""right"":3542,""top"":8874,""bottom"":5446},""time"":1729913593781},{""box"":{""left"":8568,""right"":3542,""top"":8874,""bottom"":5446},""time"":1729913593842},{""box"":{""left"":8568,""right"":3542,""top"":8874,""bottom"":5446},""time"":1729913593895},{""box"":{""left"":8568,""right"":3542,""top"":8874,""bottom"":5446},""time"":1729913593956},{""box"":{""left"":8568,""right"":3542,""top"":8874,""bottom"":5446},""time"":1729913594007},{""box"":{""left"":8568,""right"":3542,""top"":8874,""bottom"":5446},""time"":1729913594069},{""box"":{""left"":8568,""right"":3542,""top"":8874,""bottom"":5446},""time"":1729913594130},{""box"":{""left"":8568,""right"":3542,""top"":8874,""bottom"":5446},""time"":1729913594182},{""box"":{""left"":8568,""right"":3542,""top"":8874,""bottom"":5446},""time"":1729913594242},{""box"":{""left"":8568,""right"":3542,""top"":8874,""bottom"":5446},""time"":1729913594292},{""box"":{""left"":8568,""right"":3542,""top"":8874,""bottom"":5446},""time"":1729913594344},{""box"":{""left"":8568,""right"":3542,""top"":8874,""bottom"":5446},""time"":1729913594405},{""box"":{""left"":8568,""right"":3542,""top"":8874,""bottom"":5446},""time"":1729913594466},{""box"":{""left"":8568,""right"":3542,""top"":8874,""bottom"":5446},""time"":1729913594518},{""box"":{""left"":8568,""right"":3542,""top"":8874,""bottom"":5446},""time"":1729913594589},{""box"":{""left"":8568,""right"":3542,""top"":8874,""bottom"":5446},""time"":1729913594639},{""box"":{""left"":8568,""right"":3542,""top"":8874,""bottom"":5446},""time"":1729913594700},{""box"":{""left"":8568,""right"":3542,""top"":8874,""bottom"":5446},""time"":1729913594752},{""box"":{""left"":8568,""right"":3542,""top"":8874,""bottom"":5446},""time"":1729913594814},{""box"":{""left"":8568,""right"":3542,""top"":8874,""bottom"":5446},""time"":1729913594866},{""box"":{""left"":8568,""right"":3542,""top"":8874,""bottom"":5446},""time"":1729913594932},{""box"":{""left"":8568,""right"":3542,""top"":8874,""bottom"":5446},""time"":1729913594981},{""box"":{""left"":8568,""right"":3542,""top"":8874,""bottom"":5446},""time"":1729913595042},{""box"":{""left"":8568,""right"":3542,""top"":8874,""bottom"":5446},""time"":1729913595094},{""box"":{""left"":8568,""right"":3542,""top"":8874,""bottom"":5446},""time"":1729913595146},{""box"":{""left"":8568,""right"":3542,""top"":8874,""bottom"":5446},""time"":1729913595207},{""box"":{""left"":8568,""right"":3542,""top"":8874,""bottom"":5446},""time"":1729913595300},{""box"":{""left"":8568,""right"":3542,""top"":8874,""bottom"":5446},""time"":1729913595319},{""box"":{""left"":8568,""right"":3542,""top"":8874,""bottom"":5446},""time"":1729913595361},{""box"":{""left"":8568,""right"":3542,""top"":8874,""bottom"":5446},""time"":1729913595371},{""box"":{""left"":8568,""right"":3542,""top"":8874,""bottom"":5446},""time"":1729913595415},{""box"":{""left"":8568,""right"":3542,""top"":8874,""bottom"":5446},""time"":1729913595424},{""box"":{""left"":8568,""right"":3542,""top"":8874,""bottom"":5446},""time"":1729913595474},{""box"":{""left"":8568,""right"":3542,""top"":8874,""bottom"":5446},""time"":1729913595483},{""box"":{""left"":8568,""right"":3542,""top"":8874,""bottom"":5446},""time"":1729913595527},{""box"":{""left"":8568,""right"":3542,""top"":8874,""bottom"":5446},""time"":1729913595536},{""box"":{""left"":8568,""right"":3542,""top"":8874,""bottom"":5446},""time"":1729913595607},{""box"":{""left"":8568,""right"":3542,""top"":8874,""bottom"":5446},""time"":1729913595657},{""box"":{""left"":8568,""right"":3542,""top"":8874,""bottom"":5446},""time"":1729913595708},{""box"":{""left"":8568,""right"":3542,""top"":8874,""bottom"":5446},""time"":1729913595769},{""box"":{""left"":8568,""right"":3542,""top"":8874,""bottom"":5446},""time"":1729913595834},{""box"":{""left"":8568,""right"":3542,""top"":8874,""bottom"":5446},""time"":1729913595885},{""box"":{""left"":8568,""right"":3542,""top"":8874,""bottom"":5446},""time"":1729913595903},{""box"":{""left"":8568,""right"":3542,""top"":8874,""bottom"":5446},""time"":1729913595950},{""box"":{""left"":8568,""right"":3542,""top"":8874,""bottom"":5446},""time"":1729913595989},{""box"":{""left"":8568,""right"":3542,""top"":8874,""bottom"":5446},""time"":1729913595998},{""box"":{""left"":8568,""right"":3542,""top"":8874,""bottom"":5446},""time"":1729913596040},{""box"":{""left"":8568,""right"":3542,""top"":8874,""bottom"":5446},""time"":1729913596094},{""box"":{""left"":8568,""right"":3542,""top"":8874,""bottom"":5446},""time"":1729913596103},{""box"":{""left"":8568,""right"":3542,""top"":8874,""bottom"":5446},""time"":1729913596172},{""box"":{""left"":8568,""right"":3542,""top"":8874,""bottom"":5446},""time"":1729913596224},{""box"":{""left"":8568,""right"":3542,""top"":8874,""bottom"":5446},""time"":1729913596265},{""box"":{""left"":8568,""right"":3542,""top"":8874,""bottom"":5446},""time"":1729913596284},{""box"":{""left"":8568,""right"":3542,""top"":8874,""bottom"":5446},""time"":1729913596335},{""box"":{""left"":8568,""right"":3542,""top"":8874,""bottom"":5446},""time"":1729913596768},{""box"":{""left"":8568,""right"":3542,""top"":8874,""bottom"":5446},""time"":1729913596787},{""box"":{""left"":8568,""right"":3542,""top"":8874,""bottom"":5446},""time"":1729913596819},{""box"":{""left"":8568,""right"":3542,""top"":8874,""bottom"":5446},""time"":1729913596838},{""box"":{""left"":8568,""right"":3542,""top"":8874,""bottom"":5446},""time"":1729913596880},{""box"":{""left"":8568,""right"":3542,""top"":8874,""bottom"":5446},""time"":1729913596899},{""box"":{""left"":8568,""right"":3542,""top"":8874,""bottom"":5446},""time"":1729913596953},{""box"":{""left"":8568,""right"":3542,""top"":8874,""bottom"":5446},""time"":1729913597302},{""box"":{""left"":8568,""right"":3542,""top"":8874,""bottom"":5446},""time"":1729913597356},{""box"":{""left"":8568,""right"":3542,""top"":8874,""bottom"":5446},""time"":1729913597460},{""box"":{""left"":8568,""right"":3542,""top"":8874,""bottom"":5446},""time"":1729913597479},{""box"":{""left"":8568,""right"":3542,""top"":8874,""bottom"":5446},""time"":1729913597527},{""box"":{""left"":8568,""right"":3542,""top"":8874,""bottom"":5446},""time"":1729913597546},{""box"":{""left"":8568,""right"":3542,""top"":8874,""bottom"":5446},""time"":1729913597593},{""box"":{""left"":8568,""right"":3542,""top"":8874,""bottom"":5446},""time"":1729913597641},{""box"":{""left"":8568,""right"":3542,""top"":8874,""bottom"":5446},""time"":1729913597660},{""box"":{""left"":8568,""right"":3542,""top"":8874,""bottom"":5446},""time"":1729913597717},{""box"":{""left"":8568,""right"":3542,""top"":8874,""bottom"":5446},""time"":1729913597774},{""box"":{""left"":8568,""right"":3542,""top"":8874,""bottom"":5446},""time"":1729913597822},{""box"":{""left"":8568,""right"":3542,""top"":8874,""bottom"":5446},""time"":1729913597842},{""box"":{""left"":8568,""right"":3542,""top"":8874,""bottom"":5446},""time"":1729913597904},{""box"":{""left"":8568,""right"":3542,""top"":8874,""bottom"":5446},""time"":1729913597963},{""box"":{""left"":8568,""right"":3542,""top"":8874,""bottom"":5446},""time"":1729913598021},{""box"":{""left"":8568,""right"":3542,""top"":8874,""bottom"":5446},""time"":1729913598096},{""box"":{""left"":8568,""right"":3542,""top"":8874,""bottom"":5446},""time"":1729913598150},{""box"":{""left"":8568,""right"":3542,""top"":8874,""bottom"":5446},""time"":1729913598202},{""box"":{""left"":8568,""right"":3542,""top"":8874,""bottom"":5446},""time"":1729913598221},{""box"":{""left"":8568,""right"":3542,""top"":8874,""bottom"":5446},""time"":1729913598317},{""box"":{""left"":8568,""right"":3542,""top"":8874,""bottom"":5446},""time"":1729913598336},{""box"":{""left"":8568,""right"":3542,""top"":8874,""bottom"":5446},""time"":1729913598410},{""box"":{""left"":8568,""right"":3542,""top"":8874,""bottom"":5446},""time"":1729913598461},{""box"":{""left"":8568,""right"":3542,""top"":8874,""bottom"":5446},""time"":1729913598481},{""box"":{""left"":8568,""right"":3542,""top"":8874,""bottom"":5446},""time"":1729913598545},{""box"":{""left"":8568,""right"":3542,""top"":8874,""bottom"":5446},""time"":1729913598564},{""box"":{""left"":8568,""right"":3542,""top"":8874,""bottom"":5446},""time"":1729913598637},{""box"":{""left"":8568,""right"":3542,""top"":8874,""bottom"":5446},""time"":1729913598688},{""box"":{""left"":8568,""right"":3542,""top"":8874,""bottom"":5446},""time"":1729913598708},{""box"":{""left"":8568,""right"":3542,""top"":8874,""bottom"":5446},""time"":1729913598781},{""box"":{""left"":8568,""right"":3542,""top"":8874,""bottom"":5446},""time"":1729913598821},{""box"":{""left"":8568,""right"":3542,""top"":8874,""bottom"":5446},""time"":1729913598840},{""box"":{""left"":8568,""right"":3542,""top"":8874,""bottom"":5446},""time"":1729913598912},{""box"":{""left"":8568,""right"":3542,""top"":8874,""bottom"":5446},""time"":1729913598972},{""box"":{""left"":8568,""right"":3542,""top"":8874,""bottom"":5446},""time"":1729913599032},{""box"":{""left"":8568,""right"":3542,""top"":8874,""bottom"":5446},""time"":1729913599081},{""box"":{""left"":8568,""right"":3542,""top"":8874,""bottom"":5446},""time"":1729913599132},{""box"":{""left"":8568,""right"":3542,""top"":8874,""bottom"":5446},""time"":1729913599151},{""box"":{""left"":8568,""right"":3542,""top"":8874,""bottom"":5446},""time"":1729913599213},{""box"":{""left"":8568,""right"":3542,""top"":8874,""bottom"":5446},""time"":1729913599233},{""box"":{""left"":8568,""right"":3542,""top"":8874,""bottom"":5446},""time"":1729913599309},{""box"":{""left"":8568,""right"":3542,""top"":8874,""bottom"":5446},""time"":1729913599413},{""box"":{""left"":8568,""right"":3542,""top"":8874,""bottom"":5446},""time"":1729913599494},{""box"":{""left"":8568,""right"":3542,""top"":8874,""bottom"":5446},""time"":1729913599576},{""box"":{""left"":8568,""right"":3542,""top"":8874,""bottom"":5446},""time"":1729913599657},{""box"":{""left"":8568,""right"":3542,""top"":8874,""bottom"":5446},""time"":1729913599719},{""box"":{""left"":8568,""right"":3542,""top"":8874,""bottom"":5446},""time"":1729913599738},{""box"":{""left"":8568,""right"":3542,""top"":8874,""bottom"":5446},""time"":1729913599787},{""box"":{""left"":8568,""right"":3542,""top"":8874,""bottom"":5446},""time"":1729913599816},{""box"":{""left"":8568,""right"":3542,""top"":8874,""bottom"":5446},""time"":1729913599897},{""box"":{""left"":8568,""right"":3542,""top"":8874,""bottom"":5446},""time"":1729913599992},{""box"":{""left"":8568,""right"":3542,""top"":8874,""bottom"":5446},""time"":1729913600021},{""box"":{""left"":8568,""right"":3542,""top"":8874,""bottom"":5446},""time"":1729913600040},{""box"":{""left"":8568,""right"":3542,""top"":8874,""bottom"":5446},""time"":1729913600100},{""box"":{""left"":8568,""right"":3542,""top"":8874,""bottom"":5446},""time"":1729913600163},{""box"":{""left"":8568,""right"":3542,""top"":8874,""bottom"":5446},""time"":1729913600230},{""box"":{""left"":8568,""right"":3542,""top"":8874,""bottom"":5446},""time"":1729913600290},{""box"":{""left"":8568,""right"":3542,""top"":8874,""bottom"":5446},""time"":1729913600334},{""box"":{""left"":8568,""right"":3542,""top"":8874,""bottom"":5446},""time"":1729913600354},{""box"":{""left"":8568,""right"":3542,""top"":8874,""bottom"":5446},""time"":1729913600428},{""box"":{""left"":8568,""right"":3542,""top"":8874,""bottom"":5446},""time"":1729913600501},{""box"":{""left"":8568,""right"":3542,""top"":8874,""bottom"":5446},""time"":1729913600564},{""box"":{""left"":8568,""right"":3542,""top"":8874,""bottom"":5446},""time"":1729913600583},{""box"":{""left"":8568,""right"":3542,""top"":8874,""bottom"":5446},""time"":1729913600633},{""box"":{""left"":8568,""right"":3542,""top"":8874,""bottom"":5446},""time"":1729913600694},{""box"":{""left"":8568,""right"":3542,""top"":8874,""bottom"":5446},""time"":1729913600754},{""box"":{""left"":8568,""right"":3542,""top"":8874,""bottom"":5446},""time"":1729913600814},{""box"":{""left"":8568,""right"":3542,""top"":8874,""bottom"":5446},""time"":1729913600874},{""box"":{""left"":8568,""right"":3542,""top"":8874,""bottom"":5446},""time"":1729913600934},{""box"":{""left"":8568,""right"":3542,""top"":8874,""bottom"":5446},""time"":1729913600983},{""box"":{""left"":8568,""right"":3542,""top"":8874,""bottom"":5446},""time"":1729913601002},{""box"":{""left"":8568,""right"":3542,""top"":8874,""bottom"":5446},""time"":1729913601075},{""box"":{""left"":8568,""right"":3542,""top"":8874,""bottom"":5446},""time"":1729913601165},{""box"":{""left"":8568,""right"":3542,""top"":8874,""bottom"":5446},""time"":1729913601225},{""box"":{""left"":8568,""right"":3542,""top"":8874,""bottom"":5446},""time"":1729913601294},{""box"":{""left"":8568,""right"":3542,""top"":8874,""bottom"":5446},""time"":1729913601359},{""box"":{""left"":8568,""right"":3542,""top"":8874,""bottom"":5446},""time"":1729913601436},{""box"":{""left"":8568,""right"":3542,""top"":8874,""bottom"":5446},""time"":1729913601514},{""box"":{""left"":8568,""right"":3542,""top"":8874,""bottom"":5446},""time"":1729913601593},{""box"":{""left"":8568,""right"":3542,""top"":8874,""bottom"":5446},""time"":1729913601736},{""box"":{""left"":8568,""right"":3542,""top"":8874,""bottom"":5446},""time"":1729913601819},{""box"":{""left"":8568,""right"":3542,""top"":8874,""bottom"":5446},""time"":1729913601839},{""box"":{""left"":8568,""right"":3542,""top"":8874,""bottom"":5446},""time"":1729913602062},{""box"":{""left"":8568,""right"":3542,""top"":8874,""bottom"":5446},""time"":1729913602160},{""box"":{""left"":8568,""right"":3542,""top"":8874,""bottom"":5446},""time"":1729913602301},{""box"":{""left"":8568,""right"":3542,""top"":8874,""bottom"":5446},""time"":1729913602423},{""box"":{""left"":8568,""right"":3542,""top"":8874,""bottom"":5446},""time"":1729913602511},{""box"":{""left"":8568,""right"":3542,""top"":8874,""bottom"":5446},""time"":1729913602591},{""box"":{""left"":8568,""right"":3542,""top"":8874,""bottom"":5446},""time"":1729913602704},{""box"":{""left"":8568,""right"":3542,""top"":8874,""bottom"":5446},""time"":1729913602762},{""box"":{""left"":8568,""right"":3542,""top"":8874,""bottom"":5446},""time"":1729913602871},{""box"":{""left"":8568,""right"":3542,""top"":8874,""bottom"":5446},""time"":1729913602891},{""box"":{""left"":8568,""right"":3542,""top"":8874,""bottom"":5446},""time"":1729913602943},{""box"":{""left"":8568,""right"":3542,""top"":8874,""bottom"":5446},""time"":1729913602973},{""box"":{""left"":8568,""right"":3542,""top"":8874,""bottom"":5446},""time"":1729913603060},{""box"":{""left"":8568,""right"":3542,""top"":8874,""bottom"":5446},""time"":1729913603160},{""box"":{""left"":8568,""right"":3542,""top"":8874,""bottom"":5446},""time"":1729913603242},{""box"":{""left"":8568,""right"":3542,""top"":8874,""bottom"":5446},""time"":1729913603306},{""box"":{""left"":8568,""right"":3542,""top"":8874,""bottom"":5446},""time"":1729913603402},{""box"":{""left"":8568,""right"":3542,""top"":8874,""bottom"":5446},""time"":1729913603461},{""box"":{""left"":8568,""right"":3542,""top"":8874,""bottom"":5446},""time"":1729913603491},{""box"":{""left"":8568,""right"":3542,""top"":8874,""bottom"":5446},""time"":1729913603557},{""box"":{""left"":8568,""right"":3542,""top"":8874,""bottom"":5446},""time"":1729913603623},{""box"":{""left"":8568,""right"":3542,""top"":8874,""bottom"":5446},""time"":1729913603689},{""box"":{""left"":8568,""right"":3542,""top"":8874,""bottom"":5446},""time"":1729913603755},{""box"":{""left"":8568,""right"":3542,""top"":8874,""bottom"":5446},""time"":1729913603814},{""box"":{""left"":8568,""right"":3542,""top"":8874,""bottom"":5446},""time"":1729913603880},{""box"":{""left"":8568,""right"":3542,""top"":8874,""bottom"":5446},""time"":1729913603939},{""box"":{""left"":8568,""right"":3542,""top"":8874,""bottom"":5446},""time"":1729913604005},{""box"":{""left"":8568,""right"":3542,""top"":8874,""bottom"":5446},""time"":1729913604072},{""box"":{""left"":8568,""right"":3542,""top"":8874,""bottom"":5446},""time"":1729913604130},{""box"":{""left"":8568,""right"":3542,""top"":8874,""bottom"":5446},""time"":1729913604187},{""box"":{""left"":8568,""right"":3542,""top"":8874,""bottom"":5446},""time"":1729913604228},{""box"":{""left"":8568,""right"":3542,""top"":8874,""bottom"":5446},""time"":1729913604328},{""box"":{""left"":8568,""right"":3542,""top"":8874,""bottom"":5446},""time"":1729913604393},{""box"":{""left"":8568,""right"":3542,""top"":8874,""bottom"":5446},""time"":1729913604496},{""box"":{""left"":8568,""right"":3542,""top"":8874,""bottom"":5446},""time"":1729913604600},{""box"":{""left"":8568,""right"":3542,""top"":8874,""bottom"":5446},""time"":1729913604713},{""box"":{""left"":8568,""right"":3542,""top"":8874,""bottom"":5446},""time"":1729913604815},{""box"":{""left"":8568,""right"":3542,""top"":8874,""bottom"":5446},""time"":1729913604916},{""box"":{""left"":8568,""right"":3542,""top"":8874,""bottom"":5446},""time"":1729913604986},{""box"":{""left"":8568,""right"":3542,""top"":8874,""bottom"":5446},""time"":1729913605059},{""box"":{""left"":8568,""right"":3542,""top"":8874,""bottom"":5446},""time"":1729913605089},{""box"":{""left"":8568,""right"":3542,""top"":8874,""bottom"":5446},""time"":1729913605155},{""box"":{""left"":8568,""right"":3542,""top"":8874,""bottom"":5446},""time"":1729913605240},{""box"":{""left"":8568,""right"":3542,""top"":8874,""bottom"":5446},""time"":1729913605310},{""box"":{""left"":8568,""right"":3542,""top"":8874,""bottom"":5446},""time"":1729913605403},{""box"":{""left"":8568,""right"":3542,""top"":8874,""bottom"":5446},""time"":1729913605478},{""box"":{""left"":8568,""right"":3542,""top"":8874,""bottom"":5446},""time"":1729913605563},{""box"":{""left"":8568,""right"":3542,""top"":8874,""bottom"":5446},""time"":1729913605629},{""box"":{""left"":8568,""right"":3542,""top"":8874,""bottom"":5446},""time"":1729913605688},{""box"":{""left"":8568,""right"":3542,""top"":8874,""bottom"":5446},""time"":1729913605754},{""box"":{""left"":8568,""right"":3542,""top"":8874,""bottom"":5446},""time"":1729913605882},{""box"":{""left"":8568,""right"":3542,""top"":8874,""bottom"":5446},""time"":1729913605958},{""box"":{""left"":8568,""right"":3542,""top"":8874,""bottom"":5446},""time"":1729913606027},{""box"":{""left"":8568,""right"":3542,""top"":8874,""bottom"":5446},""time"":1729913606089},{""box"":{""left"":8568,""right"":3542,""top"":8874,""bottom"":5446},""time"":1729913606167},{""box"":{""left"":8568,""right"":3542,""top"":8874,""bottom"":5446},""time"":1729913606281},{""box"":{""left"":8568,""right"":3542,""top"":8874,""bottom"":5446},""time"":1729913606385},{""box"":{""left"":8568,""right"":3542,""top"":8874,""bottom"":5446},""time"":1729913606471},{""box"":{""left"":8568,""right"":3542,""top"":8874,""bottom"":5446},""time"":1729913606534},{""box"":{""left"":8568,""right"":3542,""top"":8874,""bottom"":5446},""time"":1729913606564},{""box"":{""left"":8568,""right"":3542,""top"":8874,""bottom"":5446},""time"":1729913606629},{""box"":{""left"":8568,""right"":3542,""top"":8874,""bottom"":5446},""time"":1729913606734},{""box"":{""left"":8568,""right"":3542,""top"":8874,""bottom"":5446},""time"":1729913606793},{""box"":{""left"":8568,""right"":3542,""top"":8874,""bottom"":5446},""time"":1729913606825},{""box"":{""left"":8568,""right"":3542,""top"":8874,""bottom"":5446},""time"":1729913606876},{""box"":{""left"":8568,""right"":3542,""top"":8874,""bottom"":5446},""time"":1729913606959},{""box"":{""left"":8568,""right"":3542,""top"":8874,""bottom"":5446},""time"":1729913607040},{""box"":{""left"":8568,""right"":3542,""top"":8874,""bottom"":5446},""time"":1729913607143},{""box"":{""left"":8568,""right"":3542,""top"":8874,""bottom"":5446},""time"":1729913607210},{""box"":{""left"":8568,""right"":3542,""top"":8874,""bottom"":5446},""time"":1729913607250},{""box"":{""left"":8568,""right"":3542,""top"":8874,""bottom"":5446},""time"":1729913607325},{""box"":{""left"":8568,""right"":3542,""top"":8874,""bottom"":5446},""time"":1729913607410},{""box"":{""left"":8568,""right"":3542,""top"":8874,""bottom"":5446},""time"":1729913607494},{""box"":{""left"":8568,""right"":3542,""top"":8874,""bottom"":5446},""time"":1729913607569},{""box"":{""left"":8568,""right"":3542,""top"":8874,""bottom"":5446},""time"":1729913607644},{""box"":{""left"":8568,""right"":3542,""top"":8874,""bottom"":5446},""time"":1729913607732},{""box"":{""left"":8568,""right"":3542,""top"":8874,""bottom"":5446},""time"":1729913607816},{""box"":{""left"":8568,""right"":3542,""top"":8874,""bottom"":5446},""time"":1729913607899},{""box"":{""left"":8568,""right"":3542,""top"":8874,""bottom"":5446},""time"":1729913607940},{""box"":{""left"":8568,""right"":3542,""top"":8874,""bottom"":5446},""time"":1729913608016},{""box"":{""left"":8568,""right"":3542,""top"":8874,""bottom"":5446},""time"":1729913608050},{""box"":{""left"":8568,""right"":3542,""top"":8874,""bottom"":5446},""time"":1729913608123},{""box"":{""left"":8568,""right"":3542,""top"":8874,""bottom"":5446},""time"":1729913608154},{""box"":{""left"":8568,""right"":3542,""top"":8874,""bottom"":5446},""time"":1729913608272},{""box"":{""left"":8568,""right"":3542,""top"":8874,""bottom"":5446},""time"":1729913608382},{""box"":{""left"":8568,""right"":3542,""top"":8874,""bottom"":5446},""time"":1729913608464},{""box"":{""left"":8568,""right"":3542,""top"":8874,""bottom"":5446},""time"":1729913608495},{""box"":{""left"":8568,""right"":3542,""top"":8874,""bottom"":5446},""time"":1729913608608},{""box"":{""left"":8568,""right"":3542,""top"":8874,""bottom"":5446},""time"":1729913608737},{""box"":{""left"":8568,""right"":3542,""top"":8874,""bottom"":5446},""time"":1729913608824},{""box"":{""left"":8568,""right"":3542,""top"":8874,""bottom"":5446},""time"":1729913608956},{""box"":{""left"":8568,""right"":3542,""top"":8874,""bottom"":5446},""time"":1729913609076},{""box"":{""left"":8568,""right"":3542,""top"":8874,""bottom"":5446},""time"":1729913609166},{""box"":{""left"":8568,""right"":3542,""top"":8874,""bottom"":5446},""time"":1729913609253},{""box"":{""left"":8568,""right"":3542,""top"":8874,""bottom"":5446},""time"":1729913609284},{""box"":{""left"":8568,""right"":3542,""top"":8874,""bottom"":5446},""time"":1729913609383},{""box"":{""left"":8568,""right"":3542,""top"":8874,""bottom"":5446},""time"":1729913609414},{""box"":{""left"":8568,""right"":3542,""top"":8874,""bottom"":5446},""time"":1729913609503},{""box"":{""left"":8568,""right"":3542,""top"":8874,""bottom"":5446},""time"":1729913609523},{""box"":{""left"":8568,""right"":3542,""top"":8874,""bottom"":5446},""time"":1729913609613},{""box"":{""left"":8568,""right"":3542,""top"":8874,""bottom"":5446},""time"":1729913609660},{""box"":{""left"":8568,""right"":3542,""top"":8874,""bottom"":5446},""time"":1729913609721},{""box"":{""left"":8568,""right"":3542,""top"":8874,""bottom"":5446},""time"":1729913609743},{""box"":{""left"":8568,""right"":3542,""top"":8874,""bottom"":5446},""time"":1729913609816},{""box"":{""left"":8568,""right"":3542,""top"":8874,""bottom"":5446},""time"":1729913609889},{""box"":{""left"":8568,""right"":3542,""top"":8874,""bottom"":5446},""time"":1729913609911},{""box"":{""left"":8568,""right"":3542,""top"":8874,""bottom"":5446},""time"":1729913609985},{""box"":{""left"":8568,""right"":3542,""top"":8874,""bottom"":5446},""time"":1729913610044},{""box"":{""left"":8568,""right"":3542,""top"":8874,""bottom"":5446},""time"":1729913610076},{""box"":{""left"":8568,""right"":3542,""top"":8874,""bottom"":5446},""time"":1729913610123},{""box"":{""left"":8568,""right"":3542,""top"":8874,""bottom"":5446},""time"":1729913610144},{""box"":{""left"":8568,""right"":3542,""top"":8874,""bottom"":5446},""time"":1729913610549},{""box"":{""left"":8568,""right"":3542,""top"":8874,""bottom"":5446},""time"":1729913610681},{""box"":{""left"":8568,""right"":3542,""top"":8874,""bottom"":5446},""time"":1729913610701},{""box"":{""left"":8568,""right"":3542,""top"":8874,""bottom"":5446},""time"":1729913610797},{""box"":{""left"":8568,""right"":3542,""top"":8874,""bottom"":5446},""time"":1729913610829},{""box"":{""left"":8568,""right"":3542,""top"":8874,""bottom"":5446},""time"":1729913610920},{""box"":{""left"":8568,""right"":3542,""top"":8874,""bottom"":5446},""time"":1729913610954},{""box"":{""left"":8568,""right"":3542,""top"":8874,""bottom"":5446},""time"":1729913611053},{""box"":{""left"":8568,""right"":3542,""top"":8874,""bottom"":5446},""time"":1729913611398},{""box"":{""left"":8568,""right"":3542,""top"":8874,""bottom"":5446},""time"":1729913611496},{""box"":{""left"":8568,""right"":3542,""top"":8874,""bottom"":5446},""time"":1729913611592},{""box"":{""left"":8568,""right"":3542,""top"":8874,""bottom"":5446},""time"":1729913611681},{""box"":{""left"":8568,""right"":3542,""top"":8874,""bottom"":5446},""time"":1729913611782},{""box"":{""left"":8568,""right"":3542,""top"":8874,""bottom"":5446},""time"":1729913611867},{""box"":{""left"":8568,""right"":3542,""top"":8874,""bottom"":5446},""time"":1729913611952},{""box"":{""left"":8568,""right"":3542,""top"":8874,""bottom"":5446},""time"":1729913612018},{""box"":{""left"":8568,""right"":3542,""top"":8874,""bottom"":5446},""time"":1729913612093},{""box"":{""left"":8568,""right"":3542,""top"":8874,""bottom"":5446},""time"":1729913612115},{""box"":{""left"":8568,""right"":3542,""top"":8874,""bottom"":5446},""time"":1729913612187},{""box"":{""left"":8568,""right"":3542,""top"":8874,""bottom"":5446},""time"":1729913612220},{""box"":{""left"":8568,""right"":3542,""top"":8874,""bottom"":5446},""time"":1729913612294},{""box"":{""left"":8568,""right"":3542,""top"":8874,""bottom"":5446},""time"":1729913612316},{""box"":{""left"":8568,""right"":3542,""top"":8874,""bottom"":5446},""time"":1729913612410},{""box"":{""left"":8568,""right"":3542,""top"":8874,""bottom"":5446},""time"":1729913612431},{""box"":{""left"":8568,""right"":3542,""top"":8874,""bottom"":5446},""time"":1729913612518},{""box"":{""left"":8568,""right"":3542,""top"":8874,""bottom"":5446},""time"":1729913612539},{""box"":{""left"":8568,""right"":3542,""top"":8874,""bottom"":5446},""time"":1729913612633},{""box"":{""left"":8568,""right"":3542,""top"":8874,""bottom"":5446},""time"":1729913612705},{""box"":{""left"":8568,""right"":3542,""top"":8874,""bottom"":5446},""time"":1729913612772},{""box"":{""left"":8568,""right"":3542,""top"":8874,""bottom"":5446},""time"":1729913612805},{""box"":{""left"":8568,""right"":3542,""top"":8874,""bottom"":5446},""time"":1729913612880},{""box"":{""left"":8568,""right"":3542,""top"":8874,""bottom"":5446},""time"":1729913612902},{""box"":{""left"":8568,""right"":3542,""top"":8874,""bottom"":5446},""time"":1729913612967},{""box"":{""left"":8568,""right"":3542,""top"":8874,""bottom"":5446},""time"":1729913612988},{""box"":{""left"":8568,""right"":3542,""top"":8874,""bottom"":5446},""time"":1729913613082},{""box"":{""left"":8568,""right"":3542,""top"":8874,""bottom"":5446},""time"":1729913613136},{""box"":{""left"":8568,""right"":3542,""top"":8874,""bottom"":5446},""time"":1729913613167},{""box"":{""left"":8568,""right"":3542,""top"":8874,""bottom"":5446},""time"":1729913613227},{""box"":{""left"":8568,""right"":3542,""top"":8874,""bottom"":5446},""time"":1729913613272},{""box"":{""left"":8568,""right"":3542,""top"":8874,""bottom"":5446},""time"":1729913613303},{""box"":{""left"":8568,""right"":3542,""top"":8874,""bottom"":5446},""time"":1729913613370},{""box"":{""left"":8568,""right"":3542,""top"":8874,""bottom"":5446},""time"":1729913613429},{""box"":{""left"":8568,""right"":3542,""top"":8874,""bottom"":5446},""time"":1729913613450},{""box"":{""left"":8568,""right"":3542,""top"":8874,""bottom"":5446},""time"":1729913613528},{""box"":{""left"":8568,""right"":3542,""top"":8874,""bottom"":5446},""time"":1729913613617},{""box"":{""left"":8568,""right"":3542,""top"":8874,""bottom"":5446},""time"":1729913613686},{""box"":{""left"":8568,""right"":3542,""top"":8874,""bottom"":5446},""time"":1729913613711},{""box"":{""left"":8568,""right"":3542,""top"":8874,""bottom"":5446},""time"":1729913613733},{""box"":{""left"":8568,""right"":3542,""top"":8874,""bottom"":5446},""time"":1729913613827},{""box"":{""left"":8568,""right"":3542,""top"":8874,""bottom"":5446},""time"":1729913613848},{""box"":{""left"":8568,""right"":3542,""top"":8874,""bottom"":5446},""time"":1729913613908},{""box"":{""left"":8568,""right"":3542,""top"":8874,""bottom"":5446},""time"":1729913613969},{""box"":{""left"":8568,""right"":3542,""top"":8874,""bottom"":5446},""time"":1729913613991},{""box"":{""left"":8568,""right"":3542,""top"":8874,""bottom"":5446},""time"":1729913614085},{""box"":{""left"":8568,""right"":3542,""top"":8874,""bottom"":5446},""time"":1729913614156},{""box"":{""left"":8568,""right"":3542,""top"":8874,""bottom"":5446},""time"":1729913614178},{""box"":{""left"":8568,""right"":3542,""top"":8874,""bottom"":5446},""time"":1729913614243},{""box"":{""left"":8568,""right"":3542,""top"":8874,""bottom"":5446},""time"":1729913614264},{""box"":{""left"":8568,""right"":3542,""top"":8874,""bottom"":5446},""time"":1729913614329},{""box"":{""left"":8568,""right"":3542,""top"":8874,""bottom"":5446},""time"":1729913614390},{""box"":{""left"":8568,""right"":3542,""top"":8874,""bottom"":5446},""time"":1729913614412},{""box"":{""left"":8568,""right"":3542,""top"":8874,""bottom"":5446},""time"":1729913614507},{""box"":{""left"":8568,""right"":3542,""top"":8874,""bottom"":5446},""time"":1729913614561},{""box"":{""left"":8568,""right"":3542,""top"":8874,""bottom"":5446},""time"":1729913614632},{""box"":{""left"":8568,""right"":3542,""top"":8874,""bottom"":5446},""time"":1729913614654},{""box"":{""left"":8568,""right"":3542,""top"":8874,""bottom"":5446},""time"":1729913614749},{""box"":{""left"":8568,""right"":3542,""top"":8874,""bottom"":5446},""time"":1729913614760},{""box"":{""left"":8568,""right"":3542,""top"":8874,""bottom"":5446},""time"":1729913614826},{""box"":{""left"":8568,""right"":3542,""top"":8874,""bottom"":5446},""time"":1729913614848},{""box"":{""left"":8568,""right"":3542,""top"":8874,""bottom"":5446},""time"":1729913614942},{""box"":{""left"":8568,""right"":3542,""top"":8874,""bottom"":5446},""time"":1729913614963},{""box"":{""left"":8568,""right"":3542,""top"":8874,""bottom"":5446},""time"":1729913615028},{""box"":{""left"":8568,""right"":3542,""top"":8874,""bottom"":5446},""time"":1729913615050},{""box"":{""left"":8568,""right"":3542,""top"":8874,""bottom"":5446},""time"":1729913615101},{""box"":{""left"":8568,""right"":3542,""top"":8874,""bottom"":5446},""time"":1729913615133},{""box"":{""left"":8568,""right"":3542,""top"":8874,""bottom"":5446},""time"":1729913615233},{""box"":{""left"":8568,""right"":3542,""top"":8874,""bottom"":5446},""time"":1729913615309},{""box"":{""left"":8568,""right"":3542,""top"":8874,""bottom"":5446},""time"":1729913615373},{""box"":{""left"":8568,""right"":3542,""top"":8874,""bottom"":5446},""time"":1729913615432},{""box"":{""left"":8568,""right"":3542,""top"":8874,""bottom"":5446},""time"":1729913615453},{""box"":{""left"":8568,""right"":3542,""top"":8874,""bottom"":5446},""time"":1729913615547},{""box"":{""left"":8568,""right"":3542,""top"":8874,""bottom"":5446},""time"":1729913615561},{""box"":{""left"":8568,""right"":3542,""top"":8874,""bottom"":5446},""time"":1729913615668},{""box"":{""left"":8568,""right"":3542,""top"":8874,""bottom"":5446},""time"":1729913615744},{""box"":{""left"":8568,""right"":3542,""top"":8874,""bottom"":5446},""time"":1729913615810},{""box"":{""left"":8568,""right"":3542,""top"":8874,""bottom"":5446},""time"":1729913615868},{""box"":{""left"":8568,""right"":3542,""top"":8874,""bottom"":5446},""time"":1729913615890},{""box"":{""left"":8568,""right"":3542,""top"":8874,""bottom"":5446},""time"":1729913615977},{""box"":{""left"":8568,""right"":3542,""top"":8874,""bottom"":5446},""time"":1729913616038},{""box"":{""left"":8568,""right"":3542,""top"":8874,""bottom"":5446},""time"":1729913616059},{""box"":{""left"":8568,""right"":3542,""top"":8874,""bottom"":5446},""time"":1729913616127},{""box"":{""left"":8568,""right"":3542,""top"":8874,""bottom"":5446},""time"":1729913616137},{""box"":{""left"":8568,""right"":3542,""top"":8874,""bottom"":5446},""time"":1729913616215},{""box"":{""left"":8568,""right"":3542,""top"":8874,""bottom"":5446},""time"":1729913616229},{""box"":{""left"":8568,""right"":3542,""top"":8874,""bottom"":5446},""time"":1729913616326},{""box"":{""left"":8568,""right"":3542,""top"":8874,""bottom"":5446},""time"":1729913616386},{""box"":{""left"":8568,""right"":3542,""top"":8874,""bottom"":5446},""time"":1729913616416},{""box"":{""left"":8568,""right"":3542,""top"":8874,""bottom"":5446},""time"":1729913616467},{""box"":{""left"":8568,""right"":3542,""top"":8874,""bottom"":5446},""time"":1729913616517},{""box"":{""left"":8568,""right"":3542,""top"":8874,""bottom"":5446},""time"":1729913616589},{""box"":{""left"":8568,""right"":3542,""top"":8874,""bottom"":5446},""time"":1729913616624},{""box"":{""left"":8568,""right"":3542,""top"":8874,""bottom"":5446},""time"":1729913616645},{""box"":{""left"":8568,""right"":3542,""top"":8874,""bottom"":5446},""time"":1729913616740},{""box"":{""left"":8568,""right"":3542,""top"":8874,""bottom"":5446},""time"":1729913616763},{""box"":{""left"":8568,""right"":3542,""top"":8874,""bottom"":5446},""time"":1729913616858},{""box"":{""left"":8568,""right"":3542,""top"":8874,""bottom"":5446},""time"":1729913616880},{""box"":{""left"":8568,""right"":3542,""top"":8874,""bottom"":5446},""time"":1729913616954},{""box"":{""left"":8568,""right"":3542,""top"":8874,""bottom"":5446},""time"":1729913616976},{""box"":{""left"":8568,""right"":3542,""top"":8874,""bottom"":5446},""time"":1729913617071},{""box"":{""left"":8568,""right"":3542,""top"":8874,""bottom"":5446},""time"":1729913617083},{""box"":{""left"":8568,""right"":3542,""top"":8874,""bottom"":5446},""time"":1729913617129},{""box"":{""left"":8568,""right"":3542,""top"":8874,""bottom"":5446},""time"":1729913617159},{""box"":{""left"":8568,""right"":3542,""top"":8874,""bottom"":5446},""time"":1729913617200},{""box"":{""left"":8568,""right"":3542,""top"":8874,""bottom"":5446},""time"":1729913617256},{""box"":{""left"":8568,""right"":3542,""top"":8874,""bottom"":5446},""time"":1729913617341},{""box"":{""left"":8568,""right"":3542,""top"":8874,""bottom"":5446},""time"":1729913617427},{""box"":{""left"":8568,""right"":3542,""top"":8874,""bottom"":5446},""time"":1729913617512},{""box"":{""left"":8568,""right"":3542,""top"":8874,""bottom"":5446},""time"":1729913617596},{""box"":{""left"":8568,""right"":3542,""top"":8874,""bottom"":5446},""time"":1729913617682},{""box"":{""left"":8568,""right"":3542,""top"":8874,""bottom"":5446},""time"":1729913617767},{""box"":{""left"":8568,""right"":3542,""top"":8874,""bottom"":5446},""time"":1729913617853},{""box"":{""left"":8568,""right"":3542,""top"":8874,""bottom"":5446},""time"":1729913617938},{""box"":{""left"":8568,""right"":3542,""top"":8874,""bottom"":5446},""time"":1729913618022},{""box"":{""left"":8568,""right"":3542,""top"":8874,""bottom"":5446},""time"":1729913618108},{""box"":{""left"":8568,""right"":3542,""top"":8874,""bottom"":5446},""time"":1729913618183},{""box"":{""left"":8568,""right"":3542,""top"":8874,""bottom"":5446},""time"":1729913618216},{""box"":{""left"":8568,""right"":3542,""top"":8874,""bottom"":5446},""time"":1729913618281},{""box"":{""left"":8568,""right"":3542,""top"":8874,""bottom"":5446},""time"":1729913618365},{""box"":{""left"":8568,""right"":3542,""top"":8874,""bottom"":5446},""time"":1729913618451},{""box"":{""left"":8568,""right"":3542,""top"":8874,""bottom"":5446},""time"":1729913618513},{""box"":{""left"":8568,""right"":3542,""top"":8874,""bottom"":5446},""time"":1729913618598},{""box"":{""left"":8568,""right"":3542,""top"":8874,""bottom"":5446},""time"":1729913618662},{""box"":{""left"":8568,""right"":3542,""top"":8874,""bottom"":5446},""time"":1729913618695},{""box"":{""left"":8568,""right"":3542,""top"":8874,""bottom"":5446},""time"":1729913618780},{""box"":{""left"":8568,""right"":3542,""top"":8874,""bottom"":5446},""time"":1729913618865},{""box"":{""left"":8568,""right"":3542,""top"":8874,""bottom"":5446},""time"":1729913618951},{""box"":{""left"":8568,""right"":3542,""top"":8874,""bottom"":5446},""time"":1729913619039},{""box"":{""left"":8568,""right"":3542,""top"":8874,""bottom"":5446},""time"":1729913619125},{""box"":{""left"":8568,""right"":3542,""top"":8874,""bottom"":5446},""time"":1729913619210},{""box"":{""left"":8568,""right"":3542,""top"":8874,""bottom"":5446},""time"":1729913619273},{""box"":{""left"":8568,""right"":3542,""top"":8874,""bottom"":5446},""time"":1729913619295},{""box"":{""left"":8568,""right"":3542,""top"":8874,""bottom"":5446},""time"":1729913619348},{""box"":{""left"":8568,""right"":3542,""top"":8874,""bottom"":5446},""time"":1729913619376},{""box"":{""left"":8568,""right"":3542,""top"":8874,""bottom"":5446},""time"":1729913619397},{""box"":{""left"":8568,""right"":3542,""top"":8874,""bottom"":5446},""time"":1729913619440},{""box"":{""left"":8568,""right"":3542,""top"":8874,""bottom"":5446},""time"":1729913619477},{""box"":{""left"":8568,""right"":3542,""top"":8874,""bottom"":5446},""time"":1729913619552},{""box"":{""left"":8568,""right"":3542,""top"":8874,""bottom"":5446},""time"":1729913619633},{""box"":{""left"":8568,""right"":3542,""top"":8874,""bottom"":5446},""time"":1729913619703},{""box"":{""left"":8568,""right"":3542,""top"":8874,""bottom"":5446},""time"":1729913619734},{""box"":{""left"":8568,""right"":3542,""top"":8874,""bottom"":5446},""time"":1729913619814},{""box"":{""left"":8568,""right"":3542,""top"":8874,""bottom"":5446},""time"":1729913619895},{""box"":{""left"":8568,""right"":3542,""top"":8874,""bottom"":5446},""time"":1729913619976},{""box"":{""left"":8568,""right"":3542,""top"":8874,""bottom"":5446},""time"":1729913620056},{""box"":{""left"":8568,""right"":3542,""top"":8874,""bottom"":5446},""time"":1729913620127},{""box"":{""left"":8568,""right"":3542,""top"":8874,""bottom"":5446},""time"":1729913620164},{""box"":{""left"":8568,""right"":3542,""top"":8874,""bottom"":5446},""time"":1729913620202},{""box"":{""left"":8568,""right"":3542,""top"":8874,""bottom"":5446},""time"":1729913620239},{""box"":{""left"":8568,""right"":3542,""top"":8874,""bottom"":5446},""time"":1729913620278},{""box"":{""left"":8568,""right"":3542,""top"":8874,""bottom"":5446},""time"":1729913620308},{""box"":{""left"":8568,""right"":3542,""top"":8874,""bottom"":5446},""time"":1729913620319},{""box"":{""left"":8568,""right"":3542,""top"":8874,""bottom"":5446},""time"":1729913620347},{""box"":{""left"":8568,""right"":3542,""top"":8874,""bottom"":5446},""time"":1729913620359},{""box"":{""left"":8568,""right"":3542,""top"":8874,""bottom"":5446},""time"":1729913620414},{""box"":{""left"":8568,""right"":3542,""top"":8874,""bottom"":5446},""time"":1729913620425},{""box"":{""left"":8568,""right"":3542,""top"":8874,""bottom"":5446},""time"":1729913620474},{""box"":{""left"":8568,""right"":3542,""top"":8874,""bottom"":5446},""time"":1729913620485},{""box"":{""left"":8568,""right"":3542,""top"":8874,""bottom"":5446},""time"":1729913620539},{""box"":{""left"":8568,""right"":3542,""top"":8874,""bottom"":5446},""time"":1729913620552},{""box"":{""left"":8568,""right"":3542,""top"":8874,""bottom"":5446},""time"":1729913620606},{""box"":{""left"":8568,""right"":3542,""top"":8874,""bottom"":5446},""time"":1729913620628},{""box"":{""left"":8568,""right"":3542,""top"":8874,""bottom"":5446},""time"":1729913620682},{""box"":{""left"":8568,""right"":3542,""top"":8874,""bottom"":5446},""time"":1729913620693},{""box"":{""left"":8568,""right"":3542,""top"":8874,""bottom"":5446},""time"":1729913620749},{""box"":{""left"":8568,""right"":3542,""top"":8874,""bottom"":5446},""time"":1729913620760},{""box"":{""left"":8568,""right"":3542,""top"":8874,""bottom"":5446},""time"":1729913620815},{""box"":{""left"":8568,""right"":3542,""top"":8874,""bottom"":5446},""time"":1729913620826},{""box"":{""left"":8568,""right"":3542,""top"":8874,""bottom"":5446},""time"":1729913620881},{""box"":{""left"":8568,""right"":3542,""top"":8874,""bottom"":5446},""time"":1729913620892},{""box"":{""left"":8568,""right"":3542,""top"":8874,""bottom"":5446},""time"":1729913620947},{""box"":{""left"":8568,""right"":3542,""top"":8874,""bottom"":5446},""time"":1729913620958},{""box"":{""left"":8568,""right"":3542,""top"":8874,""bottom"":5446},""time"":1729913621014},{""box"":{""left"":8568,""right"":3542,""top"":8874,""bottom"":5446},""time"":1729913621025},{""box"":{""left"":8568,""right"":3542,""top"":8874,""bottom"":5446},""time"":1729913621069},{""box"":{""left"":8568,""right"":3542,""top"":8874,""bottom"":5446},""time"":1729913621100},{""box"":{""left"":8568,""right"":3542,""top"":8874,""bottom"":5446},""time"":1729913621137},{""box"":{""left"":8568,""right"":3542,""top"":8874,""bottom"":5446},""time"":1729913621176},{""box"":{""left"":8568,""right"":3542,""top"":8874,""bottom"":5446},""time"":1729913621214},{""box"":{""left"":8568,""right"":3542,""top"":8874,""bottom"":5446},""time"":1729913621252},{""box"":{""left"":8568,""right"":3542,""top"":8874,""bottom"":5446},""time"":1729913621302},{""box"":{""left"":8568,""right"":3542,""top"":8874,""bottom"":5446},""time"":1729913621358},{""box"":{""left"":8568,""right"":3542,""top"":8874,""bottom"":5446},""time"":1729913621369},{""box"":{""left"":8568,""right"":3542,""top"":8874,""bottom"":5446},""time"":1729913621436},{""box"":{""left"":8568,""right"":3542,""top"":8874,""bottom"":5446},""time"":1729913621447},{""box"":{""left"":8568,""right"":3542,""top"":8874,""bottom"":5446},""time"":1729913621508},{""box"":{""left"":8568,""right"":3542,""top"":8874,""bottom"":5446},""time"":1729913621519},{""box"":{""left"":8568,""right"":3542,""top"":8874,""bottom"":5446},""time"":1729913621591},{""box"":{""left"":8568,""right"":3542,""top"":8874,""bottom"":5446},""time"":1729913621602},{""box"":{""left"":8568,""right"":3542,""top"":8874,""bottom"":5446},""time"":1729913621673},{""box"":{""left"":8568,""right"":3542,""top"":8874,""bottom"":5446},""time"":1729913621697},{""box"":{""left"":8568,""right"":3542,""top"":8874,""bottom"":5446},""time"":1729913621779},{""box"":{""left"":8568,""right"":3542,""top"":8874,""bottom"":5446},""time"":1729913621790},{""box"":{""left"":8568,""right"":3542,""top"":8874,""bottom"":5446},""time"":1729913621851},{""box"":{""left"":8568,""right"":3542,""top"":8874,""bottom"":5446},""time"":1729913621863},{""box"":{""left"":8568,""right"":3542,""top"":8874,""bottom"":5446},""time"":1729913621924},{""box"":{""left"":8568,""right"":3542,""top"":8874,""bottom"":5446},""time"":1729913621935},{""box"":{""left"":8568,""right"":3542,""top"":8874,""bottom"":5446},""time"":1729913621997},{""box"":{""left"":8568,""right"":3542,""top"":8874,""bottom"":5446},""time"":1729913622009},{""box"":{""left"":8568,""right"":3542,""top"":8874,""bottom"":5446},""time"":1729913622070},{""box"":{""left"":8568,""right"":3542,""top"":8874,""bottom"":5446},""time"":1729913622081},{""box"":{""left"":8568,""right"":3542,""top"":8874,""bottom"":5446},""time"":1729913622114},{""box"":{""left"":8568,""right"":3542,""top"":8874,""bottom"":5446},""time"":1729913622125},{""box"":{""left"":8568,""right"":3542,""top"":8874,""bottom"":5446},""time"":1729913622184},{""box"":{""left"":8568,""right"":3542,""top"":8874,""bottom"":5446},""time"":1729913622195},{""box"":{""left"":8568,""right"":3542,""top"":8874,""bottom"":5446},""time"":1729913622229},{""box"":{""left"":8568,""right"":3542,""top"":8874,""bottom"":5446},""time"":1729913622252},{""box"":{""left"":8568,""right"":3542,""top"":8874,""bottom"":5446},""time"":1729913622307},{""box"":{""left"":8568,""right"":3542,""top"":8874,""bottom"":5446},""time"":1729913622318},{""box"":{""left"":8568,""right"":3542,""top"":8874,""bottom"":5446},""time"":1729913622375},{""box"":{""left"":8568,""right"":3542,""top"":8874,""bottom"":5446},""time"":1729913622387},{""box"":{""left"":8568,""right"":3542,""top"":8874,""bottom"":5446},""time"":1729913622443},{""box"":{""left"":8568,""right"":3542,""top"":8874,""bottom"":5446},""time"":1729913622455},{""box"":{""left"":8568,""right"":3542,""top"":8874,""bottom"":5446},""time"":1729913622511},{""box"":{""left"":8568,""right"":3542,""top"":8874,""bottom"":5446},""time"":1729913622522},{""box"":{""left"":8568,""right"":3542,""top"":8874,""bottom"":5446},""time"":1729913622552},{""box"":{""left"":8568,""right"":3542,""top"":8874,""bottom"":5446},""time"":1729913622563},{""box"":{""left"":8568,""right"":3542,""top"":8874,""bottom"":5446},""time"":1729913622592},{""box"":{""left"":8568,""right"":3542,""top"":8874,""bottom"":5446},""time"":1729913622624},{""box"":{""left"":8568,""right"":3542,""top"":8874,""bottom"":5446},""time"":1729913622646},{""box"":{""left"":8568,""right"":3542,""top"":8874,""bottom"":5446},""time"":1729913622707},{""box"":{""left"":8568,""right"":3542,""top"":8874,""bottom"":5446},""time"":1729913622720},{""box"":{""left"":8568,""right"":3542,""top"":8874,""bottom"":5446},""time"":1729913622776},{""box"":{""left"":8568,""right"":3542,""top"":8874,""bottom"":5446},""time"":1729913622798},{""box"":{""left"":8568,""right"":3542,""top"":8874,""bottom"":5446},""time"":1729913622854},{""box"":{""left"":8568,""right"":3542,""top"":8874,""bottom"":5446},""time"":1729913622866},{""box"":{""left"":8568,""right"":3542,""top"":8874,""bottom"":5446},""time"":1729913622923},{""box"":{""left"":8568,""right"":3542,""top"":8874,""bottom"":5446},""time"":1729913622935},{""box"":{""left"":8568,""right"":3542,""top"":8874,""bottom"":5446},""time"":1729913622983},{""box"":{""left"":8568,""right"":3542,""top"":8874,""bottom"":5446},""time"":1729913622994},{""box"":{""left"":8568,""right"":3542,""top"":8874,""bottom"":5446},""time"":1729913623023},{""box"":{""left"":8568,""right"":3542,""top"":8874,""bottom"":5446},""time"":1729913623035},{""box"":{""left"":8568,""right"":3542,""top"":8874,""bottom"":5446},""time"":1729913623092},{""box"":{""left"":8568,""right"":3542,""top"":8874,""bottom"":5446},""time"":1729913623103},{""box"":{""left"":8568,""right"":3542,""top"":8874,""bottom"":5446},""time"":1729913623161},{""box"":{""left"":8568,""right"":3542,""top"":8874,""bottom"":5446},""time"":1729913623172},{""box"":{""left"":8568,""right"":3542,""top"":8874,""bottom"":5446},""time"":1729913623234},{""box"":{""left"":8568,""right"":3542,""top"":8874,""bottom"":5446},""time"":1729913623247},{""box"":{""left"":8568,""right"":3542,""top"":8874,""bottom"":5446},""time"":1729913623308},{""box"":{""left"":8568,""right"":3542,""top"":8874,""bottom"":5446},""time"":1729913623320},{""box"":{""left"":8568,""right"":3542,""top"":8874,""bottom"":5446},""time"":1729913623382},{""box"":{""left"":8568,""right"":3542,""top"":8874,""bottom"":5446},""time"":1729913623393},{""box"":{""left"":8568,""right"":3542,""top"":8874,""bottom"":5446},""time"":1729913623452},{""box"":{""left"":8568,""right"":3542,""top"":8874,""bottom"":5446},""time"":1729913623478},{""box"":{""left"":8568,""right"":3542,""top"":8874,""bottom"":5446},""time"":1729913623489},{""box"":{""left"":8568,""right"":3542,""top"":8874,""bottom"":5446},""time"":1729913623545},{""box"":{""left"":8568,""right"":3542,""top"":8874,""bottom"":5446},""time"":1729913623557},{""box"":{""left"":8568,""right"":3542,""top"":8874,""bottom"":5446},""time"":1729913623586},{""box"":{""left"":8568,""right"":3542,""top"":8874,""bottom"":5446},""time"":1729913623598},{""box"":{""left"":8568,""right"":3542,""top"":8874,""bottom"":5446},""time"":1729913623655},{""box"":{""left"":8568,""right"":3542,""top"":8874,""bottom"":5446},""time"":1729913623678},{""box"":{""left"":8568,""right"":3542,""top"":8874,""bottom"":5446},""time"":1729913623757},{""box"":{""left"":8568,""right"":3542,""top"":8874,""bottom"":5446},""time"":1729913623788},{""box"":{""left"":8568,""right"":3542,""top"":8874,""bottom"":5446},""time"":1729913623808},{""box"":{""left"":8568,""right"":3542,""top"":8874,""bottom"":5446},""time"":1729913623829},{""box"":{""left"":8568,""right"":3542,""top"":8874,""bottom"":5446},""time"":1729913623849},{""box"":{""left"":8568,""right"":3542,""top"":8874,""bottom"":5446},""time"":1729913623874},{""box"":{""left"":8568,""right"":3542,""top"":8874,""bottom"":5446},""time"":1729913623893},{""box"":{""left"":8568,""right"":3542,""top"":8874,""bottom"":5446},""time"":1729913623909},{""box"":{""left"":8568,""right"":3542,""top"":8874,""bottom"":5446},""time"":1729913623930},{""box"":{""left"":8568,""right"":3542,""top"":8874,""bottom"":5446},""time"":1729913623950},{""box"":{""left"":8568,""right"":3542,""top"":8874,""bottom"":5446},""time"":1729913623966},{""box"":{""left"":8568,""right"":3542,""top"":8874,""bottom"":5446},""time"":1729913623986},{""box"":{""left"":8568,""right"":3542,""top"":8874,""bottom"":5446},""time"":1729913624012},{""box"":{""left"":8568,""right"":3542,""top"":8874,""bottom"":5446},""time"":1729913624037},{""box"":{""left"":8568,""right"":3542,""top"":8874,""bottom"":5446},""time"":1729913624061},{""box"":{""left"":8568,""right"":3542,""top"":8874,""bottom"":5446},""time"":1729913624092},{""box"":{""left"":8568,""right"":3542,""top"":8874,""bottom"":5446},""time"":1729913624117},{""box"":{""left"":8568,""right"":3542,""top"":8874,""bottom"":5446},""time"":1729913624143},{""box"":{""left"":8568,""right"":3542,""top"":8874,""bottom"":5446},""time"":1729913624174},{""box"":{""left"":8568,""right"":3542,""top"":8874,""bottom"":5446},""time"":1729913624225},{""box"":{""left"":8568,""right"":3542,""top"":8874,""bottom"":5446},""time"":1729913624280},{""box"":{""left"":8568,""right"":3542,""top"":8874,""bottom"":5446},""time"":1729913624292},{""box"":{""left"":8568,""right"":3542,""top"":8874,""bottom"":5446},""time"":1729913624347},{""box"":{""left"":8568,""right"":3542,""top"":8874,""bottom"":5446},""time"":1729913624360},{""box"":{""left"":8568,""right"":3542,""top"":8874,""bottom"":5446},""time"":1729913624427},{""box"":{""left"":8568,""right"":3542,""top"":8874,""bottom"":5446},""time"":1729913624483},{""box"":{""left"":8568,""right"":3542,""top"":8874,""bottom"":5446},""time"":1729913624494}",,,,,
56932,Person,2024-10-26 12:33:07,2024-10-26 12:33:08,"{""left"":7662,""right"":4141,""top"":8374,""bottom"":6060},{""box"":{""left"":7662,""right"":4141,""top"":8374,""bottom"":6060},""time"":1729913587827},{""box"":{""left"":7662,""right"":4141,""top"":8374,""bottom"":6060},""time"":1729913587940},{""box"":{""left"":7662,""right"":4141,""top"":8374,""bottom"":6060},""time"":1729913588754}",,,,,
56933,Person,2024-10-26 12:33:09,2024-10-26 12:33:36,"{""left"":7612,""right"":3520,""top"":8087,""bottom"":5249},{""box"":{""left"":7612,""right"":3520,""top"":8087,""bottom"":5249},""time"":1729913589674},{""box"":{""left"":7612,""right"":3520,""top"":8087,""bottom"":5249},""time"":1729913589730},{""box"":{""left"":7612,""right"":3520,""top"":8087,""bottom"":5249},""time"":1729913589798},{""box"":{""left"":7612,""right"":3520,""top"":8087,""bottom"":5249},""time"":1729913589855},{""box"":{""left"":7612,""right"":3520,""top"":8087,""bottom"":5249},""time"":1729913589923},{""box"":{""left"":7612,""right"":3520,""top"":8087,""bottom"":5249},""time"":1729913589990},{""box"":{""left"":7612,""right"":3520,""top"":8087,""bottom"":5249},""time"":1729913590058},{""box"":{""left"":7612,""right"":3520,""top"":8087,""bottom"":5249},""time"":1729913590126},{""box"":{""left"":7612,""right"":3520,""top"":8087,""bottom"":5249},""time"":1729913590183},{""box"":{""left"":7612,""right"":3520,""top"":8087,""bottom"":5249},""time"":1729913590241},{""box"":{""left"":7612,""right"":3520,""top"":8087,""bottom"":5249},""time"":1729913590297},{""box"":{""left"":7612,""right"":3520,""top"":8087,""bottom"":5249},""time"":1729913590354},{""box"":{""left"":7612,""right"":3520,""top"":8087,""bottom"":5249},""time"":1729913590465},{""box"":{""left"":7612,""right"":3520,""top"":8087,""bottom"":5249},""time"":1729913590521},{""box"":{""left"":7612,""right"":3520,""top"":8087,""bottom"":5249},""time"":1729913590589},{""box"":{""left"":7612,""right"":3520,""top"":8087,""bottom"":5249},""time"":1729913590645},{""box"":{""left"":7612,""right"":3520,""top"":8087,""bottom"":5249},""time"":1729913590691},{""box"":{""left"":7612,""right"":3520,""top"":8087,""bottom"":5249},""time"":1729913590747},{""box"":{""left"":7612,""right"":3520,""top"":8087,""bottom"":5249},""time"":1729913590804},{""box"":{""left"":7612,""right"":3520,""top"":8087,""bottom"":5249},""time"":1729913590871},{""box"":{""left"":7612,""right"":3520,""top"":8087,""bottom"":5249},""time"":1729913590928},{""box"":{""left"":7612,""right"":3520,""top"":8087,""bottom"":5249},""time"":1729913590996},{""box"":{""left"":7612,""right"":3520,""top"":8087,""bottom"":5249},""time"":1729913591064},{""box"":{""left"":7612,""right"":3520,""top"":8087,""bottom"":5249},""time"":1729913591120},{""box"":{""left"":7612,""right"":3520,""top"":8087,""bottom"":5249},""time"":1729913591188},{""box"":{""left"":7612,""right"":3520,""top"":8087,""bottom"":5249},""time"":1729913591256},{""box"":{""left"":7612,""right"":3520,""top"":8087,""bottom"":5249},""time"":1729913591324},{""box"":{""left"":7612,""right"":3520,""top"":8087,""bottom"":5249},""time"":1729913591393},{""box"":{""left"":7612,""right"":3520,""top"":8087,""bottom"":5249},""time"":1729913591460},{""box"":{""left"":7612,""right"":3520,""top"":8087,""bottom"":5249},""time"":1729913591529},{""box"":{""left"":7612,""right"":3520,""top"":8087,""bottom"":5249},""time"":1729913591585},{""box"":{""left"":7612,""right"":3520,""top"":8087,""bottom"":5249},""time"":1729913591641},{""box"":{""left"":7612,""right"":3520,""top"":8087,""bottom"":5249},""time"":1729913591708},{""box"":{""left"":7612,""right"":3520,""top"":8087,""bottom"":5249},""time"":1729913592100},{""box"":{""left"":7612,""right"":3520,""top"":8087,""bottom"":5249},""time"":1729913592153},{""box"":{""left"":7612,""right"":3520,""top"":8087,""bottom"":5249},""time"":1729913592215},{""box"":{""left"":7612,""right"":3520,""top"":8087,""bottom"":5249},""time"":1729913592257},{""box"":{""left"":7612,""right"":3520,""top"":8087,""bottom"":5249},""time"":1729913592319},{""box"":{""left"":7612,""right"":3520,""top"":8087,""bottom"":5249},""time"":1729913592369},{""box"":{""left"":7612,""right"":3520,""top"":8087,""bottom"":5249},""time"":1729913592440},{""box"":{""left"":7612,""right"":3520,""top"":8087,""bottom"":5249},""time"":1729913592490},{""box"":{""left"":7612,""right"":3520,""top"":8087,""bottom"":5249},""time"":1729913592541},{""box"":{""left"":7612,""right"":3520,""top"":8087,""bottom"":5249},""time"":1729913592604},{""box"":{""left"":7612,""right"":3520,""top"":8087,""bottom"":5249},""time"":1729913592665},{""box"":{""left"":7612,""right"":3520,""top"":8087,""bottom"":5249},""time"":1729913592709},{""box"":{""left"":7612,""right"":3520,""top"":8087,""bottom"":5249},""time"":1729913592769},{""box"":{""left"":7612,""right"":3520,""top"":8087,""bottom"":5249},""time"":1729913592820},{""box"":{""left"":7612,""right"":3520,""top"":8087,""bottom"":5249},""time"":1729913592880},{""box"":{""left"":7612,""right"":3520,""top"":8087,""bottom"":5249},""time"":1729913592933},{""box"":{""left"":7612,""right"":3520,""top"":8087,""bottom"":5249},""time"":1729913592994},{""box"":{""left"":7612,""right"":3520,""top"":8087,""bottom"":5249},""time"":1729913593055},{""box"":{""left"":7612,""right"":3520,""top"":8087,""bottom"":5249},""time"":1729913593156},{""box"":{""left"":7612,""right"":3520,""top"":8087,""bottom"":5249},""time"":1729913593218},{""box"":{""left"":7612,""right"":3520,""top"":8087,""bottom"":5249},""time"":1729913593279},{""box"":{""left"":7612,""right"":3520,""top"":8087,""bottom"":5249},""time"":1729913593330},{""box"":{""left"":7612,""right"":3520,""top"":8087,""bottom"":5249},""time"":1729913593393},{""box"":{""left"":7612,""right"":3520,""top"":8087,""bottom"":5249},""time"":1729913593453},{""box"":{""left"":7612,""right"":3520,""top"":8087,""bottom"":5249},""time"":1729913593505},{""box"":{""left"":7612,""right"":3520,""top"":8087,""bottom"":5249},""time"":1729913593565},{""box"":{""left"":7612,""right"":3520,""top"":8087,""bottom"":5249},""time"":1729913593619},{""box"":{""left"":7612,""right"":3520,""top"":8087,""bottom"":5249},""time"":1729913593678},{""box"":{""left"":7612,""right"":3520,""top"":8087,""bottom"":5249},""time"":1729913593739},{""box"":{""left"":7612,""right"":3520,""top"":8087,""bottom"":5249},""time"":1729913593790},{""box"":{""left"":7612,""right"":3520,""top"":8087,""bottom"":5249},""time"":1729913593851},{""box"":{""left"":7612,""right"":3520,""top"":8087,""bottom"":5249},""time"":1729913594078},{""box"":{""left"":7612,""right"":3520,""top"":8087,""bottom"":5249},""time"":1729913594353},{""box"":{""left"":7612,""right"":3520,""top"":8087,""bottom"":5249},""time"":1729913594710},{""box"":{""left"":7612,""right"":3520,""top"":8087,""bottom"":5249},""time"":1729913594761},{""box"":{""left"":7612,""right"":3520,""top"":8087,""bottom"":5249},""time"":1729913594823},{""box"":{""left"":7612,""right"":3520,""top"":8087,""bottom"":5249},""time"":1729913594943},{""box"":{""left"":7612,""right"":3520,""top"":8087,""bottom"":5249},""time"":1729913594990},{""box"":{""left"":7612,""right"":3520,""top"":8087,""bottom"":5249},""time"":1729913595051},{""box"":{""left"":7612,""right"":3520,""top"":8087,""bottom"":5249},""time"":1729913595103},{""box"":{""left"":7612,""right"":3520,""top"":8087,""bottom"":5249},""time"":1729913595155},{""box"":{""left"":7612,""right"":3520,""top"":8087,""bottom"":5249},""time"":1729913595216},{""box"":{""left"":7612,""right"":3520,""top"":8087,""bottom"":5249},""time"":1729913595328},{""box"":{""left"":7612,""right"":3520,""top"":8087,""bottom"":5249},""time"":1729913595380},{""box"":{""left"":7612,""right"":3520,""top"":8087,""bottom"":5249},""time"":1729913595433},{""box"":{""left"":7612,""right"":3520,""top"":8087,""bottom"":5249},""time"":1729913595493},{""box"":{""left"":7612,""right"":3520,""top"":8087,""bottom"":5249},""time"":1729913595545},{""box"":{""left"":7612,""right"":3520,""top"":8087,""bottom"":5249},""time"":1729913595615},{""box"":{""left"":7612,""right"":3520,""top"":8087,""bottom"":5249},""time"":1729913595666},{""box"":{""left"":7612,""right"":3520,""top"":8087,""bottom"":5249},""time"":1729913595717},{""box"":{""left"":7612,""right"":3520,""top"":8087,""bottom"":5249},""time"":1729913595843},{""box"":{""left"":7612,""right"":3520,""top"":8087,""bottom"":5249},""time"":1729913595912},{""box"":{""left"":7612,""right"":3520,""top"":8087,""bottom"":5249},""time"":1729913595959},{""box"":{""left"":7612,""right"":3520,""top"":8087,""bottom"":5249},""time"":1729913596008},{""box"":{""left"":7612,""right"":3520,""top"":8087,""bottom"":5249},""time"":1729913596049},{""box"":{""left"":7612,""right"":3520,""top"":8087,""bottom"":5249},""time"":1729913596112},{""box"":{""left"":7612,""right"":3520,""top"":8087,""bottom"":5249},""time"":1729913596181},{""box"":{""left"":7612,""right"":3520,""top"":8087,""bottom"":5249},""time"":1729913596233},{""box"":{""left"":7612,""right"":3520,""top"":8087,""bottom"":5249},""time"":1729913596293},{""box"":{""left"":7612,""right"":3520,""top"":8087,""bottom"":5249},""time"":1729913596345},{""box"":{""left"":7612,""right"":3520,""top"":8087,""bottom"":5249},""time"":1729913596796},{""box"":{""left"":7612,""right"":3520,""top"":8087,""bottom"":5249},""time"":1729913596848},{""box"":{""left"":7612,""right"":3520,""top"":8087,""bottom"":5249},""time"":1729913596909},{""box"":{""left"":7612,""right"":3520,""top"":8087,""bottom"":5249},""time"":1729913596962},{""box"":{""left"":7612,""right"":3520,""top"":8087,""bottom"":5249},""time"":1729913597312},{""box"":{""left"":7612,""right"":3520,""top"":8087,""bottom"":5249},""time"":1729913597365},{""box"":{""left"":7612,""right"":3520,""top"":8087,""bottom"":5249},""time"":1729913597488},{""box"":{""left"":7612,""right"":3520,""top"":8087,""bottom"":5249},""time"":1729913597603},{""box"":{""left"":7612,""right"":3520,""top"":8087,""bottom"":5249},""time"":1729913597670},{""box"":{""left"":7612,""right"":3520,""top"":8087,""bottom"":5249},""time"":1729913597727},{""box"":{""left"":7612,""right"":3520,""top"":8087,""bottom"":5249},""time"":1729913597784},{""box"":{""left"":7612,""right"":3520,""top"":8087,""bottom"":5249},""time"":1729913597851},{""box"":{""left"":7612,""right"":3520,""top"":8087,""bottom"":5249},""time"":1729913597914},{""box"":{""left"":7612,""right"":3520,""top"":8087,""bottom"":5249},""time"":1729913597972},{""box"":{""left"":7612,""right"":3520,""top"":8087,""bottom"":5249},""time"":1729913598231},{""box"":{""left"":7612,""right"":3520,""top"":8087,""bottom"":5249},""time"":1729913598346},{""box"":{""left"":7612,""right"":3520,""top"":8087,""bottom"":5249},""time"":1729913598420},{""box"":{""left"":7612,""right"":3520,""top"":8087,""bottom"":5249},""time"":1729913598490},{""box"":{""left"":7612,""right"":3520,""top"":8087,""bottom"":5249},""time"":1729913598574},{""box"":{""left"":7612,""right"":3520,""top"":8087,""bottom"":5249},""time"":1729913598647},{""box"":{""left"":7612,""right"":3520,""top"":8087,""bottom"":5249},""time"":1729913598717},{""box"":{""left"":7612,""right"":3520,""top"":8087,""bottom"":5249},""time"":1729913598790},{""box"":{""left"":7612,""right"":3520,""top"":8087,""bottom"":5249},""time"":1729913598850},{""box"":{""left"":7612,""right"":3520,""top"":8087,""bottom"":5249},""time"":1729913598922},{""box"":{""left"":7612,""right"":3520,""top"":8087,""bottom"":5249},""time"":1729913598982},{""box"":{""left"":7612,""right"":3520,""top"":8087,""bottom"":5249},""time"":1729913599091},{""box"":{""left"":7612,""right"":3520,""top"":8087,""bottom"":5249},""time"":1729913599161},{""box"":{""left"":7612,""right"":3520,""top"":8087,""bottom"":5249},""time"":1729913599242},{""box"":{""left"":7612,""right"":3520,""top"":8087,""bottom"":5249},""time"":1729913599290},{""box"":{""left"":7612,""right"":3520,""top"":8087,""bottom"":5249},""time"":1729913599318},{""box"":{""left"":7612,""right"":3520,""top"":8087,""bottom"":5249},""time"":1729913599394},{""box"":{""left"":7612,""right"":3520,""top"":8087,""bottom"":5249},""time"":1729913599422},{""box"":{""left"":7612,""right"":3520,""top"":8087,""bottom"":5249},""time"":1729913599475},{""box"":{""left"":7612,""right"":3520,""top"":8087,""bottom"":5249},""time"":1729913599503},{""box"":{""left"":7612,""right"":3520,""top"":8087,""bottom"":5249},""time"":1729913599556},{""box"":{""left"":7612,""right"":3520,""top"":8087,""bottom"":5249},""time"":1729913599585},{""box"":{""left"":7612,""right"":3520,""top"":8087,""bottom"":5249},""time"":1729913599638},{""box"":{""left"":7612,""right"":3520,""top"":8087,""bottom"":5249},""time"":1729913599667},{""box"":{""left"":7612,""right"":3520,""top"":8087,""bottom"":5249},""time"":1729913599748},{""box"":{""left"":7612,""right"":3520,""top"":8087,""bottom"":5249},""time"":1729913599796},{""box"":{""left"":7612,""right"":3520,""top"":8087,""bottom"":5249},""time"":1729913599825},{""box"":{""left"":7612,""right"":3520,""top"":8087,""bottom"":5249},""time"":1729913599878},{""box"":{""left"":7612,""right"":3520,""top"":8087,""bottom"":5249},""time"":1729913599906},{""box"":{""left"":7612,""right"":3520,""top"":8087,""bottom"":5249},""time"":1729913600144},{""box"":{""left"":7612,""right"":3520,""top"":8087,""bottom"":5249},""time"":1729913600173},{""box"":{""left"":7612,""right"":3520,""top"":8087,""bottom"":5249},""time"":1729913600363},{""box"":{""left"":7612,""right"":3520,""top"":8087,""bottom"":5249},""time"":1729913600409},{""box"":{""left"":7612,""right"":3520,""top"":8087,""bottom"":5249},""time"":1729913600481},{""box"":{""left"":7612,""right"":3520,""top"":8087,""bottom"":5249},""time"":1729913600510},{""box"":{""left"":7612,""right"":3520,""top"":8087,""bottom"":5249},""time"":1729913601206},{""box"":{""left"":7612,""right"":3520,""top"":8087,""bottom"":5249},""time"":1729913601235},{""box"":{""left"":7612,""right"":3520,""top"":8087,""bottom"":5249},""time"":1729913601304},{""box"":{""left"":7612,""right"":3520,""top"":8087,""bottom"":5249},""time"":1729913601339},{""box"":{""left"":7612,""right"":3520,""top"":8087,""bottom"":5249},""time"":1729913601368},{""box"":{""left"":7612,""right"":3520,""top"":8087,""bottom"":5249},""time"":1729913601417},{""box"":{""left"":7612,""right"":3520,""top"":8087,""bottom"":5249},""time"":1729913601446},{""box"":{""left"":7612,""right"":3520,""top"":8087,""bottom"":5249},""time"":1729913601494},{""box"":{""left"":7612,""right"":3520,""top"":8087,""bottom"":5249},""time"":1729913601523},{""box"":{""left"":7612,""right"":3520,""top"":8087,""bottom"":5249},""time"":1729913601573},{""box"":{""left"":7612,""right"":3520,""top"":8087,""bottom"":5249},""time"":1729913601602},{""box"":{""left"":7612,""right"":3520,""top"":8087,""bottom"":5249},""time"":1729913601717},{""box"":{""left"":7612,""right"":3520,""top"":8087,""bottom"":5249},""time"":1729913601747},{""box"":{""left"":7612,""right"":3520,""top"":8087,""bottom"":5249},""time"":1729913602684},{""box"":{""left"":7612,""right"":3520,""top"":8087,""bottom"":5249},""time"":1729913602713},{""box"":{""left"":7612,""right"":3520,""top"":8087,""bottom"":5249},""time"":1729913603069},{""box"":{""left"":7612,""right"":3520,""top"":8087,""bottom"":5249},""time"":1729913603170},{""box"":{""left"":7612,""right"":3520,""top"":8087,""bottom"":5249},""time"":1729913603285},{""box"":{""left"":7612,""right"":3520,""top"":8087,""bottom"":5249},""time"":1729913603315},{""box"":{""left"":7612,""right"":3520,""top"":8087,""bottom"":5249},""time"":1729913603379},{""box"":{""left"":7612,""right"":3520,""top"":8087,""bottom"":5249},""time"":1729913603412},{""box"":{""left"":7612,""right"":3520,""top"":8087,""bottom"":5249},""time"":1729913603471},{""box"":{""left"":7612,""right"":3520,""top"":8087,""bottom"":5249},""time"":1729913603502},{""box"":{""left"":7612,""right"":3520,""top"":8087,""bottom"":5249},""time"":1729913603537},{""box"":{""left"":7612,""right"":3520,""top"":8087,""bottom"":5249},""time"":1729913603567},{""box"":{""left"":7612,""right"":3520,""top"":8087,""bottom"":5249},""time"":1729913603602},{""box"":{""left"":7612,""right"":3520,""top"":8087,""bottom"":5249},""time"":1729913603633},{""box"":{""left"":7612,""right"":3520,""top"":8087,""bottom"":5249},""time"":1729913603668},{""box"":{""left"":7612,""right"":3520,""top"":8087,""bottom"":5249},""time"":1729913603699},{""box"":{""left"":7612,""right"":3520,""top"":8087,""bottom"":5249},""time"":1729913603734},{""box"":{""left"":7612,""right"":3520,""top"":8087,""bottom"":5249},""time"":1729913603765},{""box"":{""left"":7612,""right"":3520,""top"":8087,""bottom"":5249},""time"":1729913603794},{""box"":{""left"":7612,""right"":3520,""top"":8087,""bottom"":5249},""time"":1729913603824},{""box"":{""left"":7612,""right"":3520,""top"":8087,""bottom"":5249},""time"":1729913603860},{""box"":{""left"":7612,""right"":3520,""top"":8087,""bottom"":5249},""time"":1729913603890},{""box"":{""left"":7612,""right"":3520,""top"":8087,""bottom"":5249},""time"":1729913603919},{""box"":{""left"":7612,""right"":3520,""top"":8087,""bottom"":5249},""time"":1729913603950},{""box"":{""left"":7612,""right"":3520,""top"":8087,""bottom"":5249},""time"":1729913603985},{""box"":{""left"":7612,""right"":3520,""top"":8087,""bottom"":5249},""time"":1729913604016},{""box"":{""left"":7612,""right"":3520,""top"":8087,""bottom"":5249},""time"":1729913604051},{""box"":{""left"":7612,""right"":3520,""top"":8087,""bottom"":5249},""time"":1729913604082},{""box"":{""left"":7612,""right"":3520,""top"":8087,""bottom"":5249},""time"":1729913604110},{""box"":{""left"":7612,""right"":3520,""top"":8087,""bottom"":5249},""time"":1729913604141},{""box"":{""left"":7612,""right"":3520,""top"":8087,""bottom"":5249},""time"":1729913604197},{""box"":{""left"":7612,""right"":3520,""top"":8087,""bottom"":5249},""time"":1729913604238},{""box"":{""left"":7612,""right"":3520,""top"":8087,""bottom"":5249},""time"":1729913604403},{""box"":{""left"":7612,""right"":3520,""top"":8087,""bottom"":5249},""time"":1729913604507},{""box"":{""left"":7612,""right"":3520,""top"":8087,""bottom"":5249},""time"":1729913604610},{""box"":{""left"":7612,""right"":3520,""top"":8087,""bottom"":5249},""time"":1729913604723},{""box"":{""left"":7612,""right"":3520,""top"":8087,""bottom"":5249},""time"":1729913604825},{""box"":{""left"":7612,""right"":3520,""top"":8087,""bottom"":5249},""time"":1729913604925},{""box"":{""left"":7612,""right"":3520,""top"":8087,""bottom"":5249},""time"":1729913604997},{""box"":{""left"":7612,""right"":3520,""top"":8087,""bottom"":5249},""time"":1729913605069},{""box"":{""left"":7612,""right"":3520,""top"":8087,""bottom"":5249},""time"":1729913605100},{""box"":{""left"":7612,""right"":3520,""top"":8087,""bottom"":5249},""time"":1729913605165},{""box"":{""left"":7612,""right"":3520,""top"":8087,""bottom"":5249},""time"":1729913605220},{""box"":{""left"":7612,""right"":3520,""top"":8087,""bottom"":5249},""time"":1729913605250},{""box"":{""left"":7612,""right"":3520,""top"":8087,""bottom"":5249},""time"":1729913605320},{""box"":{""left"":7612,""right"":3520,""top"":8087,""bottom"":5249},""time"":1729913605383},{""box"":{""left"":7612,""right"":3520,""top"":8087,""bottom"":5249},""time"":1729913605414},{""box"":{""left"":7612,""right"":3520,""top"":8087,""bottom"":5249},""time"":1729913605488},{""box"":{""left"":7612,""right"":3520,""top"":8087,""bottom"":5249},""time"":1729913605543},{""box"":{""left"":7612,""right"":3520,""top"":8087,""bottom"":5249},""time"":1729913605574},{""box"":{""left"":7612,""right"":3520,""top"":8087,""bottom"":5249},""time"":1729913605609},{""box"":{""left"":7612,""right"":3520,""top"":8087,""bottom"":5249},""time"":1729913605640},{""box"":{""left"":7612,""right"":3520,""top"":8087,""bottom"":5249},""time"":1729913605668},{""box"":{""left"":7612,""right"":3520,""top"":8087,""bottom"":5249},""time"":1729913605699},{""box"":{""left"":7612,""right"":3520,""top"":8087,""bottom"":5249},""time"":1729913605734},{""box"":{""left"":7612,""right"":3520,""top"":8087,""bottom"":5249},""time"":1729913605765},{""box"":{""left"":7612,""right"":3520,""top"":8087,""bottom"":5249},""time"":1729913605861},{""box"":{""left"":7612,""right"":3520,""top"":8087,""bottom"":5249},""time"":1729913605892},{""box"":{""left"":7612,""right"":3520,""top"":8087,""bottom"":5249},""time"":1729913605937},{""box"":{""left"":7612,""right"":3520,""top"":8087,""bottom"":5249},""time"":1729913605968},{""box"":{""left"":7612,""right"":3520,""top"":8087,""bottom"":5249},""time"":1729913606099},{""box"":{""left"":7612,""right"":3520,""top"":8087,""bottom"":5249},""time"":1729913606177},{""box"":{""left"":7612,""right"":3520,""top"":8087,""bottom"":5249},""time"":1729913606258},{""box"":{""left"":7612,""right"":3520,""top"":8087,""bottom"":5249},""time"":1729913606352},{""box"":{""left"":7612,""right"":3520,""top"":8087,""bottom"":5249},""time"":1729913606395},{""box"":{""left"":7612,""right"":3520,""top"":8087,""bottom"":5249},""time"":1729913606450},{""box"":{""left"":7612,""right"":3520,""top"":8087,""bottom"":5249},""time"":1729913606481},{""box"":{""left"":7612,""right"":3520,""top"":8087,""bottom"":5249},""time"":1729913606544},{""box"":{""left"":7612,""right"":3520,""top"":8087,""bottom"":5249},""time"":1729913606638},{""box"":{""left"":7612,""right"":3520,""top"":8087,""bottom"":5249},""time"":1729913606714},{""box"":{""left"":7612,""right"":3520,""top"":8087,""bottom"":5249},""time"":1729913606745},{""box"":{""left"":7612,""right"":3520,""top"":8087,""bottom"":5249},""time"":1729913606804},{""box"":{""left"":7612,""right"":3520,""top"":8087,""bottom"":5249},""time"":1729913606927},{""box"":{""left"":7612,""right"":3520,""top"":8087,""bottom"":5249},""time"":1729913606969},{""box"":{""left"":7612,""right"":3520,""top"":8087,""bottom"":5249},""time"":1729913607051},{""box"":{""left"":7612,""right"":3520,""top"":8087,""bottom"":5249},""time"":1729913607121},{""box"":{""left"":7612,""right"":3520,""top"":8087,""bottom"":5249},""time"":1729913607153},{""box"":{""left"":7612,""right"":3520,""top"":8087,""bottom"":5249},""time"":1729913607189},{""box"":{""left"":7612,""right"":3520,""top"":8087,""bottom"":5249},""time"":1729913607220},{""box"":{""left"":7612,""right"":3520,""top"":8087,""bottom"":5249},""time"":1729913607230},{""box"":{""left"":7612,""right"":3520,""top"":8087,""bottom"":5249},""time"":1729913607262},{""box"":{""left"":7612,""right"":3520,""top"":8087,""bottom"":5249},""time"":1729913607305},{""box"":{""left"":7612,""right"":3520,""top"":8087,""bottom"":5249},""time"":1729913607337},{""box"":{""left"":7612,""right"":3520,""top"":8087,""bottom"":5249},""time"":1729913607389},{""box"":{""left"":7612,""right"":3520,""top"":8087,""bottom"":5249},""time"":1729913607420},{""box"":{""left"":7612,""right"":3520,""top"":8087,""bottom"":5249},""time"":1729913607474},{""box"":{""left"":7612,""right"":3520,""top"":8087,""bottom"":5249},""time"":1729913607504},{""box"":{""left"":7612,""right"":3520,""top"":8087,""bottom"":5249},""time"":1729913607549},{""box"":{""left"":7612,""right"":3520,""top"":8087,""bottom"":5249},""time"":1729913607579},{""box"":{""left"":7612,""right"":3520,""top"":8087,""bottom"":5249},""time"":1729913607623},{""box"":{""left"":7612,""right"":3520,""top"":8087,""bottom"":5249},""time"":1729913607654},{""box"":{""left"":7612,""right"":3520,""top"":8087,""bottom"":5249},""time"":1729913607742},{""box"":{""left"":7612,""right"":3520,""top"":8087,""bottom"":5249},""time"":1729913607909},{""box"":{""left"":7612,""right"":3520,""top"":8087,""bottom"":5249},""time"":1729913607950},{""box"":{""left"":7612,""right"":3520,""top"":8087,""bottom"":5249},""time"":1729913608026},{""box"":{""left"":7612,""right"":3520,""top"":8087,""bottom"":5249},""time"":1729913608060},{""box"":{""left"":7612,""right"":3520,""top"":8087,""bottom"":5249},""time"":1729913608164},{""box"":{""left"":7612,""right"":3520,""top"":8087,""bottom"":5249},""time"":1729913608240},{""box"":{""left"":7612,""right"":3520,""top"":8087,""bottom"":5249},""time"":1729913608281},{""box"":{""left"":7612,""right"":3520,""top"":8087,""bottom"":5249},""time"":1729913608506},{""box"":{""left"":7612,""right"":3520,""top"":8087,""bottom"":5249},""time"":1729913608618},{""box"":{""left"":7612,""right"":3520,""top"":8087,""bottom"":5249},""time"":1729913608707},{""box"":{""left"":7612,""right"":3520,""top"":8087,""bottom"":5249},""time"":1729913608747},{""box"":{""left"":7612,""right"":3520,""top"":8087,""bottom"":5249},""time"":1729913608834},{""box"":{""left"":7612,""right"":3520,""top"":8087,""bottom"":5249},""time"":1729913608925},{""box"":{""left"":7612,""right"":3520,""top"":8087,""bottom"":5249},""time"":1729913608967},{""box"":{""left"":7612,""right"":3520,""top"":8087,""bottom"":5249},""time"":1729913609055},{""box"":{""left"":7612,""right"":3520,""top"":8087,""bottom"":5249},""time"":1729913609086},{""box"":{""left"":7612,""right"":3520,""top"":8087,""bottom"":5249},""time"":1729913609176},{""box"":{""left"":7612,""right"":3520,""top"":8087,""bottom"":5249},""time"":1729913609294},{""box"":{""left"":7612,""right"":3520,""top"":8087,""bottom"":5249},""time"":1729913609424},{""box"":{""left"":7612,""right"":3520,""top"":8087,""bottom"":5249},""time"":1729913609533},{""box"":{""left"":7612,""right"":3520,""top"":8087,""bottom"":5249},""time"":1729913609753},{""box"":{""left"":7612,""right"":3520,""top"":8087,""bottom"":5249},""time"":1729913609921},{""box"":{""left"":7612,""right"":3520,""top"":8087,""bottom"":5249},""time"":1729913610055},{""box"":{""left"":7612,""right"":3520,""top"":8087,""bottom"":5249},""time"":1729913610086},{""box"":{""left"":7612,""right"":3520,""top"":8087,""bottom"":5249},""time"":1729913610154},{""box"":{""left"":7612,""right"":3520,""top"":8087,""bottom"":5249},""time"":1729913610239},{""box"":{""left"":7612,""right"":3520,""top"":8087,""bottom"":5249},""time"":1729913610260},{""box"":{""left"":7612,""right"":3520,""top"":8087,""bottom"":5249},""time"":1729913610328},{""box"":{""left"":7612,""right"":3520,""top"":8087,""bottom"":5249},""time"":1729913610348},{""box"":{""left"":7612,""right"":3520,""top"":8087,""bottom"":5249},""time"":1729913610462},{""box"":{""left"":7612,""right"":3520,""top"":8087,""bottom"":5249},""time"":1729913610596},{""box"":{""left"":7612,""right"":3520,""top"":8087,""bottom"":5249},""time"":1729913610607},{""box"":{""left"":7612,""right"":3520,""top"":8087,""bottom"":5249},""time"":1729913610711},{""box"":{""left"":7612,""right"":3520,""top"":8087,""bottom"":5249},""time"":1729913610807},{""box"":{""left"":7612,""right"":3520,""top"":8087,""bottom"":5249},""time"":1729913610839},{""box"":{""left"":7612,""right"":3520,""top"":8087,""bottom"":5249},""time"":1729913610931},{""box"":{""left"":7612,""right"":3520,""top"":8087,""bottom"":5249},""time"":1729913611032},{""box"":{""left"":7612,""right"":3520,""top"":8087,""bottom"":5249},""time"":1729913611097},{""box"":{""left"":7612,""right"":3520,""top"":8087,""bottom"":5249},""time"":1729913611108},{""box"":{""left"":7612,""right"":3520,""top"":8087,""bottom"":5249},""time"":1729913611192},{""box"":{""left"":7612,""right"":3520,""top"":8087,""bottom"":5249},""time"":1729913611224},{""box"":{""left"":7612,""right"":3520,""top"":8087,""bottom"":5249},""time"":1729913611265},{""box"":{""left"":7612,""right"":3520,""top"":8087,""bottom"":5249},""time"":1729913611331},{""box"":{""left"":7612,""right"":3520,""top"":8087,""bottom"":5249},""time"":1729913611408},{""box"":{""left"":7612,""right"":3520,""top"":8087,""bottom"":5249},""time"":1729913611473},{""box"":{""left"":7612,""right"":3520,""top"":8087,""bottom"":5249},""time"":1729913611507},{""box"":{""left"":7612,""right"":3520,""top"":8087,""bottom"":5249},""time"":1729913611602},{""box"":{""left"":7612,""right"":3520,""top"":8087,""bottom"":5249},""time"":1729913611692},{""box"":{""left"":7612,""right"":3520,""top"":8087,""bottom"":5249},""time"":1729913611761},{""box"":{""left"":7612,""right"":3520,""top"":8087,""bottom"":5249},""time"":1729913611793},{""box"":{""left"":7612,""right"":3520,""top"":8087,""bottom"":5249},""time"":1729913611846},{""box"":{""left"":7612,""right"":3520,""top"":8087,""bottom"":5249},""time"":1729913611878},{""box"":{""left"":7612,""right"":3520,""top"":8087,""bottom"":5249},""time"":1729913611932},{""box"":{""left"":7612,""right"":3520,""top"":8087,""bottom"":5249},""time"":1729913611962},{""box"":{""left"":7612,""right"":3520,""top"":8087,""bottom"":5249},""time"":1729913612028},{""box"":{""left"":7612,""right"":3520,""top"":8087,""bottom"":5249},""time"":1729913612125},{""box"":{""left"":7612,""right"":3520,""top"":8087,""bottom"":5249},""time"":1729913612198},{""box"":{""left"":7612,""right"":3520,""top"":8087,""bottom"":5249},""time"":1729913612230},{""box"":{""left"":7612,""right"":3520,""top"":8087,""bottom"":5249},""time"":1729913612326},{""box"":{""left"":7612,""right"":3520,""top"":8087,""bottom"":5249},""time"":1729913612441},{""box"":{""left"":7612,""right"":3520,""top"":8087,""bottom"":5249},""time"":1729913612550},{""box"":{""left"":7612,""right"":3520,""top"":8087,""bottom"":5249},""time"":1729913612715},{""box"":{""left"":7612,""right"":3520,""top"":8087,""bottom"":5249},""time"":1729913612783},{""box"":{""left"":7612,""right"":3520,""top"":8087,""bottom"":5249},""time"":1729913612815},{""box"":{""left"":7612,""right"":3520,""top"":8087,""bottom"":5249},""time"":1729913612892},{""box"":{""left"":7612,""right"":3520,""top"":8087,""bottom"":5249},""time"":1729913612913},{""box"":{""left"":7612,""right"":3520,""top"":8087,""bottom"":5249},""time"":1729913613000},{""box"":{""left"":7612,""right"":3520,""top"":8087,""bottom"":5249},""time"":1729913613146},{""box"":{""left"":7612,""right"":3520,""top"":8087,""bottom"":5249},""time"":1729913613178},{""box"":{""left"":7612,""right"":3520,""top"":8087,""bottom"":5249},""time"":1729913613282},{""box"":{""left"":7612,""right"":3520,""top"":8087,""bottom"":5249},""time"":1729913613314},{""box"":{""left"":7612,""right"":3520,""top"":8087,""bottom"":5249},""time"":1729913613462},{""box"":{""left"":7612,""right"":3520,""top"":8087,""bottom"":5249},""time"":1729913613538},{""box"":{""left"":7612,""right"":3520,""top"":8087,""bottom"":5249},""time"":1729913613627},{""box"":{""left"":7612,""right"":3520,""top"":8087,""bottom"":5249},""time"":1729913613743},{""box"":{""left"":7612,""right"":3520,""top"":8087,""bottom"":5249},""time"":1729913613838},{""box"":{""left"":7612,""right"":3520,""top"":8087,""bottom"":5249},""time"":1729913613859},{""box"":{""left"":7612,""right"":3520,""top"":8087,""bottom"":5249},""time"":1729913614001},{""box"":{""left"":7612,""right"":3520,""top"":8087,""bottom"":5249},""time"":1729913614166},{""box"":{""left"":7612,""right"":3520,""top"":8087,""bottom"":5249},""time"":1729913614188},{""box"":{""left"":7612,""right"":3520,""top"":8087,""bottom"":5249},""time"":1729913614253},{""box"":{""left"":7612,""right"":3520,""top"":8087,""bottom"":5249},""time"":1729913614274},{""box"":{""left"":7612,""right"":3520,""top"":8087,""bottom"":5249},""time"":1729913614422},{""box"":{""left"":7612,""right"":3520,""top"":8087,""bottom"":5249},""time"":1729913614664},{""box"":{""left"":7612,""right"":3520,""top"":8087,""bottom"":5249},""time"":1729913614858},{""box"":{""left"":7612,""right"":3520,""top"":8087,""bottom"":5249},""time"":1729913614952},{""box"":{""left"":7612,""right"":3520,""top"":8087,""bottom"":5249},""time"":1729913614973},{""box"":{""left"":7612,""right"":3520,""top"":8087,""bottom"":5249},""time"":1729913615038},{""box"":{""left"":7612,""right"":3520,""top"":8087,""bottom"":5249},""time"":1729913615060},{""box"":{""left"":7612,""right"":3520,""top"":8087,""bottom"":5249},""time"":1729913615111},{""box"":{""left"":7612,""right"":3520,""top"":8087,""bottom"":5249},""time"":1729913615144},{""box"":{""left"":7612,""right"":3520,""top"":8087,""bottom"":5249},""time"":1729913615243},{""box"":{""left"":7612,""right"":3520,""top"":8087,""bottom"":5249},""time"":1729913615320},{""box"":{""left"":7612,""right"":3520,""top"":8087,""bottom"":5249},""time"":1729913615463},{""box"":{""left"":7612,""right"":3520,""top"":8087,""bottom"":5249},""time"":1729913615573},{""box"":{""left"":7612,""right"":3520,""top"":8087,""bottom"":5249},""time"":1729913615678},{""box"":{""left"":7612,""right"":3520,""top"":8087,""bottom"":5249},""time"":1729913615754},{""box"":{""left"":7612,""right"":3520,""top"":8087,""bottom"":5249},""time"":1729913615822},{""box"":{""left"":7612,""right"":3520,""top"":8087,""bottom"":5249},""time"":1729913616070},{""box"":{""left"":7612,""right"":3520,""top"":8087,""bottom"":5249},""time"":1729913616149},{""box"":{""left"":7612,""right"":3520,""top"":8087,""bottom"":5249},""time"":1729913616239}",,,,,
56935,Person,2024-10-26 12:33:11,2024-10-26 12:33:43,"{""left"":6587,""right"":3811,""top"":7525,""bottom"":6582},{""box"":{""left"":6587,""right"":3811,""top"":7525,""bottom"":6582},""time"":1729913592109},{""box"":{""left"":6587,""right"":3811,""top"":7525,""bottom"":6582},""time"":1729913592162},{""box"":{""left"":6587,""right"":3811,""top"":7525,""bottom"":6582},""time"":1729913592224},{""box"":{""left"":6587,""right"":3811,""top"":7525,""bottom"":6582},""time"":1729913592266},{""box"":{""left"":6587,""right"":3811,""top"":7525,""bottom"":6582},""time"":1729913592328},{""box"":{""left"":6587,""right"":3811,""top"":7525,""bottom"":6582},""time"":1729913592378},{""box"":{""left"":6587,""right"":3811,""top"":7525,""bottom"":6582},""time"":1729913592449},{""box"":{""left"":6587,""right"":3811,""top"":7525,""bottom"":6582},""time"":1729913592499},{""box"":{""left"":6587,""right"":3811,""top"":7525,""bottom"":6582},""time"":1729913592550},{""box"":{""left"":6587,""right"":3811,""top"":7525,""bottom"":6582},""time"":1729913592613},{""box"":{""left"":6587,""right"":3811,""top"":7525,""bottom"":6582},""time"":1729913592674},{""box"":{""left"":6587,""right"":3811,""top"":7525,""bottom"":6582},""time"":1729913592718},{""box"":{""left"":6587,""right"":3811,""top"":7525,""bottom"":6582},""time"":1729913592778},{""box"":{""left"":6587,""right"":3811,""top"":7525,""bottom"":6582},""time"":1729913592829},{""box"":{""left"":6587,""right"":3811,""top"":7525,""bottom"":6582},""time"":1729913592890},{""box"":{""left"":6587,""right"":3811,""top"":7525,""bottom"":6582},""time"":1729913592942},{""box"":{""left"":6587,""right"":3811,""top"":7525,""bottom"":6582},""time"":1729913593004},{""box"":{""left"":6587,""right"":3811,""top"":7525,""bottom"":6582},""time"":1729913593064},{""box"":{""left"":6587,""right"":3811,""top"":7525,""bottom"":6582},""time"":1729913593165},{""box"":{""left"":6587,""right"":3811,""top"":7525,""bottom"":6582},""time"":1729913593228},{""box"":{""left"":6587,""right"":3811,""top"":7525,""bottom"":6582},""time"":1729913593288},{""box"":{""left"":6587,""right"":3811,""top"":7525,""bottom"":6582},""time"":1729913593339},{""box"":{""left"":6587,""right"":3811,""top"":7525,""bottom"":6582},""time"":1729913593403},{""box"":{""left"":6587,""right"":3811,""top"":7525,""bottom"":6582},""time"":1729913593462},{""box"":{""left"":6587,""right"":3811,""top"":7525,""bottom"":6582},""time"":1729913593514},{""box"":{""left"":6587,""right"":3811,""top"":7525,""bottom"":6582},""time"":1729913593574},{""box"":{""left"":6587,""right"":3811,""top"":7525,""bottom"":6582},""time"":1729913593628},{""box"":{""left"":6587,""right"":3811,""top"":7525,""bottom"":6582},""time"":1729913593688},{""box"":{""left"":6587,""right"":3811,""top"":7525,""bottom"":6582},""time"":1729913593749},{""box"":{""left"":6587,""right"":3811,""top"":7525,""bottom"":6582},""time"":1729913593799},{""box"":{""left"":6587,""right"":3811,""top"":7525,""bottom"":6582},""time"":1729913593861},{""box"":{""left"":6587,""right"":3811,""top"":7525,""bottom"":6582},""time"":1729913593904},{""box"":{""left"":6587,""right"":3811,""top"":7525,""bottom"":6582},""time"":1729913593965},{""box"":{""left"":6587,""right"":3811,""top"":7525,""bottom"":6582},""time"":1729913594087},{""box"":{""left"":6587,""right"":3811,""top"":7525,""bottom"":6582},""time"":1729913594139},{""box"":{""left"":6587,""right"":3811,""top"":7525,""bottom"":6582},""time"":1729913594252},{""box"":{""left"":6587,""right"":3811,""top"":7525,""bottom"":6582},""time"":1729913594302},{""box"":{""left"":6587,""right"":3811,""top"":7525,""bottom"":6582},""time"":1729913594362},{""box"":{""left"":6587,""right"":3811,""top"":7525,""bottom"":6582},""time"":1729913594475},{""box"":{""left"":6587,""right"":3811,""top"":7525,""bottom"":6582},""time"":1729913594527},{""box"":{""left"":6587,""right"":3811,""top"":7525,""bottom"":6582},""time"":1729913594598},{""box"":{""left"":6587,""right"":3811,""top"":7525,""bottom"":6582},""time"":1729913594649},{""box"":{""left"":6587,""right"":3811,""top"":7525,""bottom"":6582},""time"":1729913594719},{""box"":{""left"":6587,""right"":3811,""top"":7525,""bottom"":6582},""time"":1729913594770},{""box"":{""left"":6587,""right"":3811,""top"":7525,""bottom"":6582},""time"":1729913594832},{""box"":{""left"":6587,""right"":3811,""top"":7525,""bottom"":6582},""time"":1729913594875},{""box"":{""left"":6587,""right"":3811,""top"":7525,""bottom"":6582},""time"":1729913594952},{""box"":{""left"":6587,""right"":3811,""top"":7525,""bottom"":6582},""time"":1729913594999},{""box"":{""left"":6587,""right"":3811,""top"":7525,""bottom"":6582},""time"":1729913595061},{""box"":{""left"":6587,""right"":3811,""top"":7525,""bottom"":6582},""time"":1729913595113},{""box"":{""left"":6587,""right"":3811,""top"":7525,""bottom"":6582},""time"":1729913595165},{""box"":{""left"":6587,""right"":3811,""top"":7525,""bottom"":6582},""time"":1729913595225},{""box"":{""left"":6587,""right"":3811,""top"":7525,""bottom"":6582},""time"":1729913595337},{""box"":{""left"":6587,""right"":3811,""top"":7525,""bottom"":6582},""time"":1729913595389},{""box"":{""left"":6587,""right"":3811,""top"":7525,""bottom"":6582},""time"":1729913595442},{""box"":{""left"":6587,""right"":3811,""top"":7525,""bottom"":6582},""time"":1729913595501},{""box"":{""left"":6587,""right"":3811,""top"":7525,""bottom"":6582},""time"":1729913595554},{""box"":{""left"":6587,""right"":3811,""top"":7525,""bottom"":6582},""time"":1729913595625},{""box"":{""left"":6587,""right"":3811,""top"":7525,""bottom"":6582},""time"":1729913595675},{""box"":{""left"":6587,""right"":3811,""top"":7525,""bottom"":6582},""time"":1729913595726},{""box"":{""left"":6587,""right"":3811,""top"":7525,""bottom"":6582},""time"":1729913595853},{""box"":{""left"":6587,""right"":3811,""top"":7525,""bottom"":6582},""time"":1729913595922},{""box"":{""left"":6587,""right"":3811,""top"":7525,""bottom"":6582},""time"":1729913595968},{""box"":{""left"":6587,""right"":3811,""top"":7525,""bottom"":6582},""time"":1729913596017},{""box"":{""left"":6587,""right"":3811,""top"":7525,""bottom"":6582},""time"":1729913596058},{""box"":{""left"":6587,""right"":3811,""top"":7525,""bottom"":6582},""time"":1729913596122},{""box"":{""left"":6587,""right"":3811,""top"":7525,""bottom"":6582},""time"":1729913596190},{""box"":{""left"":6587,""right"":3811,""top"":7525,""bottom"":6582},""time"":1729913596243},{""box"":{""left"":6587,""right"":3811,""top"":7525,""bottom"":6582},""time"":1729913596302},{""box"":{""left"":6587,""right"":3811,""top"":7525,""bottom"":6582},""time"":1729913596354},{""box"":{""left"":6587,""right"":3811,""top"":7525,""bottom"":6582},""time"":1729913596806},{""box"":{""left"":6587,""right"":3811,""top"":7525,""bottom"":6582},""time"":1729913596857},{""box"":{""left"":6587,""right"":3811,""top"":7525,""bottom"":6582},""time"":1729913596918},{""box"":{""left"":6587,""right"":3811,""top"":7525,""bottom"":6582},""time"":1729913596972},{""box"":{""left"":6587,""right"":3811,""top"":7525,""bottom"":6582},""time"":1729913597321},{""box"":{""left"":6587,""right"":3811,""top"":7525,""bottom"":6582},""time"":1729913597375},{""box"":{""left"":6587,""right"":3811,""top"":7525,""bottom"":6582},""time"":1729913597498},{""box"":{""left"":6587,""right"":3811,""top"":7525,""bottom"":6582},""time"":1729913597555},{""box"":{""left"":6587,""right"":3811,""top"":7525,""bottom"":6582},""time"":1729913597612},{""box"":{""left"":6587,""right"":3811,""top"":7525,""bottom"":6582},""time"":1729913597679},{""box"":{""left"":6587,""right"":3811,""top"":7525,""bottom"":6582},""time"":1729913597736},{""box"":{""left"":6587,""right"":3811,""top"":7525,""bottom"":6582},""time"":1729913597793},{""box"":{""left"":6587,""right"":3811,""top"":7525,""bottom"":6582},""time"":1729913597861},{""box"":{""left"":6587,""right"":3811,""top"":7525,""bottom"":6582},""time"":1729913597923},{""box"":{""left"":6587,""right"":3811,""top"":7525,""bottom"":6582},""time"":1729913597981},{""box"":{""left"":6587,""right"":3811,""top"":7525,""bottom"":6582},""time"":1729913598030},{""box"":{""left"":6587,""right"":3811,""top"":7525,""bottom"":6582},""time"":1729913598160},{""box"":{""left"":6587,""right"":3811,""top"":7525,""bottom"":6582},""time"":1729913598240},{""box"":{""left"":6587,""right"":3811,""top"":7525,""bottom"":6582},""time"":1729913598356},{""box"":{""left"":6587,""right"":3811,""top"":7525,""bottom"":6582},""time"":1729913598429},{""box"":{""left"":6587,""right"":3811,""top"":7525,""bottom"":6582},""time"":1729913598500},{""box"":{""left"":6587,""right"":3811,""top"":7525,""bottom"":6582},""time"":1729913598583},{""box"":{""left"":6587,""right"":3811,""top"":7525,""bottom"":6582},""time"":1729913598656},{""box"":{""left"":6587,""right"":3811,""top"":7525,""bottom"":6582},""time"":1729913598727},{""box"":{""left"":6587,""right"":3811,""top"":7525,""bottom"":6582},""time"":1729913598800},{""box"":{""left"":6587,""right"":3811,""top"":7525,""bottom"":6582},""time"":1729913598859},{""box"":{""left"":6587,""right"":3811,""top"":7525,""bottom"":6582},""time"":1729913598932},{""box"":{""left"":6587,""right"":3811,""top"":7525,""bottom"":6582},""time"":1729913598991},{""box"":{""left"":6587,""right"":3811,""top"":7525,""bottom"":6582},""time"":1729913599042},{""box"":{""left"":6587,""right"":3811,""top"":7525,""bottom"":6582},""time"":1729913599100},{""box"":{""left"":6587,""right"":3811,""top"":7525,""bottom"":6582},""time"":1729913599170},{""box"":{""left"":6587,""right"":3811,""top"":7525,""bottom"":6582},""time"":1729913599251},{""box"":{""left"":6587,""right"":3811,""top"":7525,""bottom"":6582},""time"":1729913599327},{""box"":{""left"":6587,""right"":3811,""top"":7525,""bottom"":6582},""time"":1729913599431},{""box"":{""left"":6587,""right"":3811,""top"":7525,""bottom"":6582},""time"":1729913599513},{""box"":{""left"":6587,""right"":3811,""top"":7525,""bottom"":6582},""time"":1729913599595},{""box"":{""left"":6587,""right"":3811,""top"":7525,""bottom"":6582},""time"":1729913599676},{""box"":{""left"":6587,""right"":3811,""top"":7525,""bottom"":6582},""time"":1729913599757},{""box"":{""left"":6587,""right"":3811,""top"":7525,""bottom"":6582},""time"":1729913599834},{""box"":{""left"":6587,""right"":3811,""top"":7525,""bottom"":6582},""time"":1729913599916},{""box"":{""left"":6587,""right"":3811,""top"":7525,""bottom"":6582},""time"":1729913600050},{""box"":{""left"":6587,""right"":3811,""top"":7525,""bottom"":6582},""time"":1729913600182},{""box"":{""left"":6587,""right"":3811,""top"":7525,""bottom"":6582},""time"":1729913600240},{""box"":{""left"":6587,""right"":3811,""top"":7525,""bottom"":6582},""time"":1729913600300},{""box"":{""left"":6587,""right"":3811,""top"":7525,""bottom"":6582},""time"":1729913600373},{""box"":{""left"":6587,""right"":3811,""top"":7525,""bottom"":6582},""time"":1729913600438},{""box"":{""left"":6587,""right"":3811,""top"":7525,""bottom"":6582},""time"":1729913600520},{""box"":{""left"":6587,""right"":3811,""top"":7525,""bottom"":6582},""time"":1729913600643},{""box"":{""left"":6587,""right"":3811,""top"":7525,""bottom"":6582},""time"":1729913600703},{""box"":{""left"":6587,""right"":3811,""top"":7525,""bottom"":6582},""time"":1729913600764},{""box"":{""left"":6587,""right"":3811,""top"":7525,""bottom"":6582},""time"":1729913600823},{""box"":{""left"":6587,""right"":3811,""top"":7525,""bottom"":6582},""time"":1729913600884},{""box"":{""left"":6587,""right"":3811,""top"":7525,""bottom"":6582},""time"":1729913600943},{""box"":{""left"":6587,""right"":3811,""top"":7525,""bottom"":6582},""time"":1729913601012},{""box"":{""left"":6587,""right"":3811,""top"":7525,""bottom"":6582},""time"":1729913601084},{""box"":{""left"":6587,""right"":3811,""top"":7525,""bottom"":6582},""time"":1729913601175},{""box"":{""left"":6587,""right"":3811,""top"":7525,""bottom"":6582},""time"":1729913601244},{""box"":{""left"":6587,""right"":3811,""top"":7525,""bottom"":6582},""time"":1729913601314},{""box"":{""left"":6587,""right"":3811,""top"":7525,""bottom"":6582},""time"":1729913601378},{""box"":{""left"":6587,""right"":3811,""top"":7525,""bottom"":6582},""time"":1729913601456},{""box"":{""left"":6587,""right"":3811,""top"":7525,""bottom"":6582},""time"":1729913601533},{""box"":{""left"":6587,""right"":3811,""top"":7525,""bottom"":6582},""time"":1729913601612},{""box"":{""left"":6587,""right"":3811,""top"":7525,""bottom"":6582},""time"":1729913601756},{""box"":{""left"":6587,""right"":3811,""top"":7525,""bottom"":6582},""time"":1729913601849},{""box"":{""left"":6587,""right"":3811,""top"":7525,""bottom"":6582},""time"":1729913602041},{""box"":{""left"":6587,""right"":3811,""top"":7525,""bottom"":6582},""time"":1729913602072},{""box"":{""left"":6587,""right"":3811,""top"":7525,""bottom"":6582},""time"":1729913602140},{""box"":{""left"":6587,""right"":3811,""top"":7525,""bottom"":6582},""time"":1729913602171},{""box"":{""left"":6587,""right"":3811,""top"":7525,""bottom"":6582},""time"":1729913602280},{""box"":{""left"":6587,""right"":3811,""top"":7525,""bottom"":6582},""time"":1729913602310},{""box"":{""left"":6587,""right"":3811,""top"":7525,""bottom"":6582},""time"":1729913602403},{""box"":{""left"":6587,""right"":3811,""top"":7525,""bottom"":6582},""time"":1729913602432},{""box"":{""left"":6587,""right"":3811,""top"":7525,""bottom"":6582},""time"":1729913602491},{""box"":{""left"":6587,""right"":3811,""top"":7525,""bottom"":6582},""time"":1729913602522},{""box"":{""left"":6587,""right"":3811,""top"":7525,""bottom"":6582},""time"":1729913602571},{""box"":{""left"":6587,""right"":3811,""top"":7525,""bottom"":6582},""time"":1729913602601},{""box"":{""left"":6587,""right"":3811,""top"":7525,""bottom"":6582},""time"":1729913602742},{""box"":{""left"":6587,""right"":3811,""top"":7525,""bottom"":6582},""time"":1729913602772},{""box"":{""left"":6587,""right"":3811,""top"":7525,""bottom"":6582},""time"":1729913602901},{""box"":{""left"":6587,""right"":3811,""top"":7525,""bottom"":6582},""time"":1729913602953},{""box"":{""left"":6587,""right"":3811,""top"":7525,""bottom"":6582},""time"":1729913602983},{""box"":{""left"":6587,""right"":3811,""top"":7525,""bottom"":6582},""time"":1729913603080},{""box"":{""left"":6587,""right"":3811,""top"":7525,""bottom"":6582},""time"":1729913603180},{""box"":{""left"":6587,""right"":3811,""top"":7525,""bottom"":6582},""time"":1729913603422},{""box"":{""left"":6587,""right"":3811,""top"":7525,""bottom"":6582},""time"":1729913604207},{""box"":{""left"":6587,""right"":3811,""top"":7525,""bottom"":6582},""time"":1729913604248},{""box"":{""left"":6587,""right"":3811,""top"":7525,""bottom"":6582},""time"":1729913604413},{""box"":{""left"":6587,""right"":3811,""top"":7525,""bottom"":6582},""time"":1729913604516},{""box"":{""left"":6587,""right"":3811,""top"":7525,""bottom"":6582},""time"":1729913604620},{""box"":{""left"":6587,""right"":3811,""top"":7525,""bottom"":6582},""time"":1729913604691},{""box"":{""left"":6587,""right"":3811,""top"":7525,""bottom"":6582},""time"":1729913604733},{""box"":{""left"":6587,""right"":3811,""top"":7525,""bottom"":6582},""time"":1729913604835},{""box"":{""left"":6587,""right"":3811,""top"":7525,""bottom"":6582},""time"":1729913604936},{""box"":{""left"":6587,""right"":3811,""top"":7525,""bottom"":6582},""time"":1729913605006},{""box"":{""left"":6587,""right"":3811,""top"":7525,""bottom"":6582},""time"":1729913605109},{""box"":{""left"":6587,""right"":3811,""top"":7525,""bottom"":6582},""time"":1729913605175},{""box"":{""left"":6587,""right"":3811,""top"":7525,""bottom"":6582},""time"":1729913605260},{""box"":{""left"":6587,""right"":3811,""top"":7525,""bottom"":6582},""time"":1729913605330},{""box"":{""left"":6587,""right"":3811,""top"":7525,""bottom"":6582},""time"":1729913605423},{""box"":{""left"":6587,""right"":3811,""top"":7525,""bottom"":6582},""time"":1729913605498},{""box"":{""left"":6587,""right"":3811,""top"":7525,""bottom"":6582},""time"":1729913605978},{""box"":{""left"":6587,""right"":3811,""top"":7525,""bottom"":6582},""time"":1729913606109},{""box"":{""left"":6587,""right"":3811,""top"":7525,""bottom"":6582},""time"":1729913606147},{""box"":{""left"":6587,""right"":3811,""top"":7525,""bottom"":6582},""time"":1729913606187},{""box"":{""left"":6587,""right"":3811,""top"":7525,""bottom"":6582},""time"":1729913606291},{""box"":{""left"":6587,""right"":3811,""top"":7525,""bottom"":6582},""time"":1729913606366},{""box"":{""left"":6587,""right"":3811,""top"":7525,""bottom"":6582},""time"":1729913606405},{""box"":{""left"":6587,""right"":3811,""top"":7525,""bottom"":6582},""time"":1729913606491},{""box"":{""left"":6587,""right"":3811,""top"":7525,""bottom"":6582},""time"":1729913606648},{""box"":{""left"":6587,""right"":3811,""top"":7525,""bottom"":6582},""time"":1729913606755},{""box"":{""left"":6587,""right"":3811,""top"":7525,""bottom"":6582},""time"":1729913606937},{""box"":{""left"":6587,""right"":3811,""top"":7525,""bottom"":6582},""time"":1729913606979},{""box"":{""left"":6587,""right"":3811,""top"":7525,""bottom"":6582},""time"":1729913607061},{""box"":{""left"":6587,""right"":3811,""top"":7525,""bottom"":6582},""time"":1729913607752},{""box"":{""left"":6587,""right"":3811,""top"":7525,""bottom"":6582},""time"":1729913607919},{""box"":{""left"":6587,""right"":3811,""top"":7525,""bottom"":6582},""time"":1729913607960},{""box"":{""left"":6587,""right"":3811,""top"":7525,""bottom"":6582},""time"":1729913608134},{""box"":{""left"":6587,""right"":3811,""top"":7525,""bottom"":6582},""time"":1729913608174},{""box"":{""left"":6587,""right"":3811,""top"":7525,""bottom"":6582},""time"":1729913608252},{""box"":{""left"":6587,""right"":3811,""top"":7525,""bottom"":6582},""time"":1729913608292},{""box"":{""left"":6587,""right"":3811,""top"":7525,""bottom"":6582},""time"":1729913608474},{""box"":{""left"":6587,""right"":3811,""top"":7525,""bottom"":6582},""time"":1729913608516},{""box"":{""left"":6587,""right"":3811,""top"":7525,""bottom"":6582},""time"":1729913608628},{""box"":{""left"":6587,""right"":3811,""top"":7525,""bottom"":6582},""time"":1729913608717},{""box"":{""left"":6587,""right"":3811,""top"":7525,""bottom"":6582},""time"":1729913608758},{""box"":{""left"":6587,""right"":3811,""top"":7525,""bottom"":6582},""time"":1729913608844},{""box"":{""left"":6587,""right"":3811,""top"":7525,""bottom"":6582},""time"":1729913608935},{""box"":{""left"":6587,""right"":3811,""top"":7525,""bottom"":6582},""time"":1729913608977},{""box"":{""left"":6587,""right"":3811,""top"":7525,""bottom"":6582},""time"":1729913609096},{""box"":{""left"":6587,""right"":3811,""top"":7525,""bottom"":6582},""time"":1729913609187},{""box"":{""left"":6587,""right"":3811,""top"":7525,""bottom"":6582},""time"":1729913609264},{""box"":{""left"":6587,""right"":3811,""top"":7525,""bottom"":6582},""time"":1729913609305},{""box"":{""left"":6587,""right"":3811,""top"":7525,""bottom"":6582},""time"":1729913609393},{""box"":{""left"":6587,""right"":3811,""top"":7525,""bottom"":6582},""time"":1729913609434},{""box"":{""left"":6587,""right"":3811,""top"":7525,""bottom"":6582},""time"":1729913609513},{""box"":{""left"":6587,""right"":3811,""top"":7525,""bottom"":6582},""time"":1729913609544},{""box"":{""left"":6587,""right"":3811,""top"":7525,""bottom"":6582},""time"":1729913609732},{""box"":{""left"":6587,""right"":3811,""top"":7525,""bottom"":6582},""time"":1729913609763},{""box"":{""left"":6587,""right"":3811,""top"":7525,""bottom"":6582},""time"":1729913609900},{""box"":{""left"":6587,""right"":3811,""top"":7525,""bottom"":6582},""time"":1729913609931},{""box"":{""left"":6587,""right"":3811,""top"":7525,""bottom"":6582},""time"":1729913610065},{""box"":{""left"":6587,""right"":3811,""top"":7525,""bottom"":6582},""time"":1729913610133},{""box"":{""left"":6587,""right"":3811,""top"":7525,""bottom"":6582},""time"":1729913610164},{""box"":{""left"":6587,""right"":3811,""top"":7525,""bottom"":6582},""time"":1729913610250},{""box"":{""left"":6587,""right"":3811,""top"":7525,""bottom"":6582},""time"":1729913610271},{""box"":{""left"":6587,""right"":3811,""top"":7525,""bottom"":6582},""time"":1729913610338},{""box"":{""left"":6587,""right"":3811,""top"":7525,""bottom"":6582},""time"":1729913610358},{""box"":{""left"":6587,""right"":3811,""top"":7525,""bottom"":6582},""time"":1729913610442},{""box"":{""left"":6587,""right"":3811,""top"":7525,""bottom"":6582},""time"":1729913610474},{""box"":{""left"":6587,""right"":3811,""top"":7525,""bottom"":6582},""time"":1729913610617},{""box"":{""left"":6587,""right"":3811,""top"":7525,""bottom"":6582},""time"":1729913610691},{""box"":{""left"":6587,""right"":3811,""top"":7525,""bottom"":6582},""time"":1729913610723},{""box"":{""left"":6587,""right"":3811,""top"":7525,""bottom"":6582},""time"":1729913610819},{""box"":{""left"":6587,""right"":3811,""top"":7525,""bottom"":6582},""time"":1729913610849},{""box"":{""left"":6587,""right"":3811,""top"":7525,""bottom"":6582},""time"":1729913610964},{""box"":{""left"":6587,""right"":3811,""top"":7525,""bottom"":6582},""time"":1729913611119},{""box"":{""left"":6587,""right"":3811,""top"":7525,""bottom"":6582},""time"":1729913611203},{""box"":{""left"":6587,""right"":3811,""top"":7525,""bottom"":6582},""time"":1729913611388},{""box"":{""left"":6587,""right"":3811,""top"":7525,""bottom"":6582},""time"":1729913611418},{""box"":{""left"":6587,""right"":3811,""top"":7525,""bottom"":6582},""time"":1729913611485},{""box"":{""left"":6587,""right"":3811,""top"":7525,""bottom"":6582},""time"":1729913611517},{""box"":{""left"":6587,""right"":3811,""top"":7525,""bottom"":6582},""time"":1729913611580},{""box"":{""left"":6587,""right"":3811,""top"":7525,""bottom"":6582},""time"":1729913611612},{""box"":{""left"":6587,""right"":3811,""top"":7525,""bottom"":6582},""time"":1729913611671},{""box"":{""left"":6587,""right"":3811,""top"":7525,""bottom"":6582},""time"":1729913611703},{""box"":{""left"":6587,""right"":3811,""top"":7525,""bottom"":6582},""time"":1729913612007},{""box"":{""left"":6587,""right"":3811,""top"":7525,""bottom"":6582},""time"":1729913612038},{""box"":{""left"":6587,""right"":3811,""top"":7525,""bottom"":6582},""time"":1729913612105},{""box"":{""left"":6587,""right"":3811,""top"":7525,""bottom"":6582},""time"":1729913612136},{""box"":{""left"":6587,""right"":3811,""top"":7525,""bottom"":6582},""time"":1729913612209},{""box"":{""left"":6587,""right"":3811,""top"":7525,""bottom"":6582},""time"":1729913612240},{""box"":{""left"":6587,""right"":3811,""top"":7525,""bottom"":6582},""time"":1729913612304},{""box"":{""left"":6587,""right"":3811,""top"":7525,""bottom"":6582},""time"":1729913612336},{""box"":{""left"":6587,""right"":3811,""top"":7525,""bottom"":6582},""time"":1729913612420},{""box"":{""left"":6587,""right"":3811,""top"":7525,""bottom"":6582},""time"":1729913612452},{""box"":{""left"":6587,""right"":3811,""top"":7525,""bottom"":6582},""time"":1729913612528},{""box"":{""left"":6587,""right"":3811,""top"":7525,""bottom"":6582},""time"":1729913612560},{""box"":{""left"":6587,""right"":3811,""top"":7525,""bottom"":6582},""time"":1729913612725},{""box"":{""left"":6587,""right"":3811,""top"":7525,""bottom"":6582},""time"":1729913612795},{""box"":{""left"":6587,""right"":3811,""top"":7525,""bottom"":6582},""time"":1729913612825},{""box"":{""left"":6587,""right"":3811,""top"":7525,""bottom"":6582},""time"":1729913612923},{""box"":{""left"":6587,""right"":3811,""top"":7525,""bottom"":6582},""time"":1729913612978},{""box"":{""left"":6587,""right"":3811,""top"":7525,""bottom"":6582},""time"":1729913613010},{""box"":{""left"":6587,""right"":3811,""top"":7525,""bottom"":6582},""time"":1729913613156},{""box"":{""left"":6587,""right"":3811,""top"":7525,""bottom"":6582},""time"":1729913613292},{""box"":{""left"":6587,""right"":3811,""top"":7525,""bottom"":6582},""time"":1729913613324},{""box"":{""left"":6587,""right"":3811,""top"":7525,""bottom"":6582},""time"":1729913613440},{""box"":{""left"":6587,""right"":3811,""top"":7525,""bottom"":6582},""time"":1729913613472},{""box"":{""left"":6587,""right"":3811,""top"":7525,""bottom"":6582},""time"":1729913613517},{""box"":{""left"":6587,""right"":3811,""top"":7525,""bottom"":6582},""time"":1729913613548},{""box"":{""left"":6587,""right"":3811,""top"":7525,""bottom"":6582},""time"":1729913613603},{""box"":{""left"":6587,""right"":3811,""top"":7525,""bottom"":6582},""time"":1729913613637},{""box"":{""left"":6587,""right"":3811,""top"":7525,""bottom"":6582},""time"":1729913613721},{""box"":{""left"":6587,""right"":3811,""top"":7525,""bottom"":6582},""time"":1729913613753},{""box"":{""left"":6587,""right"":3811,""top"":7525,""bottom"":6582},""time"":1729913613870},{""box"":{""left"":6587,""right"":3811,""top"":7525,""bottom"":6582},""time"":1729913613981},{""box"":{""left"":6587,""right"":3811,""top"":7525,""bottom"":6582},""time"":1729913614011},{""box"":{""left"":6587,""right"":3811,""top"":7525,""bottom"":6582},""time"":1729913614198},{""box"":{""left"":6587,""right"":3811,""top"":7525,""bottom"":6582},""time"":1729913614285},{""box"":{""left"":6587,""right"":3811,""top"":7525,""bottom"":6582},""time"":1729913614402},{""box"":{""left"":6587,""right"":3811,""top"":7525,""bottom"":6582},""time"":1729913614432},{""box"":{""left"":6587,""right"":3811,""top"":7525,""bottom"":6582},""time"":1729913614643},{""box"":{""left"":6587,""right"":3811,""top"":7525,""bottom"":6582},""time"":1729913614674},{""box"":{""left"":6587,""right"":3811,""top"":7525,""bottom"":6582},""time"":1729913614836},{""box"":{""left"":6587,""right"":3811,""top"":7525,""bottom"":6582},""time"":1729913614868},{""box"":{""left"":6587,""right"":3811,""top"":7525,""bottom"":6582},""time"":1729913614985},{""box"":{""left"":6587,""right"":3811,""top"":7525,""bottom"":6582},""time"":1729913615123},{""box"":{""left"":6587,""right"":3811,""top"":7525,""bottom"":6582},""time"":1729913615154},{""box"":{""left"":6587,""right"":3811,""top"":7525,""bottom"":6582},""time"":1729913615222},{""box"":{""left"":6587,""right"":3811,""top"":7525,""bottom"":6582},""time"":1729913615253},{""box"":{""left"":6587,""right"":3811,""top"":7525,""bottom"":6582},""time"":1729913615330},{""box"":{""left"":6587,""right"":3811,""top"":7525,""bottom"":6582},""time"":1729913615443},{""box"":{""left"":6587,""right"":3811,""top"":7525,""bottom"":6582},""time"":1729913615475},{""box"":{""left"":6587,""right"":3811,""top"":7525,""bottom"":6582},""time"":1729913615583},{""box"":{""left"":6587,""right"":3811,""top"":7525,""bottom"":6582},""time"":1729913615656},{""box"":{""left"":6587,""right"":3811,""top"":7525,""bottom"":6582},""time"":1729913615688},{""box"":{""left"":6587,""right"":3811,""top"":7525,""bottom"":6582},""time"":1729913615732},{""box"":{""left"":6587,""right"":3811,""top"":7525,""bottom"":6582},""time"":1729913615764},{""box"":{""left"":6587,""right"":3811,""top"":7525,""bottom"":6582},""time"":1729913615800},{""box"":{""left"":6587,""right"":3811,""top"":7525,""bottom"":6582},""time"":1729913615832},{""box"":{""left"":6587,""right"":3811,""top"":7525,""bottom"":6582},""time"":1729913615900},{""box"":{""left"":6587,""right"":3811,""top"":7525,""bottom"":6582},""time"":1729913616049},{""box"":{""left"":6587,""right"":3811,""top"":7525,""bottom"":6582},""time"":1729913616081},{""box"":{""left"":6587,""right"":3811,""top"":7525,""bottom"":6582},""time"":1729913616159},{""box"":{""left"":6587,""right"":3811,""top"":7525,""bottom"":6582},""time"":1729913616250},{""box"":{""left"":6587,""right"":3811,""top"":7525,""bottom"":6582},""time"":1729913616528},{""box"":{""left"":6587,""right"":3811,""top"":7525,""bottom"":6582},""time"":1729913616657},{""box"":{""left"":6587,""right"":3811,""top"":7525,""bottom"":6582},""time"":1729913616773},{""box"":{""left"":6587,""right"":3811,""top"":7525,""bottom"":6582},""time"":1729913616891},{""box"":{""left"":6587,""right"":3811,""top"":7525,""bottom"":6582},""time"":1729913616987},{""box"":{""left"":6587,""right"":3811,""top"":7525,""bottom"":6582},""time"":1729913617212},{""box"":{""left"":6587,""right"":3811,""top"":7525,""bottom"":6582},""time"":1729913617267},{""box"":{""left"":6587,""right"":3811,""top"":7525,""bottom"":6582},""time"":1729913617352},{""box"":{""left"":6587,""right"":3811,""top"":7525,""bottom"":6582},""time"":1729913617437},{""box"":{""left"":6587,""right"":3811,""top"":7525,""bottom"":6582},""time"":1729913617523},{""box"":{""left"":6587,""right"":3811,""top"":7525,""bottom"":6582},""time"":1729913617608},{""box"":{""left"":6587,""right"":3811,""top"":7525,""bottom"":6582},""time"":1729913617692},{""box"":{""left"":6587,""right"":3811,""top"":7525,""bottom"":6582},""time"":1729913617778},{""box"":{""left"":6587,""right"":3811,""top"":7525,""bottom"":6582},""time"":1729913617863},{""box"":{""left"":6587,""right"":3811,""top"":7525,""bottom"":6582},""time"":1729913617949},{""box"":{""left"":6587,""right"":3811,""top"":7525,""bottom"":6582},""time"":1729913618034},{""box"":{""left"":6587,""right"":3811,""top"":7525,""bottom"":6582},""time"":1729913618119},{""box"":{""left"":6587,""right"":3811,""top"":7525,""bottom"":6582},""time"":1729913618194},{""box"":{""left"":6587,""right"":3811,""top"":7525,""bottom"":6582},""time"":1729913618228},{""box"":{""left"":6587,""right"":3811,""top"":7525,""bottom"":6582},""time"":1729913618291},{""box"":{""left"":6587,""right"":3811,""top"":7525,""bottom"":6582},""time"":1729913618377},{""box"":{""left"":6587,""right"":3811,""top"":7525,""bottom"":6582},""time"":1729913618462},{""box"":{""left"":6587,""right"":3811,""top"":7525,""bottom"":6582},""time"":1729913618523},{""box"":{""left"":6587,""right"":3811,""top"":7525,""bottom"":6582},""time"":1729913618609},{""box"":{""left"":6587,""right"":3811,""top"":7525,""bottom"":6582},""time"":1729913618673},{""box"":{""left"":6587,""right"":3811,""top"":7525,""bottom"":6582},""time"":1729913618705},{""box"":{""left"":6587,""right"":3811,""top"":7525,""bottom"":6582},""time"":1729913618791},{""box"":{""left"":6587,""right"":3811,""top"":7525,""bottom"":6582},""time"":1729913618877},{""box"":{""left"":6587,""right"":3811,""top"":7525,""bottom"":6582},""time"":1729913618961},{""box"":{""left"":6587,""right"":3811,""top"":7525,""bottom"":6582},""time"":1729913619049},{""box"":{""left"":6587,""right"":3811,""top"":7525,""bottom"":6582},""time"":1729913619135},{""box"":{""left"":6587,""right"":3811,""top"":7525,""bottom"":6582},""time"":1729913619220},{""box"":{""left"":6587,""right"":3811,""top"":7525,""bottom"":6582},""time"":1729913619307},{""box"":{""left"":6587,""right"":3811,""top"":7525,""bottom"":6582},""time"":1729913619386},{""box"":{""left"":6587,""right"":3811,""top"":7525,""bottom"":6582},""time"":1729913619408},{""box"":{""left"":6587,""right"":3811,""top"":7525,""bottom"":6582},""time"":1729913619489},{""box"":{""left"":6587,""right"":3811,""top"":7525,""bottom"":6582},""time"":1729913619563},{""box"":{""left"":6587,""right"":3811,""top"":7525,""bottom"":6582},""time"":1729913619644},{""box"":{""left"":6587,""right"":3811,""top"":7525,""bottom"":6582},""time"":1729913619744},{""box"":{""left"":6587,""right"":3811,""top"":7525,""bottom"":6582},""time"":1729913619824},{""box"":{""left"":6587,""right"":3811,""top"":7525,""bottom"":6582},""time"":1729913619905},{""box"":{""left"":6587,""right"":3811,""top"":7525,""bottom"":6582},""time"":1729913619986},{""box"":{""left"":6587,""right"":3811,""top"":7525,""bottom"":6582},""time"":1729913620067},{""box"":{""left"":6587,""right"":3811,""top"":7525,""bottom"":6582},""time"":1729913620330},{""box"":{""left"":6587,""right"":3811,""top"":7525,""bottom"":6582},""time"":1729913620369},{""box"":{""left"":6587,""right"":3811,""top"":7525,""bottom"":6582},""time"":1729913620436},{""box"":{""left"":6587,""right"":3811,""top"":7525,""bottom"":6582},""time"":1729913620496},{""box"":{""left"":6587,""right"":3811,""top"":7525,""bottom"":6582},""time"":1729913620562},{""box"":{""left"":6587,""right"":3811,""top"":7525,""bottom"":6582},""time"":1729913620617},{""box"":{""left"":6587,""right"":3811,""top"":7525,""bottom"":6582},""time"":1729913620638},{""box"":{""left"":6587,""right"":3811,""top"":7525,""bottom"":6582},""time"":1729913620705},{""box"":{""left"":6587,""right"":3811,""top"":7525,""bottom"":6582},""time"":1729913620771},{""box"":{""left"":6587,""right"":3811,""top"":7525,""bottom"":6582},""time"":1729913620837},{""box"":{""left"":6587,""right"":3811,""top"":7525,""bottom"":6582},""time"":1729913620903},{""box"":{""left"":6587,""right"":3811,""top"":7525,""bottom"":6582},""time"":1729913620969},{""box"":{""left"":6587,""right"":3811,""top"":7525,""bottom"":6582},""time"":1729913621036},{""box"":{""left"":6587,""right"":3811,""top"":7525,""bottom"":6582},""time"":1729913621458},{""box"":{""left"":6587,""right"":3811,""top"":7525,""bottom"":6582},""time"":1729913621686},{""box"":{""left"":6587,""right"":3811,""top"":7525,""bottom"":6582},""time"":1729913621708},{""box"":{""left"":6587,""right"":3811,""top"":7525,""bottom"":6582},""time"":1729913621801},{""box"":{""left"":6587,""right"":3811,""top"":7525,""bottom"":6582},""time"":1729913621874},{""box"":{""left"":6587,""right"":3811,""top"":7525,""bottom"":6582},""time"":1729913621947},{""box"":{""left"":6587,""right"":3811,""top"":7525,""bottom"":6582},""time"":1729913622020},{""box"":{""left"":6587,""right"":3811,""top"":7525,""bottom"":6582},""time"":1729913622092},{""box"":{""left"":6587,""right"":3811,""top"":7525,""bottom"":6582},""time"":1729913622137},{""box"":{""left"":6587,""right"":3811,""top"":7525,""bottom"":6582},""time"":1729913622206},{""box"":{""left"":6587,""right"":3811,""top"":7525,""bottom"":6582},""time"":1729913622240},{""box"":{""left"":6587,""right"":3811,""top"":7525,""bottom"":6582},""time"":1729913622263},{""box"":{""left"":6587,""right"":3811,""top"":7525,""bottom"":6582},""time"":1729913622331},{""box"":{""left"":6587,""right"":3811,""top"":7525,""bottom"":6582},""time"":1729913622398},{""box"":{""left"":6587,""right"":3811,""top"":7525,""bottom"":6582},""time"":1729913622466},{""box"":{""left"":6587,""right"":3811,""top"":7525,""bottom"":6582},""time"":1729913622535},{""box"":{""left"":6587,""right"":3811,""top"":7525,""bottom"":6582},""time"":1729913622574},{""box"":{""left"":6587,""right"":3811,""top"":7525,""bottom"":6582},""time"":1729913622635},{""box"":{""left"":6587,""right"":3811,""top"":7525,""bottom"":6582},""time"":1729913622657},{""box"":{""left"":6587,""right"":3811,""top"":7525,""bottom"":6582},""time"":1729913622731},{""box"":{""left"":6587,""right"":3811,""top"":7525,""bottom"":6582},""time"":1729913622787},{""box"":{""left"":6587,""right"":3811,""top"":7525,""bottom"":6582},""time"":1729913622810},{""box"":{""left"":6587,""right"":3811,""top"":7525,""bottom"":6582},""time"":1729913622878},{""box"":{""left"":6587,""right"":3811,""top"":7525,""bottom"":6582},""time"":1729913622946},{""box"":{""left"":6587,""right"":3811,""top"":7525,""bottom"":6582},""time"":1729913623005},{""box"":{""left"":6587,""right"":3811,""top"":7525,""bottom"":6582},""time"":1729913623046},{""box"":{""left"":6587,""right"":3811,""top"":7525,""bottom"":6582},""time"":1729913623115},{""box"":{""left"":6587,""right"":3811,""top"":7525,""bottom"":6582},""time"":1729913623184},{""box"":{""left"":6587,""right"":3811,""top"":7525,""bottom"":6582},""time"":1729913623258},{""box"":{""left"":6587,""right"":3811,""top"":7525,""bottom"":6582},""time"":1729913623331},{""box"":{""left"":6587,""right"":3811,""top"":7525,""bottom"":6582},""time"":1729913623404},{""box"":{""left"":6587,""right"":3811,""top"":7525,""bottom"":6582},""time"":1729913623500},{""box"":{""left"":6587,""right"":3811,""top"":7525,""bottom"":6582},""time"":1729913623568},{""box"":{""left"":6587,""right"":3811,""top"":7525,""bottom"":6582},""time"":1729913623609},{""box"":{""left"":6587,""right"":3811,""top"":7525,""bottom"":6582},""time"":1729913623666},{""box"":{""left"":6587,""right"":3811,""top"":7525,""bottom"":6582},""time"":1729913623690}",,,,,
56937,Person,2024-10-26 12:33:17,2024-10-26 12:33:20,"{""left"":8862,""right"":6248,""top"":10000,""bottom"":10000},{""box"":{""left"":8862,""right"":6248,""top"":10000,""bottom"":10000},""time"":1729913597688},{""box"":{""left"":8862,""right"":6248,""top"":10000,""bottom"":10000},""time"":1729913597745},{""box"":{""left"":8862,""right"":6248,""top"":10000,""bottom"":10000},""time"":1729913597803},{""box"":{""left"":8862,""right"":6248,""top"":10000,""bottom"":10000},""time"":1729913597870},{""box"":{""left"":8862,""right"":6248,""top"":10000,""bottom"":10000},""time"":1729913597933},{""box"":{""left"":8862,""right"":6248,""top"":10000,""bottom"":10000},""time"":1729913597991},{""box"":{""left"":8862,""right"":6248,""top"":10000,""bottom"":10000},""time"":1729913598040},{""box"":{""left"":8862,""right"":6248,""top"":10000,""bottom"":10000},""time"":1729913598169},{""box"":{""left"":8862,""right"":6248,""top"":10000,""bottom"":10000},""time"":1729913598250},{""box"":{""left"":8862,""right"":6248,""top"":10000,""bottom"":10000},""time"":1729913598365},{""box"":{""left"":8862,""right"":6248,""top"":10000,""bottom"":10000},""time"":1729913598439},{""box"":{""left"":8862,""right"":6248,""top"":10000,""bottom"":10000},""time"":1729913598510},{""box"":{""left"":8862,""right"":6248,""top"":10000,""bottom"":10000},""time"":1729913598593},{""box"":{""left"":8862,""right"":6248,""top"":10000,""bottom"":10000},""time"":1729913598666},{""box"":{""left"":8862,""right"":6248,""top"":10000,""bottom"":10000},""time"":1729913598736},{""box"":{""left"":8862,""right"":6248,""top"":10000,""bottom"":10000},""time"":1729913598809},{""box"":{""left"":8862,""right"":6248,""top"":10000,""bottom"":10000},""time"":1729913598869},{""box"":{""left"":8862,""right"":6248,""top"":10000,""bottom"":10000},""time"":1729913598941},{""box"":{""left"":8862,""right"":6248,""top"":10000,""bottom"":10000},""time"":1729913599001},{""box"":{""left"":8862,""right"":6248,""top"":10000,""bottom"":10000},""time"":1729913599051},{""box"":{""left"":8862,""right"":6248,""top"":10000,""bottom"":10000},""time"":1729913599109},{""box"":{""left"":8862,""right"":6248,""top"":10000,""bottom"":10000},""time"":1729913599180},{""box"":{""left"":8862,""right"":6248,""top"":10000,""bottom"":10000},""time"":1729913599260},{""box"":{""left"":8862,""right"":6248,""top"":10000,""bottom"":10000},""time"":1729913599337},{""box"":{""left"":8862,""right"":6248,""top"":10000,""bottom"":10000},""time"":1729913599441},{""box"":{""left"":8862,""right"":6248,""top"":10000,""bottom"":10000},""time"":1729913599522},{""box"":{""left"":8862,""right"":6248,""top"":10000,""bottom"":10000},""time"":1729913599604},{""box"":{""left"":8862,""right"":6248,""top"":10000,""bottom"":10000},""time"":1729913599686},{""box"":{""left"":8862,""right"":6248,""top"":10000,""bottom"":10000},""time"":1729913599767},{""box"":{""left"":8862,""right"":6248,""top"":10000,""bottom"":10000},""time"":1729913599844},{""box"":{""left"":8862,""right"":6248,""top"":10000,""bottom"":10000},""time"":1729913599925},{""box"":{""left"":8862,""right"":6248,""top"":10000,""bottom"":10000},""time"":1729913600001},{""box"":{""left"":8862,""right"":6248,""top"":10000,""bottom"":10000},""time"":1729913600059},{""box"":{""left"":8862,""right"":6248,""top"":10000,""bottom"":10000},""time"":1729913600192},{""box"":{""left"":8862,""right"":6248,""top"":10000,""bottom"":10000},""time"":1729913600249},{""box"":{""left"":8862,""right"":6248,""top"":10000,""bottom"":10000},""time"":1729913600382}",,,,,
56938,Person,2024-10-26 12:33:17,2024-10-26 12:33:22,"{""left"":1768,""right"":2468,""top"":1956,""bottom"":3614},{""box"":{""left"":1768,""right"":2468,""top"":1956,""bottom"":3614},""time"":1729913598259},{""box"":{""left"":1768,""right"":2468,""top"":1956,""bottom"":3614},""time"":1729913598375},{""box"":{""left"":1768,""right"":2468,""top"":1956,""bottom"":3614},""time"":1729913598519},{""box"":{""left"":1768,""right"":2468,""top"":1956,""bottom"":3614},""time"":1729913598602},{""box"":{""left"":1768,""right"":2468,""top"":1956,""bottom"":3614},""time"":1729913598745},{""box"":{""left"":1768,""right"":2468,""top"":1956,""bottom"":3614},""time"":1729913598878},{""box"":{""left"":1768,""right"":2468,""top"":1956,""bottom"":3614},""time"":1729913599188},{""box"":{""left"":1768,""right"":2468,""top"":1956,""bottom"":3614},""time"":1729913599270},{""box"":{""left"":1768,""right"":2468,""top"":1956,""bottom"":3614},""time"":1729913599346},{""box"":{""left"":1768,""right"":2468,""top"":1956,""bottom"":3614},""time"":1729913599450},{""box"":{""left"":1768,""right"":2468,""top"":1956,""bottom"":3614},""time"":1729913599532},{""box"":{""left"":1768,""right"":2468,""top"":1956,""bottom"":3614},""time"":1729913599613},{""box"":{""left"":1768,""right"":2468,""top"":1956,""bottom"":3614},""time"":1729913599695},{""box"":{""left"":1768,""right"":2468,""top"":1956,""bottom"":3614},""time"":1729913599853},{""box"":{""left"":1768,""right"":2468,""top"":1956,""bottom"":3614},""time"":1729913599935},{""box"":{""left"":1768,""right"":2468,""top"":1956,""bottom"":3614},""time"":1729913600011},{""box"":{""left"":1768,""right"":2468,""top"":1956,""bottom"":3614},""time"":1729913600069},{""box"":{""left"":1768,""right"":2468,""top"":1956,""bottom"":3614},""time"":1729913600258},{""box"":{""left"":1768,""right"":2468,""top"":1956,""bottom"":3614},""time"":1729913600309},{""box"":{""left"":1768,""right"":2468,""top"":1956,""bottom"":3614},""time"":1729913600448},{""box"":{""left"":1768,""right"":2468,""top"":1956,""bottom"":3614},""time"":1729913600529},{""box"":{""left"":1768,""right"":2468,""top"":1956,""bottom"":3614},""time"":1729913600593},{""box"":{""left"":1768,""right"":2468,""top"":1956,""bottom"":3614},""time"":1729913600653},{""box"":{""left"":1768,""right"":2468,""top"":1956,""bottom"":3614},""time"":1729913600713},{""box"":{""left"":1768,""right"":2468,""top"":1956,""bottom"":3614},""time"":1729913600773},{""box"":{""left"":1768,""right"":2468,""top"":1956,""bottom"":3614},""time"":1729913600833},{""box"":{""left"":1768,""right"":2468,""top"":1956,""bottom"":3614},""time"":1729913600893},{""box"":{""left"":1768,""right"":2468,""top"":1956,""bottom"":3614},""time"":1729913600953},{""box"":{""left"":1768,""right"":2468,""top"":1956,""bottom"":3614},""time"":1729913601021},{""box"":{""left"":1768,""right"":2468,""top"":1956,""bottom"":3614},""time"":1729913601094},{""box"":{""left"":1768,""right"":2468,""top"":1956,""bottom"":3614},""time"":1729913601184},{""box"":{""left"":1768,""right"":2468,""top"":1956,""bottom"":3614},""time"":1729913601254},{""box"":{""left"":1768,""right"":2468,""top"":1956,""bottom"":3614},""time"":1729913601323},{""box"":{""left"":1768,""right"":2468,""top"":1956,""bottom"":3614},""time"":1729913601388},{""box"":{""left"":1768,""right"":2468,""top"":1956,""bottom"":3614},""time"":1729913601465},{""box"":{""left"":1768,""right"":2468,""top"":1956,""bottom"":3614},""time"":1729913601543},{""box"":{""left"":1768,""right"":2468,""top"":1956,""bottom"":3614},""time"":1729913601621},{""box"":{""left"":1768,""right"":2468,""top"":1956,""bottom"":3614},""time"":1729913601766},{""box"":{""left"":1768,""right"":2468,""top"":1956,""bottom"":3614},""time"":1729913601859},{""box"":{""left"":1768,""right"":2468,""top"":1956,""bottom"":3614},""time"":1729913602081},{""box"":{""left"":1768,""right"":2468,""top"":1956,""bottom"":3614},""time"":1729913602180}",,,,,
56939,Person,2024-10-26 12:33:20,2024-10-26 12:33:39,"{""left"":2882,""right"":6440,""top"":4000,""bottom"":9996},{""box"":{""left"":2882,""right"":6440,""top"":4000,""bottom"":9996},""time"":1729913600457},{""box"":{""left"":2882,""right"":6440,""top"":4000,""bottom"":9996},""time"":1729913600539},{""box"":{""left"":2882,""right"":6440,""top"":4000,""bottom"":9996},""time"":1729913600602},{""box"":{""left"":2882,""right"":6440,""top"":4000,""bottom"":9996},""time"":1729913600662},{""box"":{""left"":2882,""right"":6440,""top"":4000,""bottom"":9996},""time"":1729913600722},{""box"":{""left"":2882,""right"":6440,""top"":4000,""bottom"":9996},""time"":1729913600782},{""box"":{""left"":2882,""right"":6440,""top"":4000,""bottom"":9996},""time"":1729913600842},{""box"":{""left"":2882,""right"":6440,""top"":4000,""bottom"":9996},""time"":1729913600903},{""box"":{""left"":2882,""right"":6440,""top"":4000,""bottom"":9996},""time"":1729913600962},{""box"":{""left"":2882,""right"":6440,""top"":4000,""bottom"":9996},""time"":1729913601031},{""box"":{""left"":2882,""right"":6440,""top"":4000,""bottom"":9996},""time"":1729913601103},{""box"":{""left"":2882,""right"":6440,""top"":4000,""bottom"":9996},""time"":1729913601194},{""box"":{""left"":2882,""right"":6440,""top"":4000,""bottom"":9996},""time"":1729913601264},{""box"":{""left"":2882,""right"":6440,""top"":4000,""bottom"":9996},""time"":1729913601397},{""box"":{""left"":2882,""right"":6440,""top"":4000,""bottom"":9996},""time"":1729913601475},{""box"":{""left"":2882,""right"":6440,""top"":4000,""bottom"":9996},""time"":1729913601553},{""box"":{""left"":2882,""right"":6440,""top"":4000,""bottom"":9996},""time"":1729913601631},{""box"":{""left"":2882,""right"":6440,""top"":4000,""bottom"":9996},""time"":1729913601775},{""box"":{""left"":2882,""right"":6440,""top"":4000,""bottom"":9996},""time"":1729913601868},{""box"":{""left"":2882,""right"":6440,""top"":4000,""bottom"":9996},""time"":1729913602091},{""box"":{""left"":2882,""right"":6440,""top"":4000,""bottom"":9996},""time"":1729913602190},{""box"":{""left"":2882,""right"":6440,""top"":4000,""bottom"":9996},""time"":1729913602320},{""box"":{""left"":2882,""right"":6440,""top"":4000,""bottom"":9996},""time"":1729913602442},{""box"":{""left"":2882,""right"":6440,""top"":4000,""bottom"":9996},""time"":1729913602531},{""box"":{""left"":2882,""right"":6440,""top"":4000,""bottom"":9996},""time"":1729913602610},{""box"":{""left"":2882,""right"":6440,""top"":4000,""bottom"":9996},""time"":1729913602782},{""box"":{""left"":2882,""right"":6440,""top"":4000,""bottom"":9996},""time"":1729913602911},{""box"":{""left"":2882,""right"":6440,""top"":4000,""bottom"":9996},""time"":1729913602993},{""box"":{""left"":2882,""right"":6440,""top"":4000,""bottom"":9996},""time"":1729913603089},{""box"":{""left"":2882,""right"":6440,""top"":4000,""bottom"":9996},""time"":1729913603189},{""box"":{""left"":2882,""right"":6440,""top"":4000,""bottom"":9996},""time"":1729913603326},{""box"":{""left"":2882,""right"":6440,""top"":4000,""bottom"":9996},""time"":1729913603432},{""box"":{""left"":2882,""right"":6440,""top"":4000,""bottom"":9996},""time"":1729913604258},{""box"":{""left"":2882,""right"":6440,""top"":4000,""bottom"":9996},""time"":1729913604423},{""box"":{""left"":2882,""right"":6440,""top"":4000,""bottom"":9996},""time"":1729913604527},{""box"":{""left"":2882,""right"":6440,""top"":4000,""bottom"":9996},""time"":1729913604630},{""box"":{""left"":2882,""right"":6440,""top"":4000,""bottom"":9996},""time"":1729913604743},{""box"":{""left"":2882,""right"":6440,""top"":4000,""bottom"":9996},""time"":1729913604845},{""box"":{""left"":2882,""right"":6440,""top"":4000,""bottom"":9996},""time"":1729913604945},{""box"":{""left"":2882,""right"":6440,""top"":4000,""bottom"":9996},""time"":1729913605016},{""box"":{""left"":2882,""right"":6440,""top"":4000,""bottom"":9996},""time"":1729913605120},{""box"":{""left"":2882,""right"":6440,""top"":4000,""bottom"":9996},""time"":1729913605185},{""box"":{""left"":2882,""right"":6440,""top"":4000,""bottom"":9996},""time"":1729913605270},{""box"":{""left"":2882,""right"":6440,""top"":4000,""bottom"":9996},""time"":1729913605340},{""box"":{""left"":2882,""right"":6440,""top"":4000,""bottom"":9996},""time"":1729913605434},{""box"":{""left"":2882,""right"":6440,""top"":4000,""bottom"":9996},""time"":1729913605508},{""box"":{""left"":2882,""right"":6440,""top"":4000,""bottom"":9996},""time"":1729913605988},{""box"":{""left"":2882,""right"":6440,""top"":4000,""bottom"":9996},""time"":1729913606119},{""box"":{""left"":2882,""right"":6440,""top"":4000,""bottom"":9996},""time"":1729913606197},{""box"":{""left"":2882,""right"":6440,""top"":4000,""bottom"":9996},""time"":1729913606301},{""box"":{""left"":2882,""right"":6440,""top"":4000,""bottom"":9996},""time"":1729913606415},{""box"":{""left"":2882,""right"":6440,""top"":4000,""bottom"":9996},""time"":1729913606500},{""box"":{""left"":2882,""right"":6440,""top"":4000,""bottom"":9996},""time"":1729913606659},{""box"":{""left"":2882,""right"":6440,""top"":4000,""bottom"":9996},""time"":1729913606765},{""box"":{""left"":2882,""right"":6440,""top"":4000,""bottom"":9996},""time"":1729913606990},{""box"":{""left"":2882,""right"":6440,""top"":4000,""bottom"":9996},""time"":1729913607071},{""box"":{""left"":2882,""right"":6440,""top"":4000,""bottom"":9996},""time"":1729913607762},{""box"":{""left"":2882,""right"":6440,""top"":4000,""bottom"":9996},""time"":1729913607971},{""box"":{""left"":2882,""right"":6440,""top"":4000,""bottom"":9996},""time"":1729913608185},{""box"":{""left"":2882,""right"":6440,""top"":4000,""bottom"":9996},""time"":1729913608302},{""box"":{""left"":2882,""right"":6440,""top"":4000,""bottom"":9996},""time"":1729913608526},{""box"":{""left"":2882,""right"":6440,""top"":4000,""bottom"":9996},""time"":1729913608638},{""box"":{""left"":2882,""right"":6440,""top"":4000,""bottom"":9996},""time"":1729913608768},{""box"":{""left"":2882,""right"":6440,""top"":4000,""bottom"":9996},""time"":1729913608854},{""box"":{""left"":2882,""right"":6440,""top"":4000,""bottom"":9996},""time"":1729913608987},{""box"":{""left"":2882,""right"":6440,""top"":4000,""bottom"":9996},""time"":1729913609107},{""box"":{""left"":2882,""right"":6440,""top"":4000,""bottom"":9996},""time"":1729913609197},{""box"":{""left"":2882,""right"":6440,""top"":4000,""bottom"":9996},""time"":1729913609315},{""box"":{""left"":2882,""right"":6440,""top"":4000,""bottom"":9996},""time"":1729913609445},{""box"":{""left"":2882,""right"":6440,""top"":4000,""bottom"":9996},""time"":1729913609554},{""box"":{""left"":2882,""right"":6440,""top"":4000,""bottom"":9996},""time"":1729913609774},{""box"":{""left"":2882,""right"":6440,""top"":4000,""bottom"":9996},""time"":1729913609942},{""box"":{""left"":2882,""right"":6440,""top"":4000,""bottom"":9996},""time"":1729913610175},{""box"":{""left"":2882,""right"":6440,""top"":4000,""bottom"":9996},""time"":1729913610281},{""box"":{""left"":2882,""right"":6440,""top"":4000,""bottom"":9996},""time"":1729913610368},{""box"":{""left"":2882,""right"":6440,""top"":4000,""bottom"":9996},""time"":1729913610484},{""box"":{""left"":2882,""right"":6440,""top"":4000,""bottom"":9996},""time"":1729913610627},{""box"":{""left"":2882,""right"":6440,""top"":4000,""bottom"":9996},""time"":1729913610733},{""box"":{""left"":2882,""right"":6440,""top"":4000,""bottom"":9996},""time"":1729913610861},{""box"":{""left"":2882,""right"":6440,""top"":4000,""bottom"":9996},""time"":1729913610976},{""box"":{""left"":2882,""right"":6440,""top"":4000,""bottom"":9996},""time"":1729913611129},{""box"":{""left"":2882,""right"":6440,""top"":4000,""bottom"":9996},""time"":1729913611234},{""box"":{""left"":2882,""right"":6440,""top"":4000,""bottom"":9996},""time"":1729913611429},{""box"":{""left"":2882,""right"":6440,""top"":4000,""bottom"":9996},""time"":1729913611528},{""box"":{""left"":2882,""right"":6440,""top"":4000,""bottom"":9996},""time"":1729913611622},{""box"":{""left"":2882,""right"":6440,""top"":4000,""bottom"":9996},""time"":1729913611713},{""box"":{""left"":2882,""right"":6440,""top"":4000,""bottom"":9996},""time"":1729913612049},{""box"":{""left"":2882,""right"":6440,""top"":4000,""bottom"":9996},""time"":1729913612147},{""box"":{""left"":2882,""right"":6440,""top"":4000,""bottom"":9996},""time"":1729913612251},{""box"":{""left"":2882,""right"":6440,""top"":4000,""bottom"":9996},""time"":1729913612346},{""box"":{""left"":2882,""right"":6440,""top"":4000,""bottom"":9996},""time"":1729913612463},{""box"":{""left"":2882,""right"":6440,""top"":4000,""bottom"":9996},""time"":1729913612571},{""box"":{""left"":2882,""right"":6440,""top"":4000,""bottom"":9996},""time"":1729913612837},{""box"":{""left"":2882,""right"":6440,""top"":4000,""bottom"":9996},""time"":1729913612934},{""box"":{""left"":2882,""right"":6440,""top"":4000,""bottom"":9996},""time"":1729913613020},{""box"":{""left"":2882,""right"":6440,""top"":4000,""bottom"":9996},""time"":1729913613188},{""box"":{""left"":2882,""right"":6440,""top"":4000,""bottom"":9996},""time"":1729913613335},{""box"":{""left"":2882,""right"":6440,""top"":4000,""bottom"":9996},""time"":1729913613482},{""box"":{""left"":2882,""right"":6440,""top"":4000,""bottom"":9996},""time"":1729913613559},{""box"":{""left"":2882,""right"":6440,""top"":4000,""bottom"":9996},""time"":1729913613647},{""box"":{""left"":2882,""right"":6440,""top"":4000,""bottom"":9996},""time"":1729913613763},{""box"":{""left"":2882,""right"":6440,""top"":4000,""bottom"":9996},""time"":1729913613880},{""box"":{""left"":2882,""right"":6440,""top"":4000,""bottom"":9996},""time"":1729913614023},{""box"":{""left"":2882,""right"":6440,""top"":4000,""bottom"":9996},""time"":1729913614208},{""box"":{""left"":2882,""right"":6440,""top"":4000,""bottom"":9996},""time"":1729913614295},{""box"":{""left"":2882,""right"":6440,""top"":4000,""bottom"":9996},""time"":1729913614444},{""box"":{""left"":2882,""right"":6440,""top"":4000,""bottom"":9996},""time"":1729913614684},{""box"":{""left"":2882,""right"":6440,""top"":4000,""bottom"":9996},""time"":1729913614878},{""box"":{""left"":2882,""right"":6440,""top"":4000,""bottom"":9996},""time"":1729913615341},{""box"":{""left"":2882,""right"":6440,""top"":4000,""bottom"":9996},""time"":1729913615485},{""box"":{""left"":2882,""right"":6440,""top"":4000,""bottom"":9996},""time"":1729913615593},{""box"":{""left"":2882,""right"":6440,""top"":4000,""bottom"":9996},""time"":1729913615910},{""box"":{""left"":2882,""right"":6440,""top"":4000,""bottom"":9996},""time"":1729913616092},{""box"":{""left"":2882,""right"":6440,""top"":4000,""bottom"":9996},""time"":1729913616170},{""box"":{""left"":2882,""right"":6440,""top"":4000,""bottom"":9996},""time"":1729913616261},{""box"":{""left"":2882,""right"":6440,""top"":4000,""bottom"":9996},""time"":1729913616667},{""box"":{""left"":2882,""right"":6440,""top"":4000,""bottom"":9996},""time"":1729913616784},{""box"":{""left"":2882,""right"":6440,""top"":4000,""bottom"":9996},""time"":1729913616998},{""box"":{""left"":2882,""right"":6440,""top"":4000,""bottom"":9996},""time"":1729913617222},{""box"":{""left"":2882,""right"":6440,""top"":4000,""bottom"":9996},""time"":1729913617278},{""box"":{""left"":2882,""right"":6440,""top"":4000,""bottom"":9996},""time"":1729913617363},{""box"":{""left"":2882,""right"":6440,""top"":4000,""bottom"":9996},""time"":1729913617448},{""box"":{""left"":2882,""right"":6440,""top"":4000,""bottom"":9996},""time"":1729913617533},{""box"":{""left"":2882,""right"":6440,""top"":4000,""bottom"":9996},""time"":1729913617618},{""box"":{""left"":2882,""right"":6440,""top"":4000,""bottom"":9996},""time"":1729913617704},{""box"":{""left"":2882,""right"":6440,""top"":4000,""bottom"":9996},""time"":1729913617788},{""box"":{""left"":2882,""right"":6440,""top"":4000,""bottom"":9996},""time"":1729913617874},{""box"":{""left"":2882,""right"":6440,""top"":4000,""bottom"":9996},""time"":1729913617959},{""box"":{""left"":2882,""right"":6440,""top"":4000,""bottom"":9996},""time"":1729913618045},{""box"":{""left"":2882,""right"":6440,""top"":4000,""bottom"":9996},""time"":1729913618130},{""box"":{""left"":2882,""right"":6440,""top"":4000,""bottom"":9996},""time"":1729913618302},{""box"":{""left"":2882,""right"":6440,""top"":4000,""bottom"":9996},""time"":1729913618387},{""box"":{""left"":2882,""right"":6440,""top"":4000,""bottom"":9996},""time"":1729913618474},{""box"":{""left"":2882,""right"":6440,""top"":4000,""bottom"":9996},""time"":1729913618535},{""box"":{""left"":2882,""right"":6440,""top"":4000,""bottom"":9996},""time"":1729913618620},{""box"":{""left"":2882,""right"":6440,""top"":4000,""bottom"":9996},""time"":1729913618716},{""box"":{""left"":2882,""right"":6440,""top"":4000,""bottom"":9996},""time"":1729913618801},{""box"":{""left"":2882,""right"":6440,""top"":4000,""bottom"":9996},""time"":1729913618887},{""box"":{""left"":2882,""right"":6440,""top"":4000,""bottom"":9996},""time"":1729913618973},{""box"":{""left"":2882,""right"":6440,""top"":4000,""bottom"":9996},""time"":1729913619060},{""box"":{""left"":2882,""right"":6440,""top"":4000,""bottom"":9996},""time"":1729913619145}",,,,,
56941,Person,2024-10-26 12:33:21,2024-10-26 12:33:38,"{""left"":1245,""right"":6544,""top"":2802,""bottom"":9975},{""box"":{""left"":1245,""right"":6544,""top"":2802,""bottom"":9975},""time"":1729913601273},{""box"":{""left"":1245,""right"":6544,""top"":2802,""bottom"":9975},""time"":1729913601407},{""box"":{""left"":1245,""right"":6544,""top"":2802,""bottom"":9975},""time"":1729913601484},{""box"":{""left"":1245,""right"":6544,""top"":2802,""bottom"":9975},""time"":1729913601562},{""box"":{""left"":1245,""right"":6544,""top"":2802,""bottom"":9975},""time"":1729913601640},{""box"":{""left"":1245,""right"":6544,""top"":2802,""bottom"":9975},""time"":1729913601785},{""box"":{""left"":1245,""right"":6544,""top"":2802,""bottom"":9975},""time"":1729913601878},{""box"":{""left"":1245,""right"":6544,""top"":2802,""bottom"":9975},""time"":1729913602101},{""box"":{""left"":1245,""right"":6544,""top"":2802,""bottom"":9975},""time"":1729913602200},{""box"":{""left"":1245,""right"":6544,""top"":2802,""bottom"":9975},""time"":1729913602330},{""box"":{""left"":1245,""right"":6544,""top"":2802,""bottom"":9975},""time"":1729913602452},{""box"":{""left"":1245,""right"":6544,""top"":2802,""bottom"":9975},""time"":1729913602541},{""box"":{""left"":1245,""right"":6544,""top"":2802,""bottom"":9975},""time"":1729913602620},{""box"":{""left"":1245,""right"":6544,""top"":2802,""bottom"":9975},""time"":1729913602791},{""box"":{""left"":1245,""right"":6544,""top"":2802,""bottom"":9975},""time"":1729913602921},{""box"":{""left"":1245,""right"":6544,""top"":2802,""bottom"":9975},""time"":1729913603003},{""box"":{""left"":1245,""right"":6544,""top"":2802,""bottom"":9975},""time"":1729913603100},{""box"":{""left"":1245,""right"":6544,""top"":2802,""bottom"":9975},""time"":1729913603199},{""box"":{""left"":1245,""right"":6544,""top"":2802,""bottom"":9975},""time"":1729913603335},{""box"":{""left"":1245,""right"":6544,""top"":2802,""bottom"":9975},""time"":1729913604268},{""box"":{""left"":1245,""right"":6544,""top"":2802,""bottom"":9975},""time"":1729913604433},{""box"":{""left"":1245,""right"":6544,""top"":2802,""bottom"":9975},""time"":1729913604536},{""box"":{""left"":1245,""right"":6544,""top"":2802,""bottom"":9975},""time"":1729913604640},{""box"":{""left"":1245,""right"":6544,""top"":2802,""bottom"":9975},""time"":1729913604753},{""box"":{""left"":1245,""right"":6544,""top"":2802,""bottom"":9975},""time"":1729913604855},{""box"":{""left"":1245,""right"":6544,""top"":2802,""bottom"":9975},""time"":1729913604955},{""box"":{""left"":1245,""right"":6544,""top"":2802,""bottom"":9975},""time"":1729913605026},{""box"":{""left"":1245,""right"":6544,""top"":2802,""bottom"":9975},""time"":1729913605195},{""box"":{""left"":1245,""right"":6544,""top"":2802,""bottom"":9975},""time"":1729913605350},{""box"":{""left"":1245,""right"":6544,""top"":2802,""bottom"":9975},""time"":1729913605518},{""box"":{""left"":1245,""right"":6544,""top"":2802,""bottom"":9975},""time"":1729913606129},{""box"":{""left"":1245,""right"":6544,""top"":2802,""bottom"":9975},""time"":1729913606207},{""box"":{""left"":1245,""right"":6544,""top"":2802,""bottom"":9975},""time"":1729913606311},{""box"":{""left"":1245,""right"":6544,""top"":2802,""bottom"":9975},""time"":1729913606999},{""box"":{""left"":1245,""right"":6544,""top"":2802,""bottom"":9975},""time"":1729913607080},{""box"":{""left"":1245,""right"":6544,""top"":2802,""bottom"":9975},""time"":1729913607772},{""box"":{""left"":1245,""right"":6544,""top"":2802,""bottom"":9975},""time"":1729913607981},{""box"":{""left"":1245,""right"":6544,""top"":2802,""bottom"":9975},""time"":1729913608195},{""box"":{""left"":1245,""right"":6544,""top"":2802,""bottom"":9975},""time"":1729913608312},{""box"":{""left"":1245,""right"":6544,""top"":2802,""bottom"":9975},""time"":1729913608535},{""box"":{""left"":1245,""right"":6544,""top"":2802,""bottom"":9975},""time"":1729913608648},{""box"":{""left"":1245,""right"":6544,""top"":2802,""bottom"":9975},""time"":1729913608778},{""box"":{""left"":1245,""right"":6544,""top"":2802,""bottom"":9975},""time"":1729913608865},{""box"":{""left"":1245,""right"":6544,""top"":2802,""bottom"":9975},""time"":1729913608996},{""box"":{""left"":1245,""right"":6544,""top"":2802,""bottom"":9975},""time"":1729913609207},{""box"":{""left"":1245,""right"":6544,""top"":2802,""bottom"":9975},""time"":1729913609325},{""box"":{""left"":1245,""right"":6544,""top"":2802,""bottom"":9975},""time"":1729913609455},{""box"":{""left"":1245,""right"":6544,""top"":2802,""bottom"":9975},""time"":1729913609564},{""box"":{""left"":1245,""right"":6544,""top"":2802,""bottom"":9975},""time"":1729913609784},{""box"":{""left"":1245,""right"":6544,""top"":2802,""bottom"":9975},""time"":1729913609952},{""box"":{""left"":1245,""right"":6544,""top"":2802,""bottom"":9975},""time"":1729913610185},{""box"":{""left"":1245,""right"":6544,""top"":2802,""bottom"":9975},""time"":1729913610291},{""box"":{""left"":1245,""right"":6544,""top"":2802,""bottom"":9975},""time"":1729913610379},{""box"":{""left"":1245,""right"":6544,""top"":2802,""bottom"":9975},""time"":1729913610494},{""box"":{""left"":1245,""right"":6544,""top"":2802,""bottom"":9975},""time"":1729913610638},{""box"":{""left"":1245,""right"":6544,""top"":2802,""bottom"":9975},""time"":1729913610743},{""box"":{""left"":1245,""right"":6544,""top"":2802,""bottom"":9975},""time"":1729913610871},{""box"":{""left"":1245,""right"":6544,""top"":2802,""bottom"":9975},""time"":1729913610985},{""box"":{""left"":1245,""right"":6544,""top"":2802,""bottom"":9975},""time"":1729913611139},{""box"":{""left"":1245,""right"":6544,""top"":2802,""bottom"":9975},""time"":1729913611244},{""box"":{""left"":1245,""right"":6544,""top"":2802,""bottom"":9975},""time"":1729913611439},{""box"":{""left"":1245,""right"":6544,""top"":2802,""bottom"":9975},""time"":1729913611538},{""box"":{""left"":1245,""right"":6544,""top"":2802,""bottom"":9975},""time"":1729913611633},{""box"":{""left"":1245,""right"":6544,""top"":2802,""bottom"":9975},""time"":1729913611723},{""box"":{""left"":1245,""right"":6544,""top"":2802,""bottom"":9975},""time"":1729913612157},{""box"":{""left"":1245,""right"":6544,""top"":2802,""bottom"":9975},""time"":1729913612261},{""box"":{""left"":1245,""right"":6544,""top"":2802,""bottom"":9975},""time"":1729913612358},{""box"":{""left"":1245,""right"":6544,""top"":2802,""bottom"":9975},""time"":1729913612473},{""box"":{""left"":1245,""right"":6544,""top"":2802,""bottom"":9975},""time"":1729913612581},{""box"":{""left"":1245,""right"":6544,""top"":2802,""bottom"":9975},""time"":1729913612944},{""box"":{""left"":1245,""right"":6544,""top"":2802,""bottom"":9975},""time"":1729913613030},{""box"":{""left"":1245,""right"":6544,""top"":2802,""bottom"":9975},""time"":1729913613198},{""box"":{""left"":1245,""right"":6544,""top"":2802,""bottom"":9975},""time"":1729913613345},{""box"":{""left"":1245,""right"":6544,""top"":2802,""bottom"":9975},""time"":1729913613492},{""box"":{""left"":1245,""right"":6544,""top"":2802,""bottom"":9975},""time"":1729913613569},{""box"":{""left"":1245,""right"":6544,""top"":2802,""bottom"":9975},""time"":1729913613658},{""box"":{""left"":1245,""right"":6544,""top"":2802,""bottom"":9975},""time"":1729913613775},{""box"":{""left"":1245,""right"":6544,""top"":2802,""bottom"":9975},""time"":1729913613890},{""box"":{""left"":1245,""right"":6544,""top"":2802,""bottom"":9975},""time"":1729913614033},{""box"":{""left"":1245,""right"":6544,""top"":2802,""bottom"":9975},""time"":1729913614218},{""box"":{""left"":1245,""right"":6544,""top"":2802,""bottom"":9975},""time"":1729913614305},{""box"":{""left"":1245,""right"":6544,""top"":2802,""bottom"":9975},""time"":1729913614454},{""box"":{""left"":1245,""right"":6544,""top"":2802,""bottom"":9975},""time"":1729913614696},{""box"":{""left"":1245,""right"":6544,""top"":2802,""bottom"":9975},""time"":1729913614890},{""box"":{""left"":1245,""right"":6544,""top"":2802,""bottom"":9975},""time"":1729913614995},{""box"":{""left"":1245,""right"":6544,""top"":2802,""bottom"":9975},""time"":1729913615164},{""box"":{""left"":1245,""right"":6544,""top"":2802,""bottom"":9975},""time"":1729913615265},{""box"":{""left"":1245,""right"":6544,""top"":2802,""bottom"":9975},""time"":1729913615351},{""box"":{""left"":1245,""right"":6544,""top"":2802,""bottom"":9975},""time"":1729913615495},{""box"":{""left"":1245,""right"":6544,""top"":2802,""bottom"":9975},""time"":1729913615603},{""box"":{""left"":1245,""right"":6544,""top"":2802,""bottom"":9975},""time"":1729913615920},{""box"":{""left"":1245,""right"":6544,""top"":2802,""bottom"":9975},""time"":1729913616102},{""box"":{""left"":1245,""right"":6544,""top"":2802,""bottom"":9975},""time"":1729913616180},{""box"":{""left"":1245,""right"":6544,""top"":2802,""bottom"":9975},""time"":1729913616272},{""box"":{""left"":1245,""right"":6544,""top"":2802,""bottom"":9975},""time"":1729913618441}",,,,,
56942,Person,2024-10-26 12:33:20,2024-10-26 12:33:38,"{""left"":206,""right"":7778,""top"":1388,""bottom"":9992},{""box"":{""left"":206,""right"":7778,""top"":1388,""bottom"":9992},""time"":1729913601045},{""box"":{""left"":206,""right"":7778,""top"":1388,""bottom"":9992},""time"":1729913601794},{""box"":{""left"":206,""right"":7778,""top"":1388,""bottom"":9992},""time"":1729913601888},{""box"":{""left"":206,""right"":7778,""top"":1388,""bottom"":9992},""time"":1729913602111},{""box"":{""left"":206,""right"":7778,""top"":1388,""bottom"":9992},""time"":1729913602210},{""box"":{""left"":206,""right"":7778,""top"":1388,""bottom"":9992},""time"":1729913602340},{""box"":{""left"":206,""right"":7778,""top"":1388,""bottom"":9992},""time"":1729913602462},{""box"":{""left"":206,""right"":7778,""top"":1388,""bottom"":9992},""time"":1729913602551},{""box"":{""left"":206,""right"":7778,""top"":1388,""bottom"":9992},""time"":1729913602630},{""box"":{""left"":206,""right"":7778,""top"":1388,""bottom"":9992},""time"":1729913602801},{""box"":{""left"":206,""right"":7778,""top"":1388,""bottom"":9992},""time"":1729913603012},{""box"":{""left"":206,""right"":7778,""top"":1388,""bottom"":9992},""time"":1729913603109},{""box"":{""left"":206,""right"":7778,""top"":1388,""bottom"":9992},""time"":1729913603209},{""box"":{""left"":206,""right"":7778,""top"":1388,""bottom"":9992},""time"":1729913603345},{""box"":{""left"":206,""right"":7778,""top"":1388,""bottom"":9992},""time"":1729913604277},{""box"":{""left"":206,""right"":7778,""top"":1388,""bottom"":9992},""time"":1729913604443},{""box"":{""left"":206,""right"":7778,""top"":1388,""bottom"":9992},""time"":1729913604546},{""box"":{""left"":206,""right"":7778,""top"":1388,""bottom"":9992},""time"":1729913604650},{""box"":{""left"":206,""right"":7778,""top"":1388,""bottom"":9992},""time"":1729913604763},{""box"":{""left"":206,""right"":7778,""top"":1388,""bottom"":9992},""time"":1729913604865},{""box"":{""left"":206,""right"":7778,""top"":1388,""bottom"":9992},""time"":1729913605036},{""box"":{""left"":206,""right"":7778,""top"":1388,""bottom"":9992},""time"":1729913605528},{""box"":{""left"":206,""right"":7778,""top"":1388,""bottom"":9992},""time"":1729913606217},{""box"":{""left"":206,""right"":7778,""top"":1388,""bottom"":9992},""time"":1729913606321},{""box"":{""left"":206,""right"":7778,""top"":1388,""bottom"":9992},""time"":1729913606669},{""box"":{""left"":206,""right"":7778,""top"":1388,""bottom"":9992},""time"":1729913607091},{""box"":{""left"":206,""right"":7778,""top"":1388,""bottom"":9992},""time"":1729913607782},{""box"":{""left"":206,""right"":7778,""top"":1388,""bottom"":9992},""time"":1729913608322},{""box"":{""left"":206,""right"":7778,""top"":1388,""bottom"":9992},""time"":1729913608545},{""box"":{""left"":206,""right"":7778,""top"":1388,""bottom"":9992},""time"":1729913608659},{""box"":{""left"":206,""right"":7778,""top"":1388,""bottom"":9992},""time"":1729913608875},{""box"":{""left"":206,""right"":7778,""top"":1388,""bottom"":9992},""time"":1729913609007},{""box"":{""left"":206,""right"":7778,""top"":1388,""bottom"":9992},""time"":1729913609335},{""box"":{""left"":206,""right"":7778,""top"":1388,""bottom"":9992},""time"":1729913609465},{""box"":{""left"":206,""right"":7778,""top"":1388,""bottom"":9992},""time"":1729913609574},{""box"":{""left"":206,""right"":7778,""top"":1388,""bottom"":9992},""time"":1729913609794},{""box"":{""left"":206,""right"":7778,""top"":1388,""bottom"":9992},""time"":1729913609962},{""box"":{""left"":206,""right"":7778,""top"":1388,""bottom"":9992},""time"":1729913610195},{""box"":{""left"":206,""right"":7778,""top"":1388,""bottom"":9992},""time"":1729913610301},{""box"":{""left"":206,""right"":7778,""top"":1388,""bottom"":9992},""time"":1729913610389},{""box"":{""left"":206,""right"":7778,""top"":1388,""bottom"":9992},""time"":1729913610504},{""box"":{""left"":206,""right"":7778,""top"":1388,""bottom"":9992},""time"":1729913610649},{""box"":{""left"":206,""right"":7778,""top"":1388,""bottom"":9992},""time"":1729913610753},{""box"":{""left"":206,""right"":7778,""top"":1388,""bottom"":9992},""time"":1729913610881},{""box"":{""left"":206,""right"":7778,""top"":1388,""bottom"":9992},""time"":1729913611149},{""box"":{""left"":206,""right"":7778,""top"":1388,""bottom"":9992},""time"":1729913611449},{""box"":{""left"":206,""right"":7778,""top"":1388,""bottom"":9992},""time"":1729913611548},{""box"":{""left"":206,""right"":7778,""top"":1388,""bottom"":9992},""time"":1729913611643},{""box"":{""left"":206,""right"":7778,""top"":1388,""bottom"":9992},""time"":1729913611734},{""box"":{""left"":206,""right"":7778,""top"":1388,""bottom"":9992},""time"":1729913612060},{""box"":{""left"":206,""right"":7778,""top"":1388,""bottom"":9992},""time"":1729913612167},{""box"":{""left"":206,""right"":7778,""top"":1388,""bottom"":9992},""time"":1729913612271},{""box"":{""left"":206,""right"":7778,""top"":1388,""bottom"":9992},""time"":1729913612368},{""box"":{""left"":206,""right"":7778,""top"":1388,""bottom"":9992},""time"":1729913612483},{""box"":{""left"":206,""right"":7778,""top"":1388,""bottom"":9992},""time"":1729913612591},{""box"":{""left"":206,""right"":7778,""top"":1388,""bottom"":9992},""time"":1729913612847},{""box"":{""left"":206,""right"":7778,""top"":1388,""bottom"":9992},""time"":1729913613041},{""box"":{""left"":206,""right"":7778,""top"":1388,""bottom"":9992},""time"":1729913613209},{""box"":{""left"":206,""right"":7778,""top"":1388,""bottom"":9992},""time"":1729913613355},{""box"":{""left"":206,""right"":7778,""top"":1388,""bottom"":9992},""time"":1729913613502},{""box"":{""left"":206,""right"":7778,""top"":1388,""bottom"":9992},""time"":1729913613579},{""box"":{""left"":206,""right"":7778,""top"":1388,""bottom"":9992},""time"":1729913613669},{""box"":{""left"":206,""right"":7778,""top"":1388,""bottom"":9992},""time"":1729913613785},{""box"":{""left"":206,""right"":7778,""top"":1388,""bottom"":9992},""time"":1729913614043},{""box"":{""left"":206,""right"":7778,""top"":1388,""bottom"":9992},""time"":1729913614464},{""box"":{""left"":206,""right"":7778,""top"":1388,""bottom"":9992},""time"":1729913614706},{""box"":{""left"":206,""right"":7778,""top"":1388,""bottom"":9992},""time"":1729913614900},{""box"":{""left"":206,""right"":7778,""top"":1388,""bottom"":9992},""time"":1729913615005},{""box"":{""left"":206,""right"":7778,""top"":1388,""bottom"":9992},""time"":1729913615175},{""box"":{""left"":206,""right"":7778,""top"":1388,""bottom"":9992},""time"":1729913615275},{""box"":{""left"":206,""right"":7778,""top"":1388,""bottom"":9992},""time"":1729913615505},{""box"":{""left"":206,""right"":7778,""top"":1388,""bottom"":9992},""time"":1729913615614},{""box"":{""left"":206,""right"":7778,""top"":1388,""bottom"":9992},""time"":1729913615930},{""box"":{""left"":206,""right"":7778,""top"":1388,""bottom"":9992},""time"":1729913616192},{""box"":{""left"":206,""right"":7778,""top"":1388,""bottom"":9992},""time"":1729913616282},{""box"":{""left"":206,""right"":7778,""top"":1388,""bottom"":9992},""time"":1729913616678},{""box"":{""left"":206,""right"":7778,""top"":1388,""bottom"":9992},""time"":1729913616795},{""box"":{""left"":206,""right"":7778,""top"":1388,""bottom"":9992},""time"":1729913616902},{""box"":{""left"":206,""right"":7778,""top"":1388,""bottom"":9992},""time"":1729913617008},{""box"":{""left"":206,""right"":7778,""top"":1388,""bottom"":9992},""time"":1729913617288},{""box"":{""left"":206,""right"":7778,""top"":1388,""bottom"":9992},""time"":1729913617374},{""box"":{""left"":206,""right"":7778,""top"":1388,""bottom"":9992},""time"":1729913617459},{""box"":{""left"":206,""right"":7778,""top"":1388,""bottom"":9992},""time"":1729913617543},{""box"":{""left"":206,""right"":7778,""top"":1388,""bottom"":9992},""time"":1729913617629},{""box"":{""left"":206,""right"":7778,""top"":1388,""bottom"":9992},""time"":1729913617714},{""box"":{""left"":206,""right"":7778,""top"":1388,""bottom"":9992},""time"":1729913617800},{""box"":{""left"":206,""right"":7778,""top"":1388,""bottom"":9992},""time"":1729913617884},{""box"":{""left"":206,""right"":7778,""top"":1388,""bottom"":9992},""time"":1729913617969},{""box"":{""left"":206,""right"":7778,""top"":1388,""bottom"":9992},""time"":1729913618055}",,,,,
56944,Person,2024-10-26 12:33:21,2024-10-26 12:33:37,"{""left"":2204,""right"":2514,""top"":2435,""bottom"":3939},{""box"":{""left"":2204,""right"":2514,""top"":2435,""bottom"":3939},""time"":1729913604556},{""box"":{""left"":2204,""right"":2514,""top"":2435,""bottom"":3939},""time"":1729913604660},{""box"":{""left"":2204,""right"":2514,""top"":2435,""bottom"":3939},""time"":1729913606227},{""box"":{""left"":2204,""right"":2514,""top"":2435,""bottom"":3939},""time"":1729913606331},{""box"":{""left"":2204,""right"":2514,""top"":2435,""bottom"":3939},""time"":1729913606678},{""box"":{""left"":2204,""right"":2514,""top"":2435,""bottom"":3939},""time"":1729913607101},{""box"":{""left"":2204,""right"":2514,""top"":2435,""bottom"":3939},""time"":1729913607792},{""box"":{""left"":2204,""right"":2514,""top"":2435,""bottom"":3939},""time"":1729913608332},{""box"":{""left"":2204,""right"":2514,""top"":2435,""bottom"":3939},""time"":1729913608556},{""box"":{""left"":2204,""right"":2514,""top"":2435,""bottom"":3939},""time"":1729913608668},{""box"":{""left"":2204,""right"":2514,""top"":2435,""bottom"":3939},""time"":1729913608885},{""box"":{""left"":2204,""right"":2514,""top"":2435,""bottom"":3939},""time"":1729913609017},{""box"":{""left"":2204,""right"":2514,""top"":2435,""bottom"":3939},""time"":1729913609345},{""box"":{""left"":2204,""right"":2514,""top"":2435,""bottom"":3939},""time"":1729913609475},{""box"":{""left"":2204,""right"":2514,""top"":2435,""bottom"":3939},""time"":1729913609584},{""box"":{""left"":2204,""right"":2514,""top"":2435,""bottom"":3939},""time"":1729913610204},{""box"":{""left"":2204,""right"":2514,""top"":2435,""bottom"":3939},""time"":1729913610399},{""box"":{""left"":2204,""right"":2514,""top"":2435,""bottom"":3939},""time"":1729913610515},{""box"":{""left"":2204,""right"":2514,""top"":2435,""bottom"":3939},""time"":1729913610764},{""box"":{""left"":2204,""right"":2514,""top"":2435,""bottom"":3939},""time"":1729913610996},{""box"":{""left"":2204,""right"":2514,""top"":2435,""bottom"":3939},""time"":1729913611459},{""box"":{""left"":2204,""right"":2514,""top"":2435,""bottom"":3939},""time"":1729913611558},{""box"":{""left"":2204,""right"":2514,""top"":2435,""bottom"":3939},""time"":1729913611653},{""box"":{""left"":2204,""right"":2514,""top"":2435,""bottom"":3939},""time"":1729913611744},{""box"":{""left"":2204,""right"":2514,""top"":2435,""bottom"":3939},""time"":1729913612070},{""box"":{""left"":2204,""right"":2514,""top"":2435,""bottom"":3939},""time"":1729913612378},{""box"":{""left"":2204,""right"":2514,""top"":2435,""bottom"":3939},""time"":1729913612602},{""box"":{""left"":2204,""right"":2514,""top"":2435,""bottom"":3939},""time"":1729913612857},{""box"":{""left"":2204,""right"":2514,""top"":2435,""bottom"":3939},""time"":1729913613051},{""box"":{""left"":2204,""right"":2514,""top"":2435,""bottom"":3939},""time"":1729913613589},{""box"":{""left"":2204,""right"":2514,""top"":2435,""bottom"":3939},""time"":1729913613795},{""box"":{""left"":2204,""right"":2514,""top"":2435,""bottom"":3939},""time"":1729913614053},{""box"":{""left"":2204,""right"":2514,""top"":2435,""bottom"":3939},""time"":1729913614474},{""box"":{""left"":2204,""right"":2514,""top"":2435,""bottom"":3939},""time"":1729913614716},{""box"":{""left"":2204,""right"":2514,""top"":2435,""bottom"":3939},""time"":1729913614910},{""box"":{""left"":2204,""right"":2514,""top"":2435,""bottom"":3939},""time"":1729913615185},{""box"":{""left"":2204,""right"":2514,""top"":2435,""bottom"":3939},""time"":1729913615285},{""box"":{""left"":2204,""right"":2514,""top"":2435,""bottom"":3939},""time"":1729913615516},{""box"":{""left"":2204,""right"":2514,""top"":2435,""bottom"":3939},""time"":1729913615624},{""box"":{""left"":2204,""right"":2514,""top"":2435,""bottom"":3939},""time"":1729913615878},{""box"":{""left"":2204,""right"":2514,""top"":2435,""bottom"":3939},""time"":1729913615941},{""box"":{""left"":2204,""right"":2514,""top"":2435,""bottom"":3939},""time"":1729913616292},{""box"":{""left"":2204,""right"":2514,""top"":2435,""bottom"":3939},""time"":1729913616538},{""box"":{""left"":2204,""right"":2514,""top"":2435,""bottom"":3939},""time"":1729913616599},{""box"":{""left"":2204,""right"":2514,""top"":2435,""bottom"":3939},""time"":1729913616635},{""box"":{""left"":2204,""right"":2514,""top"":2435,""bottom"":3939},""time"":1729913616688},{""box"":{""left"":2204,""right"":2514,""top"":2435,""bottom"":3939},""time"":1729913616752},{""box"":{""left"":2204,""right"":2514,""top"":2435,""bottom"":3939},""time"":1729913616806},{""box"":{""left"":2204,""right"":2514,""top"":2435,""bottom"":3939},""time"":1729913616869},{""box"":{""left"":2204,""right"":2514,""top"":2435,""bottom"":3939},""time"":1729913616912},{""box"":{""left"":2204,""right"":2514,""top"":2435,""bottom"":3939},""time"":1729913616965},{""box"":{""left"":2204,""right"":2514,""top"":2435,""bottom"":3939},""time"":1729913617019},{""box"":{""left"":2204,""right"":2514,""top"":2435,""bottom"":3939},""time"":1729913617190}",,,,,
56945,Person,2024-10-26 12:33:21,2024-10-26 12:33:21,"{""left"":5962,""right"":1864,""top"":6118,""bottom"":3000}",,,,,
56948,Person,2024-10-26 12:33:23,2024-10-26 12:33:40,"{""left"":2087,""right"":2557,""top"":2312,""bottom"":3915},{""box"":{""left"":2087,""right"":2557,""top"":2312,""bottom"":3915},""time"":1729913606237},{""box"":{""left"":2087,""right"":2557,""top"":2312,""bottom"":3915},""time"":1729913607111},{""box"":{""left"":2087,""right"":2557,""top"":2312,""bottom"":3915},""time"":1729913607802},{""box"":{""left"":2087,""right"":2557,""top"":2312,""bottom"":3915},""time"":1729913608343},{""box"":{""left"":2087,""right"":2557,""top"":2312,""bottom"":3915},""time"":1729913608566},{""box"":{""left"":2087,""right"":2557,""top"":2312,""bottom"":3915},""time"":1729913608678},{""box"":{""left"":2087,""right"":2557,""top"":2312,""bottom"":3915},""time"":1729913608895},{""box"":{""left"":2087,""right"":2557,""top"":2312,""bottom"":3915},""time"":1729913609027},{""box"":{""left"":2087,""right"":2557,""top"":2312,""bottom"":3915},""time"":1729913609355},{""box"":{""left"":2087,""right"":2557,""top"":2312,""bottom"":3915},""time"":1729913609484},{""box"":{""left"":2087,""right"":2557,""top"":2312,""bottom"":3915},""time"":1729913609594},{""box"":{""left"":2087,""right"":2557,""top"":2312,""bottom"":3915},""time"":1729913610215},{""box"":{""left"":2087,""right"":2557,""top"":2312,""bottom"":3915},""time"":1729913610409},{""box"":{""left"":2087,""right"":2557,""top"":2312,""bottom"":3915},""time"":1729913610525},{""box"":{""left"":2087,""right"":2557,""top"":2312,""bottom"":3915},""time"":1729913610774},{""box"":{""left"":2087,""right"":2557,""top"":2312,""bottom"":3915},""time"":1729913611005},{""box"":{""left"":2087,""right"":2557,""top"":2312,""bottom"":3915},""time"":1729913612080},{""box"":{""left"":2087,""right"":2557,""top"":2312,""bottom"":3915},""time"":1729913612388},{""box"":{""left"":2087,""right"":2557,""top"":2312,""bottom"":3915},""time"":1729913612493},{""box"":{""left"":2087,""right"":2557,""top"":2312,""bottom"":3915},""time"":1729913612612},{""box"":{""left"":2087,""right"":2557,""top"":2312,""bottom"":3915},""time"":1729913612867},{""box"":{""left"":2087,""right"":2557,""top"":2312,""bottom"":3915},""time"":1729913613061},{""box"":{""left"":2087,""right"":2557,""top"":2312,""bottom"":3915},""time"":1729913613805},{""box"":{""left"":2087,""right"":2557,""top"":2312,""bottom"":3915},""time"":1729913614063},{""box"":{""left"":2087,""right"":2557,""top"":2312,""bottom"":3915},""time"":1729913614484},{""box"":{""left"":2087,""right"":2557,""top"":2312,""bottom"":3915},""time"":1729913614726},{""box"":{""left"":2087,""right"":2557,""top"":2312,""bottom"":3915},""time"":1729913614920},{""box"":{""left"":2087,""right"":2557,""top"":2312,""bottom"":3915},""time"":1729913615195},{""box"":{""left"":2087,""right"":2557,""top"":2312,""bottom"":3915},""time"":1729913615295},{""box"":{""left"":2087,""right"":2557,""top"":2312,""bottom"":3915},""time"":1729913615526},{""box"":{""left"":2087,""right"":2557,""top"":2312,""bottom"":3915},""time"":1729913615634},{""box"":{""left"":2087,""right"":2557,""top"":2312,""bottom"":3915},""time"":1729913615952},{""box"":{""left"":2087,""right"":2557,""top"":2312,""bottom"":3915},""time"":1729913616304},{""box"":{""left"":2087,""right"":2557,""top"":2312,""bottom"":3915},""time"":1729913616700},{""box"":{""left"":2087,""right"":2557,""top"":2312,""bottom"":3915},""time"":1729913616816},{""box"":{""left"":2087,""right"":2557,""top"":2312,""bottom"":3915},""time"":1729913616922},{""box"":{""left"":2087,""right"":2557,""top"":2312,""bottom"":3915},""time"":1729913617029},{""box"":{""left"":2087,""right"":2557,""top"":2312,""bottom"":3915},""time"":1729913617245},{""box"":{""left"":2087,""right"":2557,""top"":2312,""bottom"":3915},""time"":1729913617298},{""box"":{""left"":2087,""right"":2557,""top"":2312,""bottom"":3915},""time"":1729913617331},{""box"":{""left"":2087,""right"":2557,""top"":2312,""bottom"":3915},""time"":1729913617384},{""box"":{""left"":2087,""right"":2557,""top"":2312,""bottom"":3915},""time"":1729913617416},{""box"":{""left"":2087,""right"":2557,""top"":2312,""bottom"":3915},""time"":1729913617469},{""box"":{""left"":2087,""right"":2557,""top"":2312,""bottom"":3915},""time"":1729913617500},{""box"":{""left"":2087,""right"":2557,""top"":2312,""bottom"":3915},""time"":1729913617555},{""box"":{""left"":2087,""right"":2557,""top"":2312,""bottom"":3915},""time"":1729913617586},{""box"":{""left"":2087,""right"":2557,""top"":2312,""bottom"":3915},""time"":1729913617639},{""box"":{""left"":2087,""right"":2557,""top"":2312,""bottom"":3915},""time"":1729913617671},{""box"":{""left"":2087,""right"":2557,""top"":2312,""bottom"":3915},""time"":1729913617724},{""box"":{""left"":2087,""right"":2557,""top"":2312,""bottom"":3915},""time"":1729913617757},{""box"":{""left"":2087,""right"":2557,""top"":2312,""bottom"":3915},""time"":1729913617810},{""box"":{""left"":2087,""right"":2557,""top"":2312,""bottom"":3915},""time"":1729913617842},{""box"":{""left"":2087,""right"":2557,""top"":2312,""bottom"":3915},""time"":1729913617895},{""box"":{""left"":2087,""right"":2557,""top"":2312,""bottom"":3915},""time"":1729913617926},{""box"":{""left"":2087,""right"":2557,""top"":2312,""bottom"":3915},""time"":1729913617980},{""box"":{""left"":2087,""right"":2557,""top"":2312,""bottom"":3915},""time"":1729913618012},{""box"":{""left"":2087,""right"":2557,""top"":2312,""bottom"":3915},""time"":1729913618065},{""box"":{""left"":2087,""right"":2557,""top"":2312,""bottom"":3915},""time"":1729913618098},{""box"":{""left"":2087,""right"":2557,""top"":2312,""bottom"":3915},""time"":1729913618141},{""box"":{""left"":2087,""right"":2557,""top"":2312,""bottom"":3915},""time"":1729913618204},{""box"":{""left"":2087,""right"":2557,""top"":2312,""bottom"":3915},""time"":1729913618238},{""box"":{""left"":2087,""right"":2557,""top"":2312,""bottom"":3915},""time"":1729913618269},{""box"":{""left"":2087,""right"":2557,""top"":2312,""bottom"":3915},""time"":1729913618312},{""box"":{""left"":2087,""right"":2557,""top"":2312,""bottom"":3915},""time"":1729913618355},{""box"":{""left"":2087,""right"":2557,""top"":2312,""bottom"":3915},""time"":1729913618398},{""box"":{""left"":2087,""right"":2557,""top"":2312,""bottom"":3915},""time"":1729913618502},{""box"":{""left"":2087,""right"":2557,""top"":2312,""bottom"":3915},""time"":1729913618545},{""box"":{""left"":2087,""right"":2557,""top"":2312,""bottom"":3915},""time"":1729913618588},{""box"":{""left"":2087,""right"":2557,""top"":2312,""bottom"":3915},""time"":1729913618631},{""box"":{""left"":2087,""right"":2557,""top"":2312,""bottom"":3915},""time"":1729913618684},{""box"":{""left"":2087,""right"":2557,""top"":2312,""bottom"":3915},""time"":1729913618727},{""box"":{""left"":2087,""right"":2557,""top"":2312,""bottom"":3915},""time"":1729913618769},{""box"":{""left"":2087,""right"":2557,""top"":2312,""bottom"":3915},""time"":1729913618812},{""box"":{""left"":2087,""right"":2557,""top"":2312,""bottom"":3915},""time"":1729913618854},{""box"":{""left"":2087,""right"":2557,""top"":2312,""bottom"":3915},""time"":1729913618898},{""box"":{""left"":2087,""right"":2557,""top"":2312,""bottom"":3915},""time"":1729913618940},{""box"":{""left"":2087,""right"":2557,""top"":2312,""bottom"":3915},""time"":1729913618983},{""box"":{""left"":2087,""right"":2557,""top"":2312,""bottom"":3915},""time"":1729913619027},{""box"":{""left"":2087,""right"":2557,""top"":2312,""bottom"":3915},""time"":1729913619071},{""box"":{""left"":2087,""right"":2557,""top"":2312,""bottom"":3915},""time"":1729913619114},{""box"":{""left"":2087,""right"":2557,""top"":2312,""bottom"":3915},""time"":1729913619156},{""box"":{""left"":2087,""right"":2557,""top"":2312,""bottom"":3915},""time"":1729913619198},{""box"":{""left"":2087,""right"":2557,""top"":2312,""bottom"":3915},""time"":1729913619231},{""box"":{""left"":2087,""right"":2557,""top"":2312,""bottom"":3915},""time"":1729913619284},{""box"":{""left"":2087,""right"":2557,""top"":2312,""bottom"":3915},""time"":1729913619467},{""box"":{""left"":2087,""right"":2557,""top"":2312,""bottom"":3915},""time"":1729913619499},{""box"":{""left"":2087,""right"":2557,""top"":2312,""bottom"":3915},""time"":1729913619542},{""box"":{""left"":2087,""right"":2557,""top"":2312,""bottom"":3915},""time"":1729913619573},{""box"":{""left"":2087,""right"":2557,""top"":2312,""bottom"":3915},""time"":1729913619622},{""box"":{""left"":2087,""right"":2557,""top"":2312,""bottom"":3915},""time"":1729913619654},{""box"":{""left"":2087,""right"":2557,""top"":2312,""bottom"":3915},""time"":1729913619722},{""box"":{""left"":2087,""right"":2557,""top"":2312,""bottom"":3915},""time"":1729913619755},{""box"":{""left"":2087,""right"":2557,""top"":2312,""bottom"":3915},""time"":1729913619803},{""box"":{""left"":2087,""right"":2557,""top"":2312,""bottom"":3915},""time"":1729913619835},{""box"":{""left"":2087,""right"":2557,""top"":2312,""bottom"":3915},""time"":1729913619884},{""box"":{""left"":2087,""right"":2557,""top"":2312,""bottom"":3915},""time"":1729913619915},{""box"":{""left"":2087,""right"":2557,""top"":2312,""bottom"":3915},""time"":1729913619964},{""box"":{""left"":2087,""right"":2557,""top"":2312,""bottom"":3915},""time"":1729913619997},{""box"":{""left"":2087,""right"":2557,""top"":2312,""bottom"":3915},""time"":1729913620045},{""box"":{""left"":2087,""right"":2557,""top"":2312,""bottom"":3915},""time"":1729913620078},{""box"":{""left"":2087,""right"":2557,""top"":2312,""bottom"":3915},""time"":1729913620380}",,,,,
56949,Person,2024-10-26 12:33:23,2024-10-26 12:33:23,"{""left"":470,""right"":5638,""top"":1294,""bottom"":8847}",,,,,
56951,Person,2024-10-26 12:33:26,2024-10-26 12:33:26,"{""left"":1487,""right"":6368,""top"":2787,""bottom"":9957}",,,,,
56953,Person,2024-10-26 12:33:29,2024-10-26 12:33:30,"{""left"":816,""right"":5380,""top"":1737,""bottom"":9159},{""box"":{""left"":816,""right"":5380,""top"":1737,""bottom"":9159},""time"":1729913610225}",,,,,
56955,Person,2024-10-26 12:33:30,2024-10-26 12:33:40,"{""left"":2034,""right"":5585,""top"":2952,""bottom"":9266},{""box"":{""left"":2034,""right"":5585,""top"":2952,""bottom"":9266},""time"":1729913610784},{""box"":{""left"":2034,""right"":5585,""top"":2952,""bottom"":9266},""time"":1729913612398},{""box"":{""left"":2034,""right"":5585,""top"":2952,""bottom"":9266},""time"":1729913612504},{""box"":{""left"":2034,""right"":5585,""top"":2952,""bottom"":9266},""time"":1729913612622},{""box"":{""left"":2034,""right"":5585,""top"":2952,""bottom"":9266},""time"":1729913613071},{""box"":{""left"":2034,""right"":5585,""top"":2952,""bottom"":9266},""time"":1729913613815},{""box"":{""left"":2034,""right"":5585,""top"":2952,""bottom"":9266},""time"":1729913614074},{""box"":{""left"":2034,""right"":5585,""top"":2952,""bottom"":9266},""time"":1729913614495},{""box"":{""left"":2034,""right"":5585,""top"":2952,""bottom"":9266},""time"":1729913614737},{""box"":{""left"":2034,""right"":5585,""top"":2952,""bottom"":9266},""time"":1729913614930},{""box"":{""left"":2034,""right"":5585,""top"":2952,""bottom"":9266},""time"":1729913615205},{""box"":{""left"":2034,""right"":5585,""top"":2952,""bottom"":9266},""time"":1729913615536},{""box"":{""left"":2034,""right"":5585,""top"":2952,""bottom"":9266},""time"":1729913615644},{""box"":{""left"":2034,""right"":5585,""top"":2952,""bottom"":9266},""time"":1729913616314},{""box"":{""left"":2034,""right"":5585,""top"":2952,""bottom"":9266},""time"":1729913616710},{""box"":{""left"":2034,""right"":5585,""top"":2952,""bottom"":9266},""time"":1729913616826},{""box"":{""left"":2034,""right"":5585,""top"":2952,""bottom"":9266},""time"":1729913617040},{""box"":{""left"":2034,""right"":5585,""top"":2952,""bottom"":9266},""time"":1729913617309},{""box"":{""left"":2034,""right"":5585,""top"":2952,""bottom"":9266},""time"":1729913617734},{""box"":{""left"":2034,""right"":5585,""top"":2952,""bottom"":9266},""time"":1729913617820},{""box"":{""left"":2034,""right"":5585,""top"":2952,""bottom"":9266},""time"":1729913617991},{""box"":{""left"":2034,""right"":5585,""top"":2952,""bottom"":9266},""time"":1729913618076},{""box"":{""left"":2034,""right"":5585,""top"":2952,""bottom"":9266},""time"":1729913618151},{""box"":{""left"":2034,""right"":5585,""top"":2952,""bottom"":9266},""time"":1729913618248},{""box"":{""left"":2034,""right"":5585,""top"":2952,""bottom"":9266},""time"":1729913618324},{""box"":{""left"":2034,""right"":5585,""top"":2952,""bottom"":9266},""time"":1729913618408},{""box"":{""left"":2034,""right"":5585,""top"":2952,""bottom"":9266},""time"":1729913618556},{""box"":{""left"":2034,""right"":5585,""top"":2952,""bottom"":9266},""time"":1729913618641},{""box"":{""left"":2034,""right"":5585,""top"":2952,""bottom"":9266},""time"":1729913618738},{""box"":{""left"":2034,""right"":5585,""top"":2952,""bottom"":9266},""time"":1729913618823},{""box"":{""left"":2034,""right"":5585,""top"":2952,""bottom"":9266},""time"":1729913618908},{""box"":{""left"":2034,""right"":5585,""top"":2952,""bottom"":9266},""time"":1729913618993},{""box"":{""left"":2034,""right"":5585,""top"":2952,""bottom"":9266},""time"":1729913619082},{""box"":{""left"":2034,""right"":5585,""top"":2952,""bottom"":9266},""time"":1729913619167},{""box"":{""left"":2034,""right"":5585,""top"":2952,""bottom"":9266},""time"":1729913619241},{""box"":{""left"":2034,""right"":5585,""top"":2952,""bottom"":9266},""time"":1729913619317},{""box"":{""left"":2034,""right"":5585,""top"":2952,""bottom"":9266},""time"":1729913619419},{""box"":{""left"":2034,""right"":5585,""top"":2952,""bottom"":9266},""time"":1729913619510},{""box"":{""left"":2034,""right"":5585,""top"":2952,""bottom"":9266},""time"":1729913619585},{""box"":{""left"":2034,""right"":5585,""top"":2952,""bottom"":9266},""time"":1729913619665},{""box"":{""left"":2034,""right"":5585,""top"":2952,""bottom"":9266},""time"":1729913619765},{""box"":{""left"":2034,""right"":5585,""top"":2952,""bottom"":9266},""time"":1729913619846},{""box"":{""left"":2034,""right"":5585,""top"":2952,""bottom"":9266},""time"":1729913619927},{""box"":{""left"":2034,""right"":5585,""top"":2952,""bottom"":9266},""time"":1729913620007},{""box"":{""left"":2034,""right"":5585,""top"":2952,""bottom"":9266},""time"":1729913620089},{""box"":{""left"":2034,""right"":5585,""top"":2952,""bottom"":9266},""time"":1729913620980}",,,,,
56956,Person,2024-10-26 12:33:30,2024-10-26 12:33:30,"{""left"":2357,""right"":3825,""top"":2859,""bottom"":6388}",,,,,
56957,Person,2024-10-26 12:33:35,2024-10-26 12:33:42,"{""left"":2826,""right"":2596,""top"":3173,""bottom"":3893},{""box"":{""left"":2826,""right"":2596,""top"":3173,""bottom"":3893},""time"":1729913615962},{""box"":{""left"":2826,""right"":2596,""top"":3173,""bottom"":3893},""time"":1729913616720},{""box"":{""left"":2826,""right"":2596,""top"":3173,""bottom"":3893},""time"":1729913616836},{""box"":{""left"":2826,""right"":2596,""top"":3173,""bottom"":3893},""time"":1729913616932},{""box"":{""left"":2826,""right"":2596,""top"":3173,""bottom"":3893},""time"":1729913617051},{""box"":{""left"":2826,""right"":2596,""top"":3173,""bottom"":3893},""time"":1729913617320},{""box"":{""left"":2826,""right"":2596,""top"":3173,""bottom"":3893},""time"":1729913617394},{""box"":{""left"":2826,""right"":2596,""top"":3173,""bottom"":3893},""time"":1729913617480},{""box"":{""left"":2826,""right"":2596,""top"":3173,""bottom"":3893},""time"":1729913617565},{""box"":{""left"":2826,""right"":2596,""top"":3173,""bottom"":3893},""time"":1729913617650},{""box"":{""left"":2826,""right"":2596,""top"":3173,""bottom"":3893},""time"":1729913617746},{""box"":{""left"":2826,""right"":2596,""top"":3173,""bottom"":3893},""time"":1729913617830},{""box"":{""left"":2826,""right"":2596,""top"":3173,""bottom"":3893},""time"":1729913617906},{""box"":{""left"":2826,""right"":2596,""top"":3173,""bottom"":3893},""time"":1729913618001},{""box"":{""left"":2826,""right"":2596,""top"":3173,""bottom"":3893},""time"":1729913618087},{""box"":{""left"":2826,""right"":2596,""top"":3173,""bottom"":3893},""time"":1729913618161},{""box"":{""left"":2826,""right"":2596,""top"":3173,""bottom"":3893},""time"":1729913618259},{""box"":{""left"":2826,""right"":2596,""top"":3173,""bottom"":3893},""time"":1729913618334},{""box"":{""left"":2826,""right"":2596,""top"":3173,""bottom"":3893},""time"":1729913618420},{""box"":{""left"":2826,""right"":2596,""top"":3173,""bottom"":3893},""time"":1729913618566},{""box"":{""left"":2826,""right"":2596,""top"":3173,""bottom"":3893},""time"":1729913618652},{""box"":{""left"":2826,""right"":2596,""top"":3173,""bottom"":3893},""time"":1729913618748},{""box"":{""left"":2826,""right"":2596,""top"":3173,""bottom"":3893},""time"":1729913618833},{""box"":{""left"":2826,""right"":2596,""top"":3173,""bottom"":3893},""time"":1729913618919},{""box"":{""left"":2826,""right"":2596,""top"":3173,""bottom"":3893},""time"":1729913619004},{""box"":{""left"":2826,""right"":2596,""top"":3173,""bottom"":3893},""time"":1729913619092},{""box"":{""left"":2826,""right"":2596,""top"":3173,""bottom"":3893},""time"":1729913619177},{""box"":{""left"":2826,""right"":2596,""top"":3173,""bottom"":3893},""time"":1729913619251},{""box"":{""left"":2826,""right"":2596,""top"":3173,""bottom"":3893},""time"":1729913619327},{""box"":{""left"":2826,""right"":2596,""top"":3173,""bottom"":3893},""time"":1729913619429},{""box"":{""left"":2826,""right"":2596,""top"":3173,""bottom"":3893},""time"":1729913619520},{""box"":{""left"":2826,""right"":2596,""top"":3173,""bottom"":3893},""time"":1729913619595},{""box"":{""left"":2826,""right"":2596,""top"":3173,""bottom"":3893},""time"":1729913619676},{""box"":{""left"":2826,""right"":2596,""top"":3173,""bottom"":3893},""time"":1729913619775},{""box"":{""left"":2826,""right"":2596,""top"":3173,""bottom"":3893},""time"":1729913619856},{""box"":{""left"":2826,""right"":2596,""top"":3173,""bottom"":3893},""time"":1729913619937},{""box"":{""left"":2826,""right"":2596,""top"":3173,""bottom"":3893},""time"":1729913620017},{""box"":{""left"":2826,""right"":2596,""top"":3173,""bottom"":3893},""time"":1729913620099},{""box"":{""left"":2826,""right"":2596,""top"":3173,""bottom"":3893},""time"":1729913620390},{""box"":{""left"":2826,""right"":2596,""top"":3173,""bottom"":3893},""time"":1729913620446},{""box"":{""left"":2826,""right"":2596,""top"":3173,""bottom"":3893},""time"":1729913620507},{""box"":{""left"":2826,""right"":2596,""top"":3173,""bottom"":3893},""time"":1729913620573},{""box"":{""left"":2826,""right"":2596,""top"":3173,""bottom"":3893},""time"":1729913620650},{""box"":{""left"":2826,""right"":2596,""top"":3173,""bottom"":3893},""time"":1729913620716},{""box"":{""left"":2826,""right"":2596,""top"":3173,""bottom"":3893},""time"":1729913620782},{""box"":{""left"":2826,""right"":2596,""top"":3173,""bottom"":3893},""time"":1729913620848},{""box"":{""left"":2826,""right"":2596,""top"":3173,""bottom"":3893},""time"":1729913620914},{""box"":{""left"":2826,""right"":2596,""top"":3173,""bottom"":3893},""time"":1729913620990},{""box"":{""left"":2826,""right"":2596,""top"":3173,""bottom"":3893},""time"":1729913621262},{""box"":{""left"":2826,""right"":2596,""top"":3173,""bottom"":3893},""time"":1729913621313},{""box"":{""left"":2826,""right"":2596,""top"":3173,""bottom"":3893},""time"":1729913621381},{""box"":{""left"":2826,""right"":2596,""top"":3173,""bottom"":3893},""time"":1729913621469},{""box"":{""left"":2826,""right"":2596,""top"":3173,""bottom"":3893},""time"":1729913621531},{""box"":{""left"":2826,""right"":2596,""top"":3173,""bottom"":3893},""time"":1729913621613},{""box"":{""left"":2826,""right"":2596,""top"":3173,""bottom"":3893},""time"":1729913621718},{""box"":{""left"":2826,""right"":2596,""top"":3173,""bottom"":3893},""time"":1729913621812},{""box"":{""left"":2826,""right"":2596,""top"":3173,""bottom"":3893},""time"":1729913621886},{""box"":{""left"":2826,""right"":2596,""top"":3173,""bottom"":3893},""time"":1729913621958},{""box"":{""left"":2826,""right"":2596,""top"":3173,""bottom"":3893},""time"":1729913622031},{""box"":{""left"":2826,""right"":2596,""top"":3173,""bottom"":3893},""time"":1729913622147}",,,,,
56958,Person,2024-10-26 12:33:35,2024-10-26 12:33:43,"{""left"":3787,""right"":5124,""top"":4785,""bottom"":9794},{""box"":{""left"":3787,""right"":5124,""top"":4785,""bottom"":9794},""time"":1729913616730},{""box"":{""left"":3787,""right"":5124,""top"":4785,""bottom"":9794},""time"":1729913616848},{""box"":{""left"":3787,""right"":5124,""top"":4785,""bottom"":9794},""time"":1729913616944},{""box"":{""left"":3787,""right"":5124,""top"":4785,""bottom"":9794},""time"":1729913617061},{""box"":{""left"":3787,""right"":5124,""top"":4785,""bottom"":9794},""time"":1729913617405},{""box"":{""left"":3787,""right"":5124,""top"":4785,""bottom"":9794},""time"":1729913617490},{""box"":{""left"":3787,""right"":5124,""top"":4785,""bottom"":9794},""time"":1729913617575},{""box"":{""left"":3787,""right"":5124,""top"":4785,""bottom"":9794},""time"":1729913617660},{""box"":{""left"":3787,""right"":5124,""top"":4785,""bottom"":9794},""time"":1729913617916},{""box"":{""left"":3787,""right"":5124,""top"":4785,""bottom"":9794},""time"":1729913618171},{""box"":{""left"":3787,""right"":5124,""top"":4785,""bottom"":9794},""time"":1729913618344},{""box"":{""left"":3787,""right"":5124,""top"":4785,""bottom"":9794},""time"":1729913618430},{""box"":{""left"":3787,""right"":5124,""top"":4785,""bottom"":9794},""time"":1729913618576},{""box"":{""left"":3787,""right"":5124,""top"":4785,""bottom"":9794},""time"":1729913618758},{""box"":{""left"":3787,""right"":5124,""top"":4785,""bottom"":9794},""time"":1729913618844},{""box"":{""left"":3787,""right"":5124,""top"":4785,""bottom"":9794},""time"":1729913618929},{""box"":{""left"":3787,""right"":5124,""top"":4785,""bottom"":9794},""time"":1729913619015},{""box"":{""left"":3787,""right"":5124,""top"":4785,""bottom"":9794},""time"":1729913619102},{""box"":{""left"":3787,""right"":5124,""top"":4785,""bottom"":9794},""time"":1729913619188},{""box"":{""left"":3787,""right"":5124,""top"":4785,""bottom"":9794},""time"":1729913619263},{""box"":{""left"":3787,""right"":5124,""top"":4785,""bottom"":9794},""time"":1729913619337},{""box"":{""left"":3787,""right"":5124,""top"":4785,""bottom"":9794},""time"":1729913619531},{""box"":{""left"":3787,""right"":5124,""top"":4785,""bottom"":9794},""time"":1729913619605},{""box"":{""left"":3787,""right"":5124,""top"":4785,""bottom"":9794},""time"":1729913619686},{""box"":{""left"":3787,""right"":5124,""top"":4785,""bottom"":9794},""time"":1729913619787},{""box"":{""left"":3787,""right"":5124,""top"":4785,""bottom"":9794},""time"":1729913619866},{""box"":{""left"":3787,""right"":5124,""top"":4785,""bottom"":9794},""time"":1729913619947},{""box"":{""left"":3787,""right"":5124,""top"":4785,""bottom"":9794},""time"":1729913620029},{""box"":{""left"":3787,""right"":5124,""top"":4785,""bottom"":9794},""time"":1729913620109},{""box"":{""left"":3787,""right"":5124,""top"":4785,""bottom"":9794},""time"":1729913620401},{""box"":{""left"":3787,""right"":5124,""top"":4785,""bottom"":9794},""time"":1729913620458},{""box"":{""left"":3787,""right"":5124,""top"":4785,""bottom"":9794},""time"":1729913620518},{""box"":{""left"":3787,""right"":5124,""top"":4785,""bottom"":9794},""time"":1729913620583},{""box"":{""left"":3787,""right"":5124,""top"":4785,""bottom"":9794},""time"":1729913620660},{""box"":{""left"":3787,""right"":5124,""top"":4785,""bottom"":9794},""time"":1729913620726},{""box"":{""left"":3787,""right"":5124,""top"":4785,""bottom"":9794},""time"":1729913620792},{""box"":{""left"":3787,""right"":5124,""top"":4785,""bottom"":9794},""time"":1729913620859},{""box"":{""left"":3787,""right"":5124,""top"":4785,""bottom"":9794},""time"":1729913620924},{""box"":{""left"":3787,""right"":5124,""top"":4785,""bottom"":9794},""time"":1729913621002},{""box"":{""left"":3787,""right"":5124,""top"":4785,""bottom"":9794},""time"":1729913621047},{""box"":{""left"":3787,""right"":5124,""top"":4785,""bottom"":9794},""time"":1729913621274},{""box"":{""left"":3787,""right"":5124,""top"":4785,""bottom"":9794},""time"":1729913621325},{""box"":{""left"":3787,""right"":5124,""top"":4785,""bottom"":9794},""time"":1729913621392},{""box"":{""left"":3787,""right"":5124,""top"":4785,""bottom"":9794},""time"":1729913621481},{""box"":{""left"":3787,""right"":5124,""top"":4785,""bottom"":9794},""time"":1729913621542},{""box"":{""left"":3787,""right"":5124,""top"":4785,""bottom"":9794},""time"":1729913621624},{""box"":{""left"":3787,""right"":5124,""top"":4785,""bottom"":9794},""time"":1729913621730},{""box"":{""left"":3787,""right"":5124,""top"":4785,""bottom"":9794},""time"":1729913621823},{""box"":{""left"":3787,""right"":5124,""top"":4785,""bottom"":9794},""time"":1729913621897},{""box"":{""left"":3787,""right"":5124,""top"":4785,""bottom"":9794},""time"":1729913621969},{""box"":{""left"":3787,""right"":5124,""top"":4785,""bottom"":9794},""time"":1729913622041},{""box"":{""left"":3787,""right"":5124,""top"":4785,""bottom"":9794},""time"":1729913622158},{""box"":{""left"":3787,""right"":5124,""top"":4785,""bottom"":9794},""time"":1729913622342},{""box"":{""left"":3787,""right"":5124,""top"":4785,""bottom"":9794},""time"":1729913622409},{""box"":{""left"":3787,""right"":5124,""top"":4785,""bottom"":9794},""time"":1729913622477},{""box"":{""left"":3787,""right"":5124,""top"":4785,""bottom"":9794},""time"":1729913622669},{""box"":{""left"":3787,""right"":5124,""top"":4785,""bottom"":9794},""time"":1729913622742},{""box"":{""left"":3787,""right"":5124,""top"":4785,""bottom"":9794},""time"":1729913622822},{""box"":{""left"":3787,""right"":5124,""top"":4785,""bottom"":9794},""time"":1729913622889},{""box"":{""left"":3787,""right"":5124,""top"":4785,""bottom"":9794},""time"":1729913623057},{""box"":{""left"":3787,""right"":5124,""top"":4785,""bottom"":9794},""time"":1729913623125},{""box"":{""left"":3787,""right"":5124,""top"":4785,""bottom"":9794},""time"":1729913623196},{""box"":{""left"":3787,""right"":5124,""top"":4785,""bottom"":9794},""time"":1729913623269},{""box"":{""left"":3787,""right"":5124,""top"":4785,""bottom"":9794},""time"":1729913623342},{""box"":{""left"":3787,""right"":5124,""top"":4785,""bottom"":9794},""time"":1729913623416},{""box"":{""left"":3787,""right"":5124,""top"":4785,""bottom"":9794},""time"":1729913623620},{""box"":{""left"":3787,""right"":5124,""top"":4785,""bottom"":9794},""time"":1729913623701}",,,,,
56960,Person,2024-10-26 12:33:40,2024-10-26 12:33:45,"{""left"":3768,""right"":3158,""top"":4345,""bottom"":5858},{""box"":{""left"":3768,""right"":3158,""top"":4345,""bottom"":5858},""time"":1729913620803},{""box"":{""left"":3768,""right"":3158,""top"":4345,""bottom"":5858},""time"":1729913620869},{""box"":{""left"":3768,""right"":3158,""top"":4345,""bottom"":5858},""time"":1729913620935},{""box"":{""left"":3768,""right"":3158,""top"":4345,""bottom"":5858},""time"":1729913621058},{""box"":{""left"":3768,""right"":3158,""top"":4345,""bottom"":5858},""time"":1729913621285},{""box"":{""left"":3768,""right"":3158,""top"":4345,""bottom"":5858},""time"":1729913621335},{""box"":{""left"":3768,""right"":3158,""top"":4345,""bottom"":5858},""time"":1729913621402},{""box"":{""left"":3768,""right"":3158,""top"":4345,""bottom"":5858},""time"":1729913621491},{""box"":{""left"":3768,""right"":3158,""top"":4345,""bottom"":5858},""time"":1729913621552},{""box"":{""left"":3768,""right"":3158,""top"":4345,""bottom"":5858},""time"":1729913621635},{""box"":{""left"":3768,""right"":3158,""top"":4345,""bottom"":5858},""time"":1729913621741},{""box"":{""left"":3768,""right"":3158,""top"":4345,""bottom"":5858},""time"":1729913621835},{""box"":{""left"":3768,""right"":3158,""top"":4345,""bottom"":5858},""time"":1729913621907},{""box"":{""left"":3768,""right"":3158,""top"":4345,""bottom"":5858},""time"":1729913621980},{""box"":{""left"":3768,""right"":3158,""top"":4345,""bottom"":5858},""time"":1729913622053},{""box"":{""left"":3768,""right"":3158,""top"":4345,""bottom"":5858},""time"":1729913622957},{""box"":{""left"":3768,""right"":3158,""top"":4345,""bottom"":5858},""time"":1729913623068},{""box"":{""left"":3768,""right"":3158,""top"":4345,""bottom"":5858},""time"":1729913623137},{""box"":{""left"":3768,""right"":3158,""top"":4345,""bottom"":5858},""time"":1729913623207},{""box"":{""left"":3768,""right"":3158,""top"":4345,""bottom"":5858},""time"":1729913623280},{""box"":{""left"":3768,""right"":3158,""top"":4345,""bottom"":5858},""time"":1729913623354},{""box"":{""left"":3768,""right"":3158,""top"":4345,""bottom"":5858},""time"":1729913623427},{""box"":{""left"":3768,""right"":3158,""top"":4345,""bottom"":5858},""time"":1729913623511},{""box"":{""left"":3768,""right"":3158,""top"":4345,""bottom"":5858},""time"":1729913623631},{""box"":{""left"":3768,""right"":3158,""top"":4345,""bottom"":5858},""time"":1729913623712},{""box"":{""left"":3768,""right"":3158,""top"":4345,""bottom"":5858},""time"":1729913624185},{""box"":{""left"":3768,""right"":3158,""top"":4345,""bottom"":5858},""time"":1729913624236},{""box"":{""left"":3768,""right"":3158,""top"":4345,""bottom"":5858},""time"":1729913624303},{""box"":{""left"":3768,""right"":3158,""top"":4345,""bottom"":5858},""time"":1729913624371},{""box"":{""left"":3768,""right"":3158,""top"":4345,""bottom"":5858},""time"":1729913624438},{""box"":{""left"":3768,""right"":3158,""top"":4345,""bottom"":5858},""time"":1729913624505},{""box"":{""left"":3768,""right"":3158,""top"":4345,""bottom"":5858},""time"":1729913624562},{""box"":{""left"":3768,""right"":3158,""top"":4345,""bottom"":5858},""time"":1729913624587},{""box"":{""left"":3768,""right"":3158,""top"":4345,""bottom"":5858},""time"":1729913624642},{""box"":{""left"":3768,""right"":3158,""top"":4345,""bottom"":5858},""time"":1729913624701},{""box"":{""left"":3768,""right"":3158,""top"":4345,""bottom"":5858},""time"":1729913624731},{""box"":{""left"":3768,""right"":3158,""top"":4345,""bottom"":5858},""time"":1729913624781},{""box"":{""left"":3768,""right"":3158,""top"":4345,""bottom"":5858},""time"":1729913624831},{""box"":{""left"":3768,""right"":3158,""top"":4345,""bottom"":5858},""time"":1729913624887},{""box"":{""left"":3768,""right"":3158,""top"":4345,""bottom"":5858},""time"":1729913624908},{""box"":{""left"":3768,""right"":3158,""top"":4345,""bottom"":5858},""time"":1729913624962},{""box"":{""left"":3768,""right"":3158,""top"":4345,""bottom"":5858},""time"":1729913624993},{""box"":{""left"":3768,""right"":3158,""top"":4345,""bottom"":5858},""time"":1729913625047},{""box"":{""left"":3768,""right"":3158,""top"":4345,""bottom"":5858},""time"":1729913625102},{""box"":{""left"":3768,""right"":3158,""top"":4345,""bottom"":5858},""time"":1729913625176},{""box"":{""left"":3768,""right"":3158,""top"":4345,""bottom"":5858},""time"":1729913625250},{""box"":{""left"":3768,""right"":3158,""top"":4345,""bottom"":5858},""time"":1729913625315},{""box"":{""left"":3768,""right"":3158,""top"":4345,""bottom"":5858},""time"":1729913625370},{""box"":{""left"":3768,""right"":3158,""top"":4345,""bottom"":5858},""time"":1729913625443},{""box"":{""left"":3768,""right"":3158,""top"":4345,""bottom"":5858},""time"":1729913625507},{""box"":{""left"":3768,""right"":3158,""top"":4345,""bottom"":5858},""time"":1729913625537},{""box"":{""left"":3768,""right"":3158,""top"":4345,""bottom"":5858},""time"":1729913625566},{""box"":{""left"":3768,""right"":3158,""top"":4345,""bottom"":5858},""time"":1729913625596},{""box"":{""left"":3768,""right"":3158,""top"":4345,""bottom"":5858},""time"":1729913625625}",,,,,
56961,Person,2024-10-26 12:33:41,2024-10-26 12:33:43,"{""left"":2597,""right"":2862,""top"":2916,""bottom"":4434},{""box"":{""left"":2597,""right"":2862,""top"":2916,""bottom"":4434},""time"":1729913622274},{""box"":{""left"":2597,""right"":2862,""top"":2916,""bottom"":4434},""time"":1729913622352},{""box"":{""left"":2597,""right"":2862,""top"":2916,""bottom"":4434},""time"":1729913622420},{""box"":{""left"":2597,""right"":2862,""top"":2916,""bottom"":4434},""time"":1729913622489},{""box"":{""left"":2597,""right"":2862,""top"":2916,""bottom"":4434},""time"":1729913622680},{""box"":{""left"":2597,""right"":2862,""top"":2916,""bottom"":4434},""time"":1729913622753},{""box"":{""left"":2597,""right"":2862,""top"":2916,""bottom"":4434},""time"":1729913622833},{""box"":{""left"":2597,""right"":2862,""top"":2916,""bottom"":4434},""time"":1729913622900},{""box"":{""left"":2597,""right"":2862,""top"":2916,""bottom"":4434},""time"":1729913622968},{""box"":{""left"":2597,""right"":2862,""top"":2916,""bottom"":4434},""time"":1729913623079},{""box"":{""left"":2597,""right"":2862,""top"":2916,""bottom"":4434},""time"":1729913623148},{""box"":{""left"":2597,""right"":2862,""top"":2916,""bottom"":4434},""time"":1729913623218},{""box"":{""left"":2597,""right"":2862,""top"":2916,""bottom"":4434},""time"":1729913623291},{""box"":{""left"":2597,""right"":2862,""top"":2916,""bottom"":4434},""time"":1729913623365},{""box"":{""left"":2597,""right"":2862,""top"":2916,""bottom"":4434},""time"":1729913623438}",,,,,
56962,Person,2024-10-26 12:33:41,2024-10-26 12:33:51,"{""left"":2232,""right"":2658,""top"":2535,""bottom"":4068},{""box"":{""left"":2232,""right"":2658,""top"":2535,""bottom"":4068},""time"":1729913623723},{""box"":{""left"":2232,""right"":2658,""top"":2535,""bottom"":4068},""time"":1729913624196},{""box"":{""left"":2232,""right"":2658,""top"":2535,""bottom"":4068},""time"":1729913624247},{""box"":{""left"":2232,""right"":2658,""top"":2535,""bottom"":4068},""time"":1729913624315},{""box"":{""left"":2232,""right"":2658,""top"":2535,""bottom"":4068},""time"":1729913624382},{""box"":{""left"":2232,""right"":2658,""top"":2535,""bottom"":4068},""time"":1729913624449},{""box"":{""left"":2232,""right"":2658,""top"":2535,""bottom"":4068},""time"":1729913624517},{""box"":{""left"":2232,""right"":2658,""top"":2535,""bottom"":4068},""time"":1729913624573},{""box"":{""left"":2232,""right"":2658,""top"":2535,""bottom"":4068},""time"":1729913624598},{""box"":{""left"":2232,""right"":2658,""top"":2535,""bottom"":4068},""time"":1729913624653},{""box"":{""left"":2232,""right"":2658,""top"":2535,""bottom"":4068},""time"":1729913624711},{""box"":{""left"":2232,""right"":2658,""top"":2535,""bottom"":4068},""time"":1729913624973},{""box"":{""left"":2232,""right"":2658,""top"":2535,""bottom"":4068},""time"":1729913625001},{""box"":{""left"":2232,""right"":2658,""top"":2535,""bottom"":4068},""time"":1729913625056},{""box"":{""left"":2232,""right"":2658,""top"":2535,""bottom"":4068},""time"":1729913625112},{""box"":{""left"":2232,""right"":2658,""top"":2535,""bottom"":4068},""time"":1729913625185},{""box"":{""left"":2232,""right"":2658,""top"":2535,""bottom"":4068},""time"":1729913625259},{""box"":{""left"":2232,""right"":2658,""top"":2535,""bottom"":4068},""time"":1729913625324},{""box"":{""left"":2232,""right"":2658,""top"":2535,""bottom"":4068},""time"":1729913625378},{""box"":{""left"":2232,""right"":2658,""top"":2535,""bottom"":4068},""time"":1729913625452},{""box"":{""left"":2232,""right"":2658,""top"":2535,""bottom"":4068},""time"":1729913625516},{""box"":{""left"":2232,""right"":2658,""top"":2535,""bottom"":4068},""time"":1729913625546},{""box"":{""left"":2232,""right"":2658,""top"":2535,""bottom"":4068},""time"":1729913625575},{""box"":{""left"":2232,""right"":2658,""top"":2535,""bottom"":4068},""time"":1729913625605},{""box"":{""left"":2232,""right"":2658,""top"":2535,""bottom"":4068},""time"":1729913625634},{""box"":{""left"":2232,""right"":2658,""top"":2535,""bottom"":4068},""time"":1729913625653},{""box"":{""left"":2232,""right"":2658,""top"":2535,""bottom"":4068},""time"":1729913625679},{""box"":{""left"":2232,""right"":2658,""top"":2535,""bottom"":4068},""time"":1729913625703},{""box"":{""left"":2232,""right"":2658,""top"":2535,""bottom"":4068},""time"":1729913625729},{""box"":{""left"":2232,""right"":2658,""top"":2535,""bottom"":4068},""time"":1729913625753},{""box"":{""left"":2232,""right"":2658,""top"":2535,""bottom"":4068},""time"":1729913625775},{""box"":{""left"":2232,""right"":2658,""top"":2535,""bottom"":4068},""time"":1729913625800},{""box"":{""left"":2232,""right"":2658,""top"":2535,""bottom"":4068},""time"":1729913625854},{""box"":{""left"":2232,""right"":2658,""top"":2535,""bottom"":4068},""time"":1729913625901},{""box"":{""left"":2232,""right"":2658,""top"":2535,""bottom"":4068},""time"":1729913625947},{""box"":{""left"":2232,""right"":2658,""top"":2535,""bottom"":4068},""time"":1729913625993},{""box"":{""left"":2232,""right"":2658,""top"":2535,""bottom"":4068},""time"":1729913626038},{""box"":{""left"":2232,""right"":2658,""top"":2535,""bottom"":4068},""time"":1729913626084},{""box"":{""left"":2232,""right"":2658,""top"":2535,""bottom"":4068},""time"":1729913626139},{""box"":{""left"":2232,""right"":2658,""top"":2535,""bottom"":4068},""time"":1729913626176},{""box"":{""left"":2232,""right"":2658,""top"":2535,""bottom"":4068},""time"":1729913626213},{""box"":{""left"":2232,""right"":2658,""top"":2535,""bottom"":4068},""time"":1729913626259},{""box"":{""left"":2232,""right"":2658,""top"":2535,""bottom"":4068},""time"":1729913626281},{""box"":{""left"":2232,""right"":2658,""top"":2535,""bottom"":4068},""time"":1729913626306},{""box"":{""left"":2232,""right"":2658,""top"":2535,""bottom"":4068},""time"":1729913626328},{""box"":{""left"":2232,""right"":2658,""top"":2535,""bottom"":4068},""time"":1729913626352},{""box"":{""left"":2232,""right"":2658,""top"":2535,""bottom"":4068},""time"":1729913626377},{""box"":{""left"":2232,""right"":2658,""top"":2535,""bottom"":4068},""time"":1729913626403},{""box"":{""left"":2232,""right"":2658,""top"":2535,""bottom"":4068},""time"":1729913626457},{""box"":{""left"":2232,""right"":2658,""top"":2535,""bottom"":4068},""time"":1729913626483},{""box"":{""left"":2232,""right"":2658,""top"":2535,""bottom"":4068},""time"":1729913626504},{""box"":{""left"":2232,""right"":2658,""top"":2535,""bottom"":4068},""time"":1729913626527},{""box"":{""left"":2232,""right"":2658,""top"":2535,""bottom"":4068},""time"":1729913626548},{""box"":{""left"":2232,""right"":2658,""top"":2535,""bottom"":4068},""time"":1729913626603},{""box"":{""left"":2232,""right"":2658,""top"":2535,""bottom"":4068},""time"":1729913626628},{""box"":{""left"":2232,""right"":2658,""top"":2535,""bottom"":4068},""time"":1729913626653},{""box"":{""left"":2232,""right"":2658,""top"":2535,""bottom"":4068},""time"":1729913626678},{""box"":{""left"":2232,""right"":2658,""top"":2535,""bottom"":4068},""time"":1729913626703},{""box"":{""left"":2232,""right"":2658,""top"":2535,""bottom"":4068},""time"":1729913626729},{""box"":{""left"":2232,""right"":2658,""top"":2535,""bottom"":4068},""time"":1729913626753},{""box"":{""left"":2232,""right"":2658,""top"":2535,""bottom"":4068},""time"":1729913626808},{""box"":{""left"":2232,""right"":2658,""top"":2535,""bottom"":4068},""time"":1729913626864},{""box"":{""left"":2232,""right"":2658,""top"":2535,""bottom"":4068},""time"":1729913626918},{""box"":{""left"":2232,""right"":2658,""top"":2535,""bottom"":4068},""time"":1729913626973},{""box"":{""left"":2232,""right"":2658,""top"":2535,""bottom"":4068},""time"":1729913627028},{""box"":{""left"":2232,""right"":2658,""top"":2535,""bottom"":4068},""time"":1729913627083},{""box"":{""left"":2232,""right"":2658,""top"":2535,""bottom"":4068},""time"":1729913627138},{""box"":{""left"":2232,""right"":2658,""top"":2535,""bottom"":4068},""time"":1729913627164},{""box"":{""left"":2232,""right"":2658,""top"":2535,""bottom"":4068},""time"":1729913627219},{""box"":{""left"":2232,""right"":2658,""top"":2535,""bottom"":4068},""time"":1729913627273},{""box"":{""left"":2232,""right"":2658,""top"":2535,""bottom"":4068},""time"":1729913627299},{""box"":{""left"":2232,""right"":2658,""top"":2535,""bottom"":4068},""time"":1729913627320},{""box"":{""left"":2232,""right"":2658,""top"":2535,""bottom"":4068},""time"":1729913627343},{""box"":{""left"":2232,""right"":2658,""top"":2535,""bottom"":4068},""time"":1729913627389},{""box"":{""left"":2232,""right"":2658,""top"":2535,""bottom"":4068},""time"":1729913627413},{""box"":{""left"":2232,""right"":2658,""top"":2535,""bottom"":4068},""time"":1729913627439},{""box"":{""left"":2232,""right"":2658,""top"":2535,""bottom"":4068},""time"":1729913627494},{""box"":{""left"":2232,""right"":2658,""top"":2535,""bottom"":4068},""time"":1729913627520},{""box"":{""left"":2232,""right"":2658,""top"":2535,""bottom"":4068},""time"":1729913627575},{""box"":{""left"":2232,""right"":2658,""top"":2535,""bottom"":4068},""time"":1729913627630},{""box"":{""left"":2232,""right"":2658,""top"":2535,""bottom"":4068},""time"":1729913627686},{""box"":{""left"":2232,""right"":2658,""top"":2535,""bottom"":4068},""time"":1729913627740},{""box"":{""left"":2232,""right"":2658,""top"":2535,""bottom"":4068},""time"":1729913627795},{""box"":{""left"":2232,""right"":2658,""top"":2535,""bottom"":4068},""time"":1729913627814},{""box"":{""left"":2232,""right"":2658,""top"":2535,""bottom"":4068},""time"":1729913627840},{""box"":{""left"":2232,""right"":2658,""top"":2535,""bottom"":4068},""time"":1729913627866},{""box"":{""left"":2232,""right"":2658,""top"":2535,""bottom"":4068},""time"":1729913627890},{""box"":{""left"":2232,""right"":2658,""top"":2535,""bottom"":4068},""time"":1729913627915},{""box"":{""left"":2232,""right"":2658,""top"":2535,""bottom"":4068},""time"":1729913627937},{""box"":{""left"":2232,""right"":2658,""top"":2535,""bottom"":4068},""time"":1729913627962},{""box"":{""left"":2232,""right"":2658,""top"":2535,""bottom"":4068},""time"":1729913628014},{""box"":{""left"":2232,""right"":2658,""top"":2535,""bottom"":4068},""time"":1729913628038},{""box"":{""left"":2232,""right"":2658,""top"":2535,""bottom"":4068},""time"":1729913628067},{""box"":{""left"":2232,""right"":2658,""top"":2535,""bottom"":4068},""time"":1729913628098},{""box"":{""left"":2232,""right"":2658,""top"":2535,""bottom"":4068},""time"":1729913628122},{""box"":{""left"":2232,""right"":2658,""top"":2535,""bottom"":4068},""time"":1729913628178},{""box"":{""left"":2232,""right"":2658,""top"":2535,""bottom"":4068},""time"":1729913628234},{""box"":{""left"":2232,""right"":2658,""top"":2535,""bottom"":4068},""time"":1729913628271},{""box"":{""left"":2232,""right"":2658,""top"":2535,""bottom"":4068},""time"":1729913628293},{""box"":{""left"":2232,""right"":2658,""top"":2535,""bottom"":4068},""time"":1729913628339},{""box"":{""left"":2232,""right"":2658,""top"":2535,""bottom"":4068},""time"":1729913628362},{""box"":{""left"":2232,""right"":2658,""top"":2535,""bottom"":4068},""time"":1729913628383},{""box"":{""left"":2232,""right"":2658,""top"":2535,""bottom"":4068},""time"":1729913628406},{""box"":{""left"":2232,""right"":2658,""top"":2535,""bottom"":4068},""time"":1729913628443},{""box"":{""left"":2232,""right"":2658,""top"":2535,""bottom"":4068},""time"":1729913628489},{""box"":{""left"":2232,""right"":2658,""top"":2535,""bottom"":4068},""time"":1729913628514},{""box"":{""left"":2232,""right"":2658,""top"":2535,""bottom"":4068},""time"":1729913628537},{""box"":{""left"":2232,""right"":2658,""top"":2535,""bottom"":4068},""time"":1729913628562},{""box"":{""left"":2232,""right"":2658,""top"":2535,""bottom"":4068},""time"":1729913628585},{""box"":{""left"":2232,""right"":2658,""top"":2535,""bottom"":4068},""time"":1729913628631},{""box"":{""left"":2232,""right"":2658,""top"":2535,""bottom"":4068},""time"":1729913628652},{""box"":{""left"":2232,""right"":2658,""top"":2535,""bottom"":4068},""time"":1729913628675},{""box"":{""left"":2232,""right"":2658,""top"":2535,""bottom"":4068},""time"":1729913628696},{""box"":{""left"":2232,""right"":2658,""top"":2535,""bottom"":4068},""time"":1729913628743},{""box"":{""left"":2232,""right"":2658,""top"":2535,""bottom"":4068},""time"":1729913628790},{""box"":{""left"":2232,""right"":2658,""top"":2535,""bottom"":4068},""time"":1729913628836},{""box"":{""left"":2232,""right"":2658,""top"":2535,""bottom"":4068},""time"":1729913628874},{""box"":{""left"":2232,""right"":2658,""top"":2535,""bottom"":4068},""time"":1729913628911},{""box"":{""left"":2232,""right"":2658,""top"":2535,""bottom"":4068},""time"":1729913628949},{""box"":{""left"":2232,""right"":2658,""top"":2535,""bottom"":4068},""time"":1729913628994},{""box"":{""left"":2232,""right"":2658,""top"":2535,""bottom"":4068},""time"":1729913629040},{""box"":{""left"":2232,""right"":2658,""top"":2535,""bottom"":4068},""time"":1729913629050},{""box"":{""left"":2232,""right"":2658,""top"":2535,""bottom"":4068},""time"":1729913629097},{""box"":{""left"":2232,""right"":2658,""top"":2535,""bottom"":4068},""time"":1729913629106},{""box"":{""left"":2232,""right"":2658,""top"":2535,""bottom"":4068},""time"":1729913629151},{""box"":{""left"":2232,""right"":2658,""top"":2535,""bottom"":4068},""time"":1729913629160},{""box"":{""left"":2232,""right"":2658,""top"":2535,""bottom"":4068},""time"":1729913629207},{""box"":{""left"":2232,""right"":2658,""top"":2535,""bottom"":4068},""time"":1729913629217},{""box"":{""left"":2232,""right"":2658,""top"":2535,""bottom"":4068},""time"":1729913629264},{""box"":{""left"":2232,""right"":2658,""top"":2535,""bottom"":4068},""time"":1729913629310},{""box"":{""left"":2232,""right"":2658,""top"":2535,""bottom"":4068},""time"":1729913629357},{""box"":{""left"":2232,""right"":2658,""top"":2535,""bottom"":4068},""time"":1729913629402},{""box"":{""left"":2232,""right"":2658,""top"":2535,""bottom"":4068},""time"":1729913629440},{""box"":{""left"":2232,""right"":2658,""top"":2535,""bottom"":4068},""time"":1729913629465},{""box"":{""left"":2232,""right"":2658,""top"":2535,""bottom"":4068},""time"":1729913629474},{""box"":{""left"":2232,""right"":2658,""top"":2535,""bottom"":4068},""time"":1729913629526},{""box"":{""left"":2232,""right"":2658,""top"":2535,""bottom"":4068},""time"":1729913629573},{""box"":{""left"":2232,""right"":2658,""top"":2535,""bottom"":4068},""time"":1729913629582},{""box"":{""left"":2232,""right"":2658,""top"":2535,""bottom"":4068},""time"":1729913629647},{""box"":{""left"":2232,""right"":2658,""top"":2535,""bottom"":4068},""time"":1729913629657},{""box"":{""left"":2232,""right"":2658,""top"":2535,""bottom"":4068},""time"":1729913629722},{""box"":{""left"":2232,""right"":2658,""top"":2535,""bottom"":4068},""time"":1729913629731},{""box"":{""left"":2232,""right"":2658,""top"":2535,""bottom"":4068},""time"":1729913629796},{""box"":{""left"":2232,""right"":2658,""top"":2535,""bottom"":4068},""time"":1729913629805},{""box"":{""left"":2232,""right"":2658,""top"":2535,""bottom"":4068},""time"":1729913629871},{""box"":{""left"":2232,""right"":2658,""top"":2535,""bottom"":4068},""time"":1729913629880},{""box"":{""left"":2232,""right"":2658,""top"":2535,""bottom"":4068},""time"":1729913629928},{""box"":{""left"":2232,""right"":2658,""top"":2535,""bottom"":4068},""time"":1729913629937},{""box"":{""left"":2232,""right"":2658,""top"":2535,""bottom"":4068},""time"":1729913629985},{""box"":{""left"":2232,""right"":2658,""top"":2535,""bottom"":4068},""time"":1729913629995},{""box"":{""left"":2232,""right"":2658,""top"":2535,""bottom"":4068},""time"":1729913630044},{""box"":{""left"":2232,""right"":2658,""top"":2535,""bottom"":4068},""time"":1729913630073},{""box"":{""left"":2232,""right"":2658,""top"":2535,""bottom"":4068},""time"":1729913630102},{""box"":{""left"":2232,""right"":2658,""top"":2535,""bottom"":4068},""time"":1729913630131},{""box"":{""left"":2232,""right"":2658,""top"":2535,""bottom"":4068},""time"":1729913630160},{""box"":{""left"":2232,""right"":2658,""top"":2535,""bottom"":4068},""time"":1729913630189},{""box"":{""left"":2232,""right"":2658,""top"":2535,""bottom"":4068},""time"":1729913630218},{""box"":{""left"":2232,""right"":2658,""top"":2535,""bottom"":4068},""time"":1729913630247},{""box"":{""left"":2232,""right"":2658,""top"":2535,""bottom"":4068},""time"":1729913630278},{""box"":{""left"":2232,""right"":2658,""top"":2535,""bottom"":4068},""time"":1729913630296},{""box"":{""left"":2232,""right"":2658,""top"":2535,""bottom"":4068},""time"":1729913630325},{""box"":{""left"":2232,""right"":2658,""top"":2535,""bottom"":4068},""time"":1729913630354},{""box"":{""left"":2232,""right"":2658,""top"":2535,""bottom"":4068},""time"":1729913630383},{""box"":{""left"":2232,""right"":2658,""top"":2535,""bottom"":4068},""time"":1729913630421},{""box"":{""left"":2232,""right"":2658,""top"":2535,""bottom"":4068},""time"":1729913630450},{""box"":{""left"":2232,""right"":2658,""top"":2535,""bottom"":4068},""time"":1729913630507},{""box"":{""left"":2232,""right"":2658,""top"":2535,""bottom"":4068},""time"":1729913630524},{""box"":{""left"":2232,""right"":2658,""top"":2535,""bottom"":4068},""time"":1729913630613},{""box"":{""left"":2232,""right"":2658,""top"":2535,""bottom"":4068},""time"":1729913630635},{""box"":{""left"":2232,""right"":2658,""top"":2535,""bottom"":4068},""time"":1729913630662},{""box"":{""left"":2232,""right"":2658,""top"":2535,""bottom"":4068},""time"":1729913630707},{""box"":{""left"":2232,""right"":2658,""top"":2535,""bottom"":4068},""time"":1729913630778},{""box"":{""left"":2232,""right"":2658,""top"":2535,""bottom"":4068},""time"":1729913630865},{""box"":{""left"":2232,""right"":2658,""top"":2535,""bottom"":4068},""time"":1729913630940},{""box"":{""left"":2232,""right"":2658,""top"":2535,""bottom"":4068},""time"":1729913631006},{""box"":{""left"":2232,""right"":2658,""top"":2535,""bottom"":4068},""time"":1729913631074},{""box"":{""left"":2232,""right"":2658,""top"":2535,""bottom"":4068},""time"":1729913631132},{""box"":{""left"":2232,""right"":2658,""top"":2535,""bottom"":4068},""time"":1729913631208},{""box"":{""left"":2232,""right"":2658,""top"":2535,""bottom"":4068},""time"":1729913631255},{""box"":{""left"":2232,""right"":2658,""top"":2535,""bottom"":4068},""time"":1729913631292},{""box"":{""left"":2232,""right"":2658,""top"":2535,""bottom"":4068},""time"":1729913631339},{""box"":{""left"":2232,""right"":2658,""top"":2535,""bottom"":4068},""time"":1729913631386},{""box"":{""left"":2232,""right"":2658,""top"":2535,""bottom"":4068},""time"":1729913631417},{""box"":{""left"":2232,""right"":2658,""top"":2535,""bottom"":4068},""time"":1729913631466},{""box"":{""left"":2232,""right"":2658,""top"":2535,""bottom"":4068},""time"":1729913631514},{""box"":{""left"":2232,""right"":2658,""top"":2535,""bottom"":4068},""time"":1729913631539},{""box"":{""left"":2232,""right"":2658,""top"":2535,""bottom"":4068},""time"":1729913631585},{""box"":{""left"":2232,""right"":2658,""top"":2535,""bottom"":4068},""time"":1729913631624},{""box"":{""left"":2232,""right"":2658,""top"":2535,""bottom"":4068},""time"":1729913631680},{""box"":{""left"":2232,""right"":2658,""top"":2535,""bottom"":4068},""time"":1729913631736},{""box"":{""left"":2232,""right"":2658,""top"":2535,""bottom"":4068},""time"":1729913631840}",,,,,
56963,Person,2024-10-26 12:33:41,2024-10-26 12:33:50,"{""left"":3107,""right"":6672,""top"":4341,""bottom"":9955},{""box"":{""left"":3107,""right"":6672,""top"":4341,""bottom"":9955},""time"":1729913622296},{""box"":{""left"":3107,""right"":6672,""top"":4341,""bottom"":9955},""time"":1729913622691},{""box"":{""left"":3107,""right"":6672,""top"":4341,""bottom"":9955},""time"":1729913622764},{""box"":{""left"":3107,""right"":6672,""top"":4341,""bottom"":9955},""time"":1729913622843},{""box"":{""left"":3107,""right"":6672,""top"":4341,""bottom"":9955},""time"":1729913622911},{""box"":{""left"":3107,""right"":6672,""top"":4341,""bottom"":9955},""time"":1729913623534},{""box"":{""left"":3107,""right"":6672,""top"":4341,""bottom"":9955},""time"":1729913623733},{""box"":{""left"":3107,""right"":6672,""top"":4341,""bottom"":9955},""time"":1729913624208},{""box"":{""left"":3107,""right"":6672,""top"":4341,""bottom"":9955},""time"":1729913624259},{""box"":{""left"":3107,""right"":6672,""top"":4341,""bottom"":9955},""time"":1729913624326},{""box"":{""left"":3107,""right"":6672,""top"":4341,""bottom"":9955},""time"":1729913624393},{""box"":{""left"":3107,""right"":6672,""top"":4341,""bottom"":9955},""time"":1729913624461},{""box"":{""left"":3107,""right"":6672,""top"":4341,""bottom"":9955},""time"":1729913624528},{""box"":{""left"":3107,""right"":6672,""top"":4341,""bottom"":9955},""time"":1729913624609},{""box"":{""left"":3107,""right"":6672,""top"":4341,""bottom"":9955},""time"":1729913624665},{""box"":{""left"":3107,""right"":6672,""top"":4341,""bottom"":9955},""time"":1729913624740},{""box"":{""left"":3107,""right"":6672,""top"":4341,""bottom"":9955},""time"":1729913624790},{""box"":{""left"":3107,""right"":6672,""top"":4341,""bottom"":9955},""time"":1729913624840},{""box"":{""left"":3107,""right"":6672,""top"":4341,""bottom"":9955},""time"":1729913624896},{""box"":{""left"":3107,""right"":6672,""top"":4341,""bottom"":9955},""time"":1729913624917},{""box"":{""left"":3107,""right"":6672,""top"":4341,""bottom"":9955},""time"":1729913625010},{""box"":{""left"":3107,""right"":6672,""top"":4341,""bottom"":9955},""time"":1729913625066},{""box"":{""left"":3107,""right"":6672,""top"":4341,""bottom"":9955},""time"":1729913625121},{""box"":{""left"":3107,""right"":6672,""top"":4341,""bottom"":9955},""time"":1729913625195},{""box"":{""left"":3107,""right"":6672,""top"":4341,""bottom"":9955},""time"":1729913625268},{""box"":{""left"":3107,""right"":6672,""top"":4341,""bottom"":9955},""time"":1729913625333},{""box"":{""left"":3107,""right"":6672,""top"":4341,""bottom"":9955},""time"":1729913625387},{""box"":{""left"":3107,""right"":6672,""top"":4341,""bottom"":9955},""time"":1729913625461},{""box"":{""left"":3107,""right"":6672,""top"":4341,""bottom"":9955},""time"":1729913625663},{""box"":{""left"":3107,""right"":6672,""top"":4341,""bottom"":9955},""time"":1729913625688},{""box"":{""left"":3107,""right"":6672,""top"":4341,""bottom"":9955},""time"":1729913625713},{""box"":{""left"":3107,""right"":6672,""top"":4341,""bottom"":9955},""time"":1729913625738},{""box"":{""left"":3107,""right"":6672,""top"":4341,""bottom"":9955},""time"":1729913625762},{""box"":{""left"":3107,""right"":6672,""top"":4341,""bottom"":9955},""time"":1729913625784},{""box"":{""left"":3107,""right"":6672,""top"":4341,""bottom"":9955},""time"":1729913625809},{""box"":{""left"":3107,""right"":6672,""top"":4341,""bottom"":9955},""time"":1729913625864},{""box"":{""left"":3107,""right"":6672,""top"":4341,""bottom"":9955},""time"":1729913625910},{""box"":{""left"":3107,""right"":6672,""top"":4341,""bottom"":9955},""time"":1729913625956},{""box"":{""left"":3107,""right"":6672,""top"":4341,""bottom"":9955},""time"":1729913626002},{""box"":{""left"":3107,""right"":6672,""top"":4341,""bottom"":9955},""time"":1729913626047},{""box"":{""left"":3107,""right"":6672,""top"":4341,""bottom"":9955},""time"":1729913626093},{""box"":{""left"":3107,""right"":6672,""top"":4341,""bottom"":9955},""time"":1729913626149},{""box"":{""left"":3107,""right"":6672,""top"":4341,""bottom"":9955},""time"":1729913626185},{""box"":{""left"":3107,""right"":6672,""top"":4341,""bottom"":9955},""time"":1729913626222},{""box"":{""left"":3107,""right"":6672,""top"":4341,""bottom"":9955},""time"":1729913626268},{""box"":{""left"":3107,""right"":6672,""top"":4341,""bottom"":9955},""time"":1729913626290},{""box"":{""left"":3107,""right"":6672,""top"":4341,""bottom"":9955},""time"":1729913626315},{""box"":{""left"":3107,""right"":6672,""top"":4341,""bottom"":9955},""time"":1729913626337},{""box"":{""left"":3107,""right"":6672,""top"":4341,""bottom"":9955},""time"":1729913626361},{""box"":{""left"":3107,""right"":6672,""top"":4341,""bottom"":9955},""time"":1729913626387},{""box"":{""left"":3107,""right"":6672,""top"":4341,""bottom"":9955},""time"":1729913626412},{""box"":{""left"":3107,""right"":6672,""top"":4341,""bottom"":9955},""time"":1729913626466},{""box"":{""left"":3107,""right"":6672,""top"":4341,""bottom"":9955},""time"":1729913626492},{""box"":{""left"":3107,""right"":6672,""top"":4341,""bottom"":9955},""time"":1729913626513},{""box"":{""left"":3107,""right"":6672,""top"":4341,""bottom"":9955},""time"":1729913626535},{""box"":{""left"":3107,""right"":6672,""top"":4341,""bottom"":9955},""time"":1729913626557},{""box"":{""left"":3107,""right"":6672,""top"":4341,""bottom"":9955},""time"":1729913626613},{""box"":{""left"":3107,""right"":6672,""top"":4341,""bottom"":9955},""time"":1729913626637},{""box"":{""left"":3107,""right"":6672,""top"":4341,""bottom"":9955},""time"":1729913626662},{""box"":{""left"":3107,""right"":6672,""top"":4341,""bottom"":9955},""time"":1729913626687},{""box"":{""left"":3107,""right"":6672,""top"":4341,""bottom"":9955},""time"":1729913626712},{""box"":{""left"":3107,""right"":6672,""top"":4341,""bottom"":9955},""time"":1729913626737},{""box"":{""left"":3107,""right"":6672,""top"":4341,""bottom"":9955},""time"":1729913626762},{""box"":{""left"":3107,""right"":6672,""top"":4341,""bottom"":9955},""time"":1729913626818},{""box"":{""left"":3107,""right"":6672,""top"":4341,""bottom"":9955},""time"":1729913626872},{""box"":{""left"":3107,""right"":6672,""top"":4341,""bottom"":9955},""time"":1729913626927},{""box"":{""left"":3107,""right"":6672,""top"":4341,""bottom"":9955},""time"":1729913626983},{""box"":{""left"":3107,""right"":6672,""top"":4341,""bottom"":9955},""time"":1729913627037},{""box"":{""left"":3107,""right"":6672,""top"":4341,""bottom"":9955},""time"":1729913627092},{""box"":{""left"":3107,""right"":6672,""top"":4341,""bottom"":9955},""time"":1729913627148},{""box"":{""left"":3107,""right"":6672,""top"":4341,""bottom"":9955},""time"":1729913627173},{""box"":{""left"":3107,""right"":6672,""top"":4341,""bottom"":9955},""time"":1729913627228},{""box"":{""left"":3107,""right"":6672,""top"":4341,""bottom"":9955},""time"":1729913627284},{""box"":{""left"":3107,""right"":6672,""top"":4341,""bottom"":9955},""time"":1729913627308},{""box"":{""left"":3107,""right"":6672,""top"":4341,""bottom"":9955},""time"":1729913627331},{""box"":{""left"":3107,""right"":6672,""top"":4341,""bottom"":9955},""time"":1729913627352},{""box"":{""left"":3107,""right"":6672,""top"":4341,""bottom"":9955},""time"":1729913627398},{""box"":{""left"":3107,""right"":6672,""top"":4341,""bottom"":9955},""time"":1729913627424},{""box"":{""left"":3107,""right"":6672,""top"":4341,""bottom"":9955},""time"":1729913627448},{""box"":{""left"":3107,""right"":6672,""top"":4341,""bottom"":9955},""time"":1729913627503},{""box"":{""left"":3107,""right"":6672,""top"":4341,""bottom"":9955},""time"":1729913627529},{""box"":{""left"":3107,""right"":6672,""top"":4341,""bottom"":9955},""time"":1729913627584},{""box"":{""left"":3107,""right"":6672,""top"":4341,""bottom"":9955},""time"":1729913627639},{""box"":{""left"":3107,""right"":6672,""top"":4341,""bottom"":9955},""time"":1729913627694},{""box"":{""left"":3107,""right"":6672,""top"":4341,""bottom"":9955},""time"":1729913627749},{""box"":{""left"":3107,""right"":6672,""top"":4341,""bottom"":9955},""time"":1729913627804},{""box"":{""left"":3107,""right"":6672,""top"":4341,""bottom"":9955},""time"":1729913627824},{""box"":{""left"":3107,""right"":6672,""top"":4341,""bottom"":9955},""time"":1729913627849},{""box"":{""left"":3107,""right"":6672,""top"":4341,""bottom"":9955},""time"":1729913627875},{""box"":{""left"":3107,""right"":6672,""top"":4341,""bottom"":9955},""time"":1729913627899},{""box"":{""left"":3107,""right"":6672,""top"":4341,""bottom"":9955},""time"":1729913627925},{""box"":{""left"":3107,""right"":6672,""top"":4341,""bottom"":9955},""time"":1729913627946},{""box"":{""left"":3107,""right"":6672,""top"":4341,""bottom"":9955},""time"":1729913627972},{""box"":{""left"":3107,""right"":6672,""top"":4341,""bottom"":9955},""time"":1729913628023},{""box"":{""left"":3107,""right"":6672,""top"":4341,""bottom"":9955},""time"":1729913628047},{""box"":{""left"":3107,""right"":6672,""top"":4341,""bottom"":9955},""time"":1729913628077},{""box"":{""left"":3107,""right"":6672,""top"":4341,""bottom"":9955},""time"":1729913628107},{""box"":{""left"":3107,""right"":6672,""top"":4341,""bottom"":9955},""time"":1729913628132},{""box"":{""left"":3107,""right"":6672,""top"":4341,""bottom"":9955},""time"":1729913628188},{""box"":{""left"":3107,""right"":6672,""top"":4341,""bottom"":9955},""time"":1729913628243},{""box"":{""left"":3107,""right"":6672,""top"":4341,""bottom"":9955},""time"":1729913628280},{""box"":{""left"":3107,""right"":6672,""top"":4341,""bottom"":9955},""time"":1729913628303},{""box"":{""left"":3107,""right"":6672,""top"":4341,""bottom"":9955},""time"":1729913628349},{""box"":{""left"":3107,""right"":6672,""top"":4341,""bottom"":9955},""time"":1729913628371},{""box"":{""left"":3107,""right"":6672,""top"":4341,""bottom"":9955},""time"":1729913628393},{""box"":{""left"":3107,""right"":6672,""top"":4341,""bottom"":9955},""time"":1729913628415},{""box"":{""left"":3107,""right"":6672,""top"":4341,""bottom"":9955},""time"":1729913628452},{""box"":{""left"":3107,""right"":6672,""top"":4341,""bottom"":9955},""time"":1729913628498},{""box"":{""left"":3107,""right"":6672,""top"":4341,""bottom"":9955},""time"":1729913628523},{""box"":{""left"":3107,""right"":6672,""top"":4341,""bottom"":9955},""time"":1729913628546},{""box"":{""left"":3107,""right"":6672,""top"":4341,""bottom"":9955},""time"":1729913628571},{""box"":{""left"":3107,""right"":6672,""top"":4341,""bottom"":9955},""time"":1729913628593},{""box"":{""left"":3107,""right"":6672,""top"":4341,""bottom"":9955},""time"":1729913628640},{""box"":{""left"":3107,""right"":6672,""top"":4341,""bottom"":9955},""time"":1729913628661},{""box"":{""left"":3107,""right"":6672,""top"":4341,""bottom"":9955},""time"":1729913628684},{""box"":{""left"":3107,""right"":6672,""top"":4341,""bottom"":9955},""time"":1729913628705},{""box"":{""left"":3107,""right"":6672,""top"":4341,""bottom"":9955},""time"":1729913628752},{""box"":{""left"":3107,""right"":6672,""top"":4341,""bottom"":9955},""time"":1729913628799},{""box"":{""left"":3107,""right"":6672,""top"":4341,""bottom"":9955},""time"":1729913628846},{""box"":{""left"":3107,""right"":6672,""top"":4341,""bottom"":9955},""time"":1729913628883},{""box"":{""left"":3107,""right"":6672,""top"":4341,""bottom"":9955},""time"":1729913628920},{""box"":{""left"":3107,""right"":6672,""top"":4341,""bottom"":9955},""time"":1729913628958},{""box"":{""left"":3107,""right"":6672,""top"":4341,""bottom"":9955},""time"":1729913629003},{""box"":{""left"":3107,""right"":6672,""top"":4341,""bottom"":9955},""time"":1729913629059},{""box"":{""left"":3107,""right"":6672,""top"":4341,""bottom"":9955},""time"":1729913629169},{""box"":{""left"":3107,""right"":6672,""top"":4341,""bottom"":9955},""time"":1729913629273},{""box"":{""left"":3107,""right"":6672,""top"":4341,""bottom"":9955},""time"":1729913629319},{""box"":{""left"":3107,""right"":6672,""top"":4341,""bottom"":9955},""time"":1729913629366},{""box"":{""left"":3107,""right"":6672,""top"":4341,""bottom"":9955},""time"":1729913629411},{""box"":{""left"":3107,""right"":6672,""top"":4341,""bottom"":9955},""time"":1729913629449},{""box"":{""left"":3107,""right"":6672,""top"":4341,""bottom"":9955},""time"":1729913629483},{""box"":{""left"":3107,""right"":6672,""top"":4341,""bottom"":9955},""time"":1729913629535},{""box"":{""left"":3107,""right"":6672,""top"":4341,""bottom"":9955},""time"":1729913629591},{""box"":{""left"":3107,""right"":6672,""top"":4341,""bottom"":9955},""time"":1729913629666},{""box"":{""left"":3107,""right"":6672,""top"":4341,""bottom"":9955},""time"":1729913629740},{""box"":{""left"":3107,""right"":6672,""top"":4341,""bottom"":9955},""time"":1729913629815},{""box"":{""left"":3107,""right"":6672,""top"":4341,""bottom"":9955},""time"":1729913629889},{""box"":{""left"":3107,""right"":6672,""top"":4341,""bottom"":9955},""time"":1729913629948},{""box"":{""left"":3107,""right"":6672,""top"":4341,""bottom"":9955},""time"":1729913630004}",,,,,
56964,Person,2024-10-26 12:33:42,2024-10-26 12:33:51,"{""left"":1825,""right"":3516,""top"":2287,""bottom"":6045},{""box"":{""left"":1825,""right"":3516,""top"":2287,""bottom"":6045},""time"":1729913623745},{""box"":{""left"":1825,""right"":3516,""top"":2287,""bottom"":6045},""time"":1729913624404},{""box"":{""left"":1825,""right"":3516,""top"":2287,""bottom"":6045},""time"":1729913624471},{""box"":{""left"":1825,""right"":3516,""top"":2287,""bottom"":6045},""time"":1729913624539},{""box"":{""left"":1825,""right"":3516,""top"":2287,""bottom"":6045},""time"":1729913624621},{""box"":{""left"":1825,""right"":3516,""top"":2287,""bottom"":6045},""time"":1729913624676},{""box"":{""left"":1825,""right"":3516,""top"":2287,""bottom"":6045},""time"":1729913624749},{""box"":{""left"":1825,""right"":3516,""top"":2287,""bottom"":6045},""time"":1729913625130},{""box"":{""left"":1825,""right"":3516,""top"":2287,""bottom"":6045},""time"":1729913625204},{""box"":{""left"":1825,""right"":3516,""top"":2287,""bottom"":6045},""time"":1729913625278},{""box"":{""left"":1825,""right"":3516,""top"":2287,""bottom"":6045},""time"":1729913625341},{""box"":{""left"":1825,""right"":3516,""top"":2287,""bottom"":6045},""time"":1729913625397},{""box"":{""left"":1825,""right"":3516,""top"":2287,""bottom"":6045},""time"":1729913625470},{""box"":{""left"":1825,""right"":3516,""top"":2287,""bottom"":6045},""time"":1729913625819},{""box"":{""left"":1825,""right"":3516,""top"":2287,""bottom"":6045},""time"":1729913626102},{""box"":{""left"":1825,""right"":3516,""top"":2287,""bottom"":6045},""time"":1729913626420},{""box"":{""left"":1825,""right"":3516,""top"":2287,""bottom"":6045},""time"":1729913626566},{""box"":{""left"":1825,""right"":3516,""top"":2287,""bottom"":6045},""time"":1729913626771},{""box"":{""left"":1825,""right"":3516,""top"":2287,""bottom"":6045},""time"":1729913626827},{""box"":{""left"":1825,""right"":3516,""top"":2287,""bottom"":6045},""time"":1729913626882},{""box"":{""left"":1825,""right"":3516,""top"":2287,""bottom"":6045},""time"":1729913626936},{""box"":{""left"":1825,""right"":3516,""top"":2287,""bottom"":6045},""time"":1729913626992},{""box"":{""left"":1825,""right"":3516,""top"":2287,""bottom"":6045},""time"":1729913627046},{""box"":{""left"":1825,""right"":3516,""top"":2287,""bottom"":6045},""time"":1729913627101},{""box"":{""left"":1825,""right"":3516,""top"":2287,""bottom"":6045},""time"":1729913627182},{""box"":{""left"":1825,""right"":3516,""top"":2287,""bottom"":6045},""time"":1729913627238},{""box"":{""left"":1825,""right"":3516,""top"":2287,""bottom"":6045},""time"":1729913627361},{""box"":{""left"":1825,""right"":3516,""top"":2287,""bottom"":6045},""time"":1729913627457},{""box"":{""left"":1825,""right"":3516,""top"":2287,""bottom"":6045},""time"":1729913627538},{""box"":{""left"":1825,""right"":3516,""top"":2287,""bottom"":6045},""time"":1729913627593},{""box"":{""left"":1825,""right"":3516,""top"":2287,""bottom"":6045},""time"":1729913627649},{""box"":{""left"":1825,""right"":3516,""top"":2287,""bottom"":6045},""time"":1729913627703},{""box"":{""left"":1825,""right"":3516,""top"":2287,""bottom"":6045},""time"":1729913627758},{""box"":{""left"":1825,""right"":3516,""top"":2287,""bottom"":6045},""time"":1729913627981},{""box"":{""left"":1825,""right"":3516,""top"":2287,""bottom"":6045},""time"":1729913628141},{""box"":{""left"":1825,""right"":3516,""top"":2287,""bottom"":6045},""time"":1729913628197},{""box"":{""left"":1825,""right"":3516,""top"":2287,""bottom"":6045},""time"":1729913628252},{""box"":{""left"":1825,""right"":3516,""top"":2287,""bottom"":6045},""time"":1729913628312},{""box"":{""left"":1825,""right"":3516,""top"":2287,""bottom"":6045},""time"":1729913628461},{""box"":{""left"":1825,""right"":3516,""top"":2287,""bottom"":6045},""time"":1729913628603},{""box"":{""left"":1825,""right"":3516,""top"":2287,""bottom"":6045},""time"":1729913628714},{""box"":{""left"":1825,""right"":3516,""top"":2287,""bottom"":6045},""time"":1729913628763},{""box"":{""left"":1825,""right"":3516,""top"":2287,""bottom"":6045},""time"":1729913628808},{""box"":{""left"":1825,""right"":3516,""top"":2287,""bottom"":6045},""time"":1729913628967},{""box"":{""left"":1825,""right"":3516,""top"":2287,""bottom"":6045},""time"":1729913629013},{""box"":{""left"":1825,""right"":3516,""top"":2287,""bottom"":6045},""time"":1729913629068},{""box"":{""left"":1825,""right"":3516,""top"":2287,""bottom"":6045},""time"":1729913629124},{""box"":{""left"":1825,""right"":3516,""top"":2287,""bottom"":6045},""time"":1729913629180},{""box"":{""left"":1825,""right"":3516,""top"":2287,""bottom"":6045},""time"":1729913629235},{""box"":{""left"":1825,""right"":3516,""top"":2287,""bottom"":6045},""time"":1729913629282},{""box"":{""left"":1825,""right"":3516,""top"":2287,""bottom"":6045},""time"":1729913629328},{""box"":{""left"":1825,""right"":3516,""top"":2287,""bottom"":6045},""time"":1729913629375},{""box"":{""left"":1825,""right"":3516,""top"":2287,""bottom"":6045},""time"":1729913629492},{""box"":{""left"":1825,""right"":3516,""top"":2287,""bottom"":6045},""time"":1729913629544},{""box"":{""left"":1825,""right"":3516,""top"":2287,""bottom"":6045},""time"":1729913629600},{""box"":{""left"":1825,""right"":3516,""top"":2287,""bottom"":6045},""time"":1729913629674},{""box"":{""left"":1825,""right"":3516,""top"":2287,""bottom"":6045},""time"":1729913629749},{""box"":{""left"":1825,""right"":3516,""top"":2287,""bottom"":6045},""time"":1729913629824},{""box"":{""left"":1825,""right"":3516,""top"":2287,""bottom"":6045},""time"":1729913629898},{""box"":{""left"":1825,""right"":3516,""top"":2287,""bottom"":6045},""time"":1729913629957},{""box"":{""left"":1825,""right"":3516,""top"":2287,""bottom"":6045},""time"":1729913630013},{""box"":{""left"":1825,""right"":3516,""top"":2287,""bottom"":6045},""time"":1729913630287},{""box"":{""left"":1825,""right"":3516,""top"":2287,""bottom"":6045},""time"":1729913630412},{""box"":{""left"":1825,""right"":3516,""top"":2287,""bottom"":6045},""time"":1729913630652},{""box"":{""left"":1825,""right"":3516,""top"":2287,""bottom"":6045},""time"":1729913630671},{""box"":{""left"":1825,""right"":3516,""top"":2287,""bottom"":6045},""time"":1729913630718},{""box"":{""left"":1825,""right"":3516,""top"":2287,""bottom"":6045},""time"":1729913630788},{""box"":{""left"":1825,""right"":3516,""top"":2287,""bottom"":6045},""time"":1729913630845},{""box"":{""left"":1825,""right"":3516,""top"":2287,""bottom"":6045},""time"":1729913630874},{""box"":{""left"":1825,""right"":3516,""top"":2287,""bottom"":6045},""time"":1729913630949},{""box"":{""left"":1825,""right"":3516,""top"":2287,""bottom"":6045},""time"":1729913631015},{""box"":{""left"":1825,""right"":3516,""top"":2287,""bottom"":6045},""time"":1729913631084},{""box"":{""left"":1825,""right"":3516,""top"":2287,""bottom"":6045},""time"":1729913631141},{""box"":{""left"":1825,""right"":3516,""top"":2287,""bottom"":6045},""time"":1729913631198},{""box"":{""left"":1825,""right"":3516,""top"":2287,""bottom"":6045},""time"":1729913631217},{""box"":{""left"":1825,""right"":3516,""top"":2287,""bottom"":6045},""time"":1729913631349},{""box"":{""left"":1825,""right"":3516,""top"":2287,""bottom"":6045},""time"":1729913631408},{""box"":{""left"":1825,""right"":3516,""top"":2287,""bottom"":6045},""time"":1729913631429},{""box"":{""left"":1825,""right"":3516,""top"":2287,""bottom"":6045},""time"":1729913631475},{""box"":{""left"":1825,""right"":3516,""top"":2287,""bottom"":6045},""time"":1729913631523},{""box"":{""left"":1825,""right"":3516,""top"":2287,""bottom"":6045},""time"":1729913631548},{""box"":{""left"":1825,""right"":3516,""top"":2287,""bottom"":6045},""time"":1729913631594},{""box"":{""left"":1825,""right"":3516,""top"":2287,""bottom"":6045},""time"":1729913631633},{""box"":{""left"":1825,""right"":3516,""top"":2287,""bottom"":6045},""time"":1729913631670},{""box"":{""left"":1825,""right"":3516,""top"":2287,""bottom"":6045},""time"":1729913631691},{""box"":{""left"":1825,""right"":3516,""top"":2287,""bottom"":6045},""time"":1729913631746},{""box"":{""left"":1825,""right"":3516,""top"":2287,""bottom"":6045},""time"":1729913631785},{""box"":{""left"":1825,""right"":3516,""top"":2287,""bottom"":6045},""time"":1729913631794},{""box"":{""left"":1825,""right"":3516,""top"":2287,""bottom"":6045},""time"":1729913631850},{""box"":{""left"":1825,""right"":3516,""top"":2287,""bottom"":6045},""time"":1729913631889},{""box"":{""left"":1825,""right"":3516,""top"":2287,""bottom"":6045},""time"":1729913631898}",,,,,
56965,Person,2024-10-26 12:33:44,2024-10-26 12:33:50,"{""left"":2104,""right"":3556,""top"":2453,""bottom"":5736},{""box"":{""left"":2104,""right"":3556,""top"":2453,""bottom"":5736},""time"":1729913624550},{""box"":{""left"":2104,""right"":3556,""top"":2453,""bottom"":5736},""time"":1729913624631},{""box"":{""left"":2104,""right"":3556,""top"":2453,""bottom"":5736},""time"":1729913624687},{""box"":{""left"":2104,""right"":3556,""top"":2453,""bottom"":5736},""time"":1729913624758},{""box"":{""left"":2104,""right"":3556,""top"":2453,""bottom"":5736},""time"":1729913624799},{""box"":{""left"":2104,""right"":3556,""top"":2453,""bottom"":5736},""time"":1729913624850},{""box"":{""left"":2104,""right"":3556,""top"":2453,""bottom"":5736},""time"":1729913624926},{""box"":{""left"":2104,""right"":3556,""top"":2453,""bottom"":5736},""time"":1729913625019},{""box"":{""left"":2104,""right"":3556,""top"":2453,""bottom"":5736},""time"":1729913625075},{""box"":{""left"":2104,""right"":3556,""top"":2453,""bottom"":5736},""time"":1729913625139},{""box"":{""left"":2104,""right"":3556,""top"":2453,""bottom"":5736},""time"":1729913625213},{""box"":{""left"":2104,""right"":3556,""top"":2453,""bottom"":5736},""time"":1729913625287},{""box"":{""left"":2104,""right"":3556,""top"":2453,""bottom"":5736},""time"":1729913625350},{""box"":{""left"":2104,""right"":3556,""top"":2453,""bottom"":5736},""time"":1729913625406},{""box"":{""left"":2104,""right"":3556,""top"":2453,""bottom"":5736},""time"":1729913625480},{""box"":{""left"":2104,""right"":3556,""top"":2453,""bottom"":5736},""time"":1729913625828},{""box"":{""left"":2104,""right"":3556,""top"":2453,""bottom"":5736},""time"":1729913625873},{""box"":{""left"":2104,""right"":3556,""top"":2453,""bottom"":5736},""time"":1729913625919},{""box"":{""left"":2104,""right"":3556,""top"":2453,""bottom"":5736},""time"":1729913625965},{""box"":{""left"":2104,""right"":3556,""top"":2453,""bottom"":5736},""time"":1729913626011},{""box"":{""left"":2104,""right"":3556,""top"":2453,""bottom"":5736},""time"":1729913626056},{""box"":{""left"":2104,""right"":3556,""top"":2453,""bottom"":5736},""time"":1729913626112},{""box"":{""left"":2104,""right"":3556,""top"":2453,""bottom"":5736},""time"":1729913626232},{""box"":{""left"":2104,""right"":3556,""top"":2453,""bottom"":5736},""time"":1729913626430},{""box"":{""left"":2104,""right"":3556,""top"":2453,""bottom"":5736},""time"":1729913626576},{""box"":{""left"":2104,""right"":3556,""top"":2453,""bottom"":5736},""time"":1729913626781},{""box"":{""left"":2104,""right"":3556,""top"":2453,""bottom"":5736},""time"":1729913626835},{""box"":{""left"":2104,""right"":3556,""top"":2453,""bottom"":5736},""time"":1729913626890},{""box"":{""left"":2104,""right"":3556,""top"":2453,""bottom"":5736},""time"":1729913626946},{""box"":{""left"":2104,""right"":3556,""top"":2453,""bottom"":5736},""time"":1729913627001},{""box"":{""left"":2104,""right"":3556,""top"":2453,""bottom"":5736},""time"":1729913627055},{""box"":{""left"":2104,""right"":3556,""top"":2453,""bottom"":5736},""time"":1729913627111},{""box"":{""left"":2104,""right"":3556,""top"":2453,""bottom"":5736},""time"":1729913627191},{""box"":{""left"":2104,""right"":3556,""top"":2453,""bottom"":5736},""time"":1729913627247},{""box"":{""left"":2104,""right"":3556,""top"":2453,""bottom"":5736},""time"":1729913627370},{""box"":{""left"":2104,""right"":3556,""top"":2453,""bottom"":5736},""time"":1729913627466},{""box"":{""left"":2104,""right"":3556,""top"":2453,""bottom"":5736},""time"":1729913627546},{""box"":{""left"":2104,""right"":3556,""top"":2453,""bottom"":5736},""time"":1729913627603},{""box"":{""left"":2104,""right"":3556,""top"":2453,""bottom"":5736},""time"":1729913627657},{""box"":{""left"":2104,""right"":3556,""top"":2453,""bottom"":5736},""time"":1729913627712},{""box"":{""left"":2104,""right"":3556,""top"":2453,""bottom"":5736},""time"":1729913627768},{""box"":{""left"":2104,""right"":3556,""top"":2453,""bottom"":5736},""time"":1729913627990},{""box"":{""left"":2104,""right"":3556,""top"":2453,""bottom"":5736},""time"":1729913628150},{""box"":{""left"":2104,""right"":3556,""top"":2453,""bottom"":5736},""time"":1729913628206},{""box"":{""left"":2104,""right"":3556,""top"":2453,""bottom"":5736},""time"":1729913628424},{""box"":{""left"":2104,""right"":3556,""top"":2453,""bottom"":5736},""time"":1729913628470},{""box"":{""left"":2104,""right"":3556,""top"":2453,""bottom"":5736},""time"":1729913628611},{""box"":{""left"":2104,""right"":3556,""top"":2453,""bottom"":5736},""time"":1729913628724},{""box"":{""left"":2104,""right"":3556,""top"":2453,""bottom"":5736},""time"":1729913628772},{""box"":{""left"":2104,""right"":3556,""top"":2453,""bottom"":5736},""time"":1729913628817},{""box"":{""left"":2104,""right"":3556,""top"":2453,""bottom"":5736},""time"":1729913628856},{""box"":{""left"":2104,""right"":3556,""top"":2453,""bottom"":5736},""time"":1729913628892},{""box"":{""left"":2104,""right"":3556,""top"":2453,""bottom"":5736},""time"":1729913628930},{""box"":{""left"":2104,""right"":3556,""top"":2453,""bottom"":5736},""time"":1729913628976},{""box"":{""left"":2104,""right"":3556,""top"":2453,""bottom"":5736},""time"":1729913629022},{""box"":{""left"":2104,""right"":3556,""top"":2453,""bottom"":5736},""time"":1729913629077},{""box"":{""left"":2104,""right"":3556,""top"":2453,""bottom"":5736},""time"":1729913629133},{""box"":{""left"":2104,""right"":3556,""top"":2453,""bottom"":5736},""time"":1729913629189},{""box"":{""left"":2104,""right"":3556,""top"":2453,""bottom"":5736},""time"":1729913629244},{""box"":{""left"":2104,""right"":3556,""top"":2453,""bottom"":5736},""time"":1729913629291},{""box"":{""left"":2104,""right"":3556,""top"":2453,""bottom"":5736},""time"":1729913629337},{""box"":{""left"":2104,""right"":3556,""top"":2453,""bottom"":5736},""time"":1729913629384},{""box"":{""left"":2104,""right"":3556,""top"":2453,""bottom"":5736},""time"":1729913629420},{""box"":{""left"":2104,""right"":3556,""top"":2453,""bottom"":5736},""time"":1729913629501},{""box"":{""left"":2104,""right"":3556,""top"":2453,""bottom"":5736},""time"":1729913629553},{""box"":{""left"":2104,""right"":3556,""top"":2453,""bottom"":5736},""time"":1729913629611},{""box"":{""left"":2104,""right"":3556,""top"":2453,""bottom"":5736},""time"":1729913629684},{""box"":{""left"":2104,""right"":3556,""top"":2453,""bottom"":5736},""time"":1729913629758},{""box"":{""left"":2104,""right"":3556,""top"":2453,""bottom"":5736},""time"":1729913629833},{""box"":{""left"":2104,""right"":3556,""top"":2453,""bottom"":5736},""time"":1729913629907},{""box"":{""left"":2104,""right"":3556,""top"":2453,""bottom"":5736},""time"":1729913629966},{""box"":{""left"":2104,""right"":3556,""top"":2453,""bottom"":5736},""time"":1729913630022}",,,,,
56966,Person,2024-10-26 12:33:44,2024-10-26 12:33:45,"{""left"":1937,""right"":3500,""top"":2312,""bottom"":6061},{""box"":{""left"":1937,""right"":3500,""top"":2312,""bottom"":6061},""time"":1729913624936},{""box"":{""left"":1937,""right"":3500,""top"":2312,""bottom"":6061},""time"":1729913625029},{""box"":{""left"":1937,""right"":3500,""top"":2312,""bottom"":6061},""time"":1729913625084},{""box"":{""left"":1937,""right"":3500,""top"":2312,""bottom"":6061},""time"":1729913625149},{""box"":{""left"":1937,""right"":3500,""top"":2312,""bottom"":6061},""time"":1729913625222},{""box"":{""left"":1937,""right"":3500,""top"":2312,""bottom"":6061},""time"":1729913625415}",,,,,
56967,Person,2024-10-26 12:33:44,2024-10-26 12:33:47,"{""left"":2992,""right"":2507,""top"":3329,""bottom"":3840},{""box"":{""left"":2992,""right"":2507,""top"":3329,""bottom"":3840},""time"":1729913625038},{""box"":{""left"":2992,""right"":2507,""top"":3329,""bottom"":3840},""time"":1729913625093},{""box"":{""left"":2992,""right"":2507,""top"":3329,""bottom"":3840},""time"":1729913625158},{""box"":{""left"":2992,""right"":2507,""top"":3329,""bottom"":3840},""time"":1729913625232},{""box"":{""left"":2992,""right"":2507,""top"":3329,""bottom"":3840},""time"":1729913625295},{""box"":{""left"":2992,""right"":2507,""top"":3329,""bottom"":3840},""time"":1729913625424},{""box"":{""left"":2992,""right"":2507,""top"":3329,""bottom"":3840},""time"":1729913625489},{""box"":{""left"":2992,""right"":2507,""top"":3329,""bottom"":3840},""time"":1729913625836},{""box"":{""left"":2992,""right"":2507,""top"":3329,""bottom"":3840},""time"":1729913625882},{""box"":{""left"":2992,""right"":2507,""top"":3329,""bottom"":3840},""time"":1729913625928},{""box"":{""left"":2992,""right"":2507,""top"":3329,""bottom"":3840},""time"":1729913625974},{""box"":{""left"":2992,""right"":2507,""top"":3329,""bottom"":3840},""time"":1729913626019},{""box"":{""left"":2992,""right"":2507,""top"":3329,""bottom"":3840},""time"":1729913626066},{""box"":{""left"":2992,""right"":2507,""top"":3329,""bottom"":3840},""time"":1729913626121},{""box"":{""left"":2992,""right"":2507,""top"":3329,""bottom"":3840},""time"":1729913626158},{""box"":{""left"":2992,""right"":2507,""top"":3329,""bottom"":3840},""time"":1729913626195},{""box"":{""left"":2992,""right"":2507,""top"":3329,""bottom"":3840},""time"":1729913626241},{""box"":{""left"":2992,""right"":2507,""top"":3329,""bottom"":3840},""time"":1729913626439},{""box"":{""left"":2992,""right"":2507,""top"":3329,""bottom"":3840},""time"":1729913626585},{""box"":{""left"":2992,""right"":2507,""top"":3329,""bottom"":3840},""time"":1729913626790},{""box"":{""left"":2992,""right"":2507,""top"":3329,""bottom"":3840},""time"":1729913626844},{""box"":{""left"":2992,""right"":2507,""top"":3329,""bottom"":3840},""time"":1729913626900},{""box"":{""left"":2992,""right"":2507,""top"":3329,""bottom"":3840},""time"":1729913626955},{""box"":{""left"":2992,""right"":2507,""top"":3329,""bottom"":3840},""time"":1729913627009},{""box"":{""left"":2992,""right"":2507,""top"":3329,""bottom"":3840},""time"":1729913627065},{""box"":{""left"":2992,""right"":2507,""top"":3329,""bottom"":3840},""time"":1729913627120},{""box"":{""left"":2992,""right"":2507,""top"":3329,""bottom"":3840},""time"":1729913627201},{""box"":{""left"":2992,""right"":2507,""top"":3329,""bottom"":3840},""time"":1729913627256},{""box"":{""left"":2992,""right"":2507,""top"":3329,""bottom"":3840},""time"":1729913627476},{""box"":{""left"":2992,""right"":2507,""top"":3329,""bottom"":3840},""time"":1729913627555},{""box"":{""left"":2992,""right"":2507,""top"":3329,""bottom"":3840},""time"":1729913627611},{""box"":{""left"":2992,""right"":2507,""top"":3329,""bottom"":3840},""time"":1729913627666},{""box"":{""left"":2992,""right"":2507,""top"":3329,""bottom"":3840},""time"":1729913627721},{""box"":{""left"":2992,""right"":2507,""top"":3329,""bottom"":3840},""time"":1729913627777}",,,,,
56968,Person,2024-10-26 12:33:44,2024-10-26 12:33:54,"{""left"":2187,""right"":2583,""top"":2506,""bottom"":4166},{""box"":{""left"":2187,""right"":2583,""top"":2506,""bottom"":4166},""time"":1729913624953},{""box"":{""left"":2187,""right"":2583,""top"":2506,""bottom"":4166},""time"":1729913625167},{""box"":{""left"":2187,""right"":2583,""top"":2506,""bottom"":4166},""time"":1729913625241},{""box"":{""left"":2187,""right"":2583,""top"":2506,""bottom"":4166},""time"":1729913625304},{""box"":{""left"":2187,""right"":2583,""top"":2506,""bottom"":4166},""time"":1729913625360},{""box"":{""left"":2187,""right"":2583,""top"":2506,""bottom"":4166},""time"":1729913625433},{""box"":{""left"":2187,""right"":2583,""top"":2506,""bottom"":4166},""time"":1729913625498},{""box"":{""left"":2187,""right"":2583,""top"":2506,""bottom"":4166},""time"":1729913625845},{""box"":{""left"":2187,""right"":2583,""top"":2506,""bottom"":4166},""time"":1729913625891},{""box"":{""left"":2187,""right"":2583,""top"":2506,""bottom"":4166},""time"":1729913625937},{""box"":{""left"":2187,""right"":2583,""top"":2506,""bottom"":4166},""time"":1729913625984},{""box"":{""left"":2187,""right"":2583,""top"":2506,""bottom"":4166},""time"":1729913626029},{""box"":{""left"":2187,""right"":2583,""top"":2506,""bottom"":4166},""time"":1729913626075},{""box"":{""left"":2187,""right"":2583,""top"":2506,""bottom"":4166},""time"":1729913626130},{""box"":{""left"":2187,""right"":2583,""top"":2506,""bottom"":4166},""time"":1729913626167},{""box"":{""left"":2187,""right"":2583,""top"":2506,""bottom"":4166},""time"":1729913626204},{""box"":{""left"":2187,""right"":2583,""top"":2506,""bottom"":4166},""time"":1729913626250},{""box"":{""left"":2187,""right"":2583,""top"":2506,""bottom"":4166},""time"":1729913626448},{""box"":{""left"":2187,""right"":2583,""top"":2506,""bottom"":4166},""time"":1729913626594},{""box"":{""left"":2187,""right"":2583,""top"":2506,""bottom"":4166},""time"":1729913626799},{""box"":{""left"":2187,""right"":2583,""top"":2506,""bottom"":4166},""time"":1729913626853},{""box"":{""left"":2187,""right"":2583,""top"":2506,""bottom"":4166},""time"":1729913626909},{""box"":{""left"":2187,""right"":2583,""top"":2506,""bottom"":4166},""time"":1729913626964},{""box"":{""left"":2187,""right"":2583,""top"":2506,""bottom"":4166},""time"":1729913627018},{""box"":{""left"":2187,""right"":2583,""top"":2506,""bottom"":4166},""time"":1729913627074},{""box"":{""left"":2187,""right"":2583,""top"":2506,""bottom"":4166},""time"":1729913627129},{""box"":{""left"":2187,""right"":2583,""top"":2506,""bottom"":4166},""time"":1729913627210},{""box"":{""left"":2187,""right"":2583,""top"":2506,""bottom"":4166},""time"":1729913627264},{""box"":{""left"":2187,""right"":2583,""top"":2506,""bottom"":4166},""time"":1729913627380},{""box"":{""left"":2187,""right"":2583,""top"":2506,""bottom"":4166},""time"":1729913627485},{""box"":{""left"":2187,""right"":2583,""top"":2506,""bottom"":4166},""time"":1729913627565},{""box"":{""left"":2187,""right"":2583,""top"":2506,""bottom"":4166},""time"":1729913627620},{""box"":{""left"":2187,""right"":2583,""top"":2506,""bottom"":4166},""time"":1729913627675},{""box"":{""left"":2187,""right"":2583,""top"":2506,""bottom"":4166},""time"":1729913627731},{""box"":{""left"":2187,""right"":2583,""top"":2506,""bottom"":4166},""time"":1729913627786},{""box"":{""left"":2187,""right"":2583,""top"":2506,""bottom"":4166},""time"":1729913627999},{""box"":{""left"":2187,""right"":2583,""top"":2506,""bottom"":4166},""time"":1729913628159},{""box"":{""left"":2187,""right"":2583,""top"":2506,""bottom"":4166},""time"":1729913628216},{""box"":{""left"":2187,""right"":2583,""top"":2506,""bottom"":4166},""time"":1729913628262},{""box"":{""left"":2187,""right"":2583,""top"":2506,""bottom"":4166},""time"":1729913628330},{""box"":{""left"":2187,""right"":2583,""top"":2506,""bottom"":4166},""time"":1729913628433},{""box"":{""left"":2187,""right"":2583,""top"":2506,""bottom"":4166},""time"":1729913628480},{""box"":{""left"":2187,""right"":2583,""top"":2506,""bottom"":4166},""time"":1729913628620},{""box"":{""left"":2187,""right"":2583,""top"":2506,""bottom"":4166},""time"":1729913628733},{""box"":{""left"":2187,""right"":2583,""top"":2506,""bottom"":4166},""time"":1729913628781},{""box"":{""left"":2187,""right"":2583,""top"":2506,""bottom"":4166},""time"":1729913628826},{""box"":{""left"":2187,""right"":2583,""top"":2506,""bottom"":4166},""time"":1729913628865},{""box"":{""left"":2187,""right"":2583,""top"":2506,""bottom"":4166},""time"":1729913628901},{""box"":{""left"":2187,""right"":2583,""top"":2506,""bottom"":4166},""time"":1729913628939},{""box"":{""left"":2187,""right"":2583,""top"":2506,""bottom"":4166},""time"":1729913628985},{""box"":{""left"":2187,""right"":2583,""top"":2506,""bottom"":4166},""time"":1729913629031},{""box"":{""left"":2187,""right"":2583,""top"":2506,""bottom"":4166},""time"":1729913629086},{""box"":{""left"":2187,""right"":2583,""top"":2506,""bottom"":4166},""time"":1729913629142},{""box"":{""left"":2187,""right"":2583,""top"":2506,""bottom"":4166},""time"":1729913629198},{""box"":{""left"":2187,""right"":2583,""top"":2506,""bottom"":4166},""time"":1729913629253},{""box"":{""left"":2187,""right"":2583,""top"":2506,""bottom"":4166},""time"":1729913629300},{""box"":{""left"":2187,""right"":2583,""top"":2506,""bottom"":4166},""time"":1729913629347},{""box"":{""left"":2187,""right"":2583,""top"":2506,""bottom"":4166},""time"":1729913629393},{""box"":{""left"":2187,""right"":2583,""top"":2506,""bottom"":4166},""time"":1729913629431},{""box"":{""left"":2187,""right"":2583,""top"":2506,""bottom"":4166},""time"":1729913629510},{""box"":{""left"":2187,""right"":2583,""top"":2506,""bottom"":4166},""time"":1729913629562},{""box"":{""left"":2187,""right"":2583,""top"":2506,""bottom"":4166},""time"":1729913629620},{""box"":{""left"":2187,""right"":2583,""top"":2506,""bottom"":4166},""time"":1729913629694},{""box"":{""left"":2187,""right"":2583,""top"":2506,""bottom"":4166},""time"":1729913629767},{""box"":{""left"":2187,""right"":2583,""top"":2506,""bottom"":4166},""time"":1729913629842},{""box"":{""left"":2187,""right"":2583,""top"":2506,""bottom"":4166},""time"":1729913629916},{""box"":{""left"":2187,""right"":2583,""top"":2506,""bottom"":4166},""time"":1729913629975},{""box"":{""left"":2187,""right"":2583,""top"":2506,""bottom"":4166},""time"":1729913630032},{""box"":{""left"":2187,""right"":2583,""top"":2506,""bottom"":4166},""time"":1729913630680},{""box"":{""left"":2187,""right"":2583,""top"":2506,""bottom"":4166},""time"":1729913630727},{""box"":{""left"":2187,""right"":2583,""top"":2506,""bottom"":4166},""time"":1729913630797},{""box"":{""left"":2187,""right"":2583,""top"":2506,""bottom"":4166},""time"":1729913630883},{""box"":{""left"":2187,""right"":2583,""top"":2506,""bottom"":4166},""time"":1729913630958},{""box"":{""left"":2187,""right"":2583,""top"":2506,""bottom"":4166},""time"":1729913631024},{""box"":{""left"":2187,""right"":2583,""top"":2506,""bottom"":4166},""time"":1729913631152},{""box"":{""left"":2187,""right"":2583,""top"":2506,""bottom"":4166},""time"":1729913631226},{""box"":{""left"":2187,""right"":2583,""top"":2506,""bottom"":4166},""time"":1729913631310},{""box"":{""left"":2187,""right"":2583,""top"":2506,""bottom"":4166},""time"":1729913631358},{""box"":{""left"":2187,""right"":2583,""top"":2506,""bottom"":4166},""time"":1729913631438},{""box"":{""left"":2187,""right"":2583,""top"":2506,""bottom"":4166},""time"":1729913631484},{""box"":{""left"":2187,""right"":2583,""top"":2506,""bottom"":4166},""time"":1729913631557},{""box"":{""left"":2187,""right"":2583,""top"":2506,""bottom"":4166},""time"":1729913631642},{""box"":{""left"":2187,""right"":2583,""top"":2506,""bottom"":4166},""time"":1729913631700},{""box"":{""left"":2187,""right"":2583,""top"":2506,""bottom"":4166},""time"":1729913631755},{""box"":{""left"":2187,""right"":2583,""top"":2506,""bottom"":4166},""time"":1729913631803},{""box"":{""left"":2187,""right"":2583,""top"":2506,""bottom"":4166},""time"":1729913631861},{""box"":{""left"":2187,""right"":2583,""top"":2506,""bottom"":4166},""time"":1729913631907},{""box"":{""left"":2187,""right"":2583,""top"":2506,""bottom"":4166},""time"":1729913631946},{""box"":{""left"":2187,""right"":2583,""top"":2506,""bottom"":4166},""time"":1729913631955},{""box"":{""left"":2187,""right"":2583,""top"":2506,""bottom"":4166},""time"":1729913631992},{""box"":{""left"":2187,""right"":2583,""top"":2506,""bottom"":4166},""time"":1729913632002},{""box"":{""left"":2187,""right"":2583,""top"":2506,""bottom"":4166},""time"":1729913632040},{""box"":{""left"":2187,""right"":2583,""top"":2506,""bottom"":4166},""time"":1729913632050},{""box"":{""left"":2187,""right"":2583,""top"":2506,""bottom"":4166},""time"":1729913632086},{""box"":{""left"":2187,""right"":2583,""top"":2506,""bottom"":4166},""time"":1729913632125},{""box"":{""left"":2187,""right"":2583,""top"":2506,""bottom"":4166},""time"":1729913632134},{""box"":{""left"":2187,""right"":2583,""top"":2506,""bottom"":4166},""time"":1729913632171},{""box"":{""left"":2187,""right"":2583,""top"":2506,""bottom"":4166},""time"":1729913632180},{""box"":{""left"":2187,""right"":2583,""top"":2506,""bottom"":4166},""time"":1729913632219},{""box"":{""left"":2187,""right"":2583,""top"":2506,""bottom"":4166},""time"":1729913632228},{""box"":{""left"":2187,""right"":2583,""top"":2506,""bottom"":4166},""time"":1729913632265},{""box"":{""left"":2187,""right"":2583,""top"":2506,""bottom"":4166},""time"":1729913632286},{""box"":{""left"":2187,""right"":2583,""top"":2506,""bottom"":4166},""time"":1729913632295},{""box"":{""left"":2187,""right"":2583,""top"":2506,""bottom"":4166},""time"":1729913632323},{""box"":{""left"":2187,""right"":2583,""top"":2506,""bottom"":4166},""time"":1729913632333},{""box"":{""left"":2187,""right"":2583,""top"":2506,""bottom"":4166},""time"":1729913632367},{""box"":{""left"":2187,""right"":2583,""top"":2506,""bottom"":4166},""time"":1729913632395},{""box"":{""left"":2187,""right"":2583,""top"":2506,""bottom"":4166},""time"":1729913632404},{""box"":{""left"":2187,""right"":2583,""top"":2506,""bottom"":4166},""time"":1729913632432},{""box"":{""left"":2187,""right"":2583,""top"":2506,""bottom"":4166},""time"":1729913632442},{""box"":{""left"":2187,""right"":2583,""top"":2506,""bottom"":4166},""time"":1729913632480},{""box"":{""left"":2187,""right"":2583,""top"":2506,""bottom"":4166},""time"":1729913632517},{""box"":{""left"":2187,""right"":2583,""top"":2506,""bottom"":4166},""time"":1729913632527},{""box"":{""left"":2187,""right"":2583,""top"":2506,""bottom"":4166},""time"":1729913632566},{""box"":{""left"":2187,""right"":2583,""top"":2506,""bottom"":4166},""time"":1729913632588},{""box"":{""left"":2187,""right"":2583,""top"":2506,""bottom"":4166},""time"":1729913632609},{""box"":{""left"":2187,""right"":2583,""top"":2506,""bottom"":4166},""time"":1729913632658},{""box"":{""left"":2187,""right"":2583,""top"":2506,""bottom"":4166},""time"":1729913632680},{""box"":{""left"":2187,""right"":2583,""top"":2506,""bottom"":4166},""time"":1729913632728},{""box"":{""left"":2187,""right"":2583,""top"":2506,""bottom"":4166},""time"":1729913632775},{""box"":{""left"":2187,""right"":2583,""top"":2506,""bottom"":4166},""time"":1729913632823},{""box"":{""left"":2187,""right"":2583,""top"":2506,""bottom"":4166},""time"":1729913632832},{""box"":{""left"":2187,""right"":2583,""top"":2506,""bottom"":4166},""time"":1729913632879},{""box"":{""left"":2187,""right"":2583,""top"":2506,""bottom"":4166},""time"":1729913632927},{""box"":{""left"":2187,""right"":2583,""top"":2506,""bottom"":4166},""time"":1729913632936},{""box"":{""left"":2187,""right"":2583,""top"":2506,""bottom"":4166},""time"":1729913632984},{""box"":{""left"":2187,""right"":2583,""top"":2506,""bottom"":4166},""time"":1729913633031},{""box"":{""left"":2187,""right"":2583,""top"":2506,""bottom"":4166},""time"":1729913633079},{""box"":{""left"":2187,""right"":2583,""top"":2506,""bottom"":4166},""time"":1729913633089},{""box"":{""left"":2187,""right"":2583,""top"":2506,""bottom"":4166},""time"":1729913633135},{""box"":{""left"":2187,""right"":2583,""top"":2506,""bottom"":4166},""time"":1729913633146},{""box"":{""left"":2187,""right"":2583,""top"":2506,""bottom"":4166},""time"":1729913633183},{""box"":{""left"":2187,""right"":2583,""top"":2506,""bottom"":4166},""time"":1729913633193},{""box"":{""left"":2187,""right"":2583,""top"":2506,""bottom"":4166},""time"":1729913633241},{""box"":{""left"":2187,""right"":2583,""top"":2506,""bottom"":4166},""time"":1729913633261},{""box"":{""left"":2187,""right"":2583,""top"":2506,""bottom"":4166},""time"":1729913633270},{""box"":{""left"":2187,""right"":2583,""top"":2506,""bottom"":4166},""time"":1729913633319},{""box"":{""left"":2187,""right"":2583,""top"":2506,""bottom"":4166},""time"":1729913633365},{""box"":{""left"":2187,""right"":2583,""top"":2506,""bottom"":4166},""time"":1729913633413},{""box"":{""left"":2187,""right"":2583,""top"":2506,""bottom"":4166},""time"":1729913633423},{""box"":{""left"":2187,""right"":2583,""top"":2506,""bottom"":4166},""time"":1729913633469},{""box"":{""left"":2187,""right"":2583,""top"":2506,""bottom"":4166},""time"":1729913633518},{""box"":{""left"":2187,""right"":2583,""top"":2506,""bottom"":4166},""time"":1729913633528},{""box"":{""left"":2187,""right"":2583,""top"":2506,""bottom"":4166},""time"":1729913633565},{""box"":{""left"":2187,""right"":2583,""top"":2506,""bottom"":4166},""time"":1729913633605},{""box"":{""left"":2187,""right"":2583,""top"":2506,""bottom"":4166},""time"":1729913633624},{""box"":{""left"":2187,""right"":2583,""top"":2506,""bottom"":4166},""time"":1729913633645},{""box"":{""left"":2187,""right"":2583,""top"":2506,""bottom"":4166},""time"":1729913633666},{""box"":{""left"":2187,""right"":2583,""top"":2506,""bottom"":4166},""time"":1729913633686},{""box"":{""left"":2187,""right"":2583,""top"":2506,""bottom"":4166},""time"":1729913633706},{""box"":{""left"":2187,""right"":2583,""top"":2506,""bottom"":4166},""time"":1729913633726},{""box"":{""left"":2187,""right"":2583,""top"":2506,""bottom"":4166},""time"":1729913633746},{""box"":{""left"":2187,""right"":2583,""top"":2506,""bottom"":4166},""time"":1729913633785},{""box"":{""left"":2187,""right"":2583,""top"":2506,""bottom"":4166},""time"":1729913633807},{""box"":{""left"":2187,""right"":2583,""top"":2506,""bottom"":4166},""time"":1729913633829},{""box"":{""left"":2187,""right"":2583,""top"":2506,""bottom"":4166},""time"":1729913633852},{""box"":{""left"":2187,""right"":2583,""top"":2506,""bottom"":4166},""time"":1729913633874},{""box"":{""left"":2187,""right"":2583,""top"":2506,""bottom"":4166},""time"":1729913633896},{""box"":{""left"":2187,""right"":2583,""top"":2506,""bottom"":4166},""time"":1729913633918},{""box"":{""left"":2187,""right"":2583,""top"":2506,""bottom"":4166},""time"":1729913633962},{""box"":{""left"":2187,""right"":2583,""top"":2506,""bottom"":4166},""time"":1729913633982},{""box"":{""left"":2187,""right"":2583,""top"":2506,""bottom"":4166},""time"":1729913634221},{""box"":{""left"":2187,""right"":2583,""top"":2506,""bottom"":4166},""time"":1729913634243},{""box"":{""left"":2187,""right"":2583,""top"":2506,""bottom"":4166},""time"":1729913634289}",,,,,
56969,Person,2024-10-26 12:33:48,2024-10-26 12:33:57,"{""left"":2614,""right"":2785,""top"":2893,""bottom"":4710},{""box"":{""left"":2614,""right"":2785,""top"":2893,""bottom"":4710},""time"":1729913628168},{""box"":{""left"":2614,""right"":2785,""top"":2893,""bottom"":4710},""time"":1729913628225},{""box"":{""left"":2614,""right"":2785,""top"":2893,""bottom"":4710},""time"":1729913629629},{""box"":{""left"":2614,""right"":2785,""top"":2893,""bottom"":4710},""time"":1729913629704},{""box"":{""left"":2614,""right"":2785,""top"":2893,""bottom"":4710},""time"":1729913629778},{""box"":{""left"":2614,""right"":2785,""top"":2893,""bottom"":4710},""time"":1729913629851},{""box"":{""left"":2614,""right"":2785,""top"":2893,""bottom"":4710},""time"":1729913630689},{""box"":{""left"":2614,""right"":2785,""top"":2893,""bottom"":4710},""time"":1729913630737},{""box"":{""left"":2614,""right"":2785,""top"":2893,""bottom"":4710},""time"":1729913630808},{""box"":{""left"":2614,""right"":2785,""top"":2893,""bottom"":4710},""time"":1729913630894},{""box"":{""left"":2614,""right"":2785,""top"":2893,""bottom"":4710},""time"":1729913630967},{""box"":{""left"":2614,""right"":2785,""top"":2893,""bottom"":4710},""time"":1729913631034},{""box"":{""left"":2614,""right"":2785,""top"":2893,""bottom"":4710},""time"":1729913631093},{""box"":{""left"":2614,""right"":2785,""top"":2893,""bottom"":4710},""time"":1729913631162},{""box"":{""left"":2614,""right"":2785,""top"":2893,""bottom"":4710},""time"":1729913631237},{""box"":{""left"":2614,""right"":2785,""top"":2893,""bottom"":4710},""time"":1729913631319},{""box"":{""left"":2614,""right"":2785,""top"":2893,""bottom"":4710},""time"":1729913631367},{""box"":{""left"":2614,""right"":2785,""top"":2893,""bottom"":4710},""time"":1729913631447},{""box"":{""left"":2614,""right"":2785,""top"":2893,""bottom"":4710},""time"":1729913631493},{""box"":{""left"":2614,""right"":2785,""top"":2893,""bottom"":4710},""time"":1729913631566},{""box"":{""left"":2614,""right"":2785,""top"":2893,""bottom"":4710},""time"":1729913631605},{""box"":{""left"":2614,""right"":2785,""top"":2893,""bottom"":4710},""time"":1729913631651},{""box"":{""left"":2614,""right"":2785,""top"":2893,""bottom"":4710},""time"":1729913631709},{""box"":{""left"":2614,""right"":2785,""top"":2893,""bottom"":4710},""time"":1729913631764},{""box"":{""left"":2614,""right"":2785,""top"":2893,""bottom"":4710},""time"":1729913631812},{""box"":{""left"":2614,""right"":2785,""top"":2893,""bottom"":4710},""time"":1729913631870},{""box"":{""left"":2614,""right"":2785,""top"":2893,""bottom"":4710},""time"":1729913631916},{""box"":{""left"":2614,""right"":2785,""top"":2893,""bottom"":4710},""time"":1729913631965},{""box"":{""left"":2614,""right"":2785,""top"":2893,""bottom"":4710},""time"":1729913632011},{""box"":{""left"":2614,""right"":2785,""top"":2893,""bottom"":4710},""time"":1729913632059},{""box"":{""left"":2614,""right"":2785,""top"":2893,""bottom"":4710},""time"":1729913632096},{""box"":{""left"":2614,""right"":2785,""top"":2893,""bottom"":4710},""time"":1729913632143},{""box"":{""left"":2614,""right"":2785,""top"":2893,""bottom"":4710},""time"":1729913632189},{""box"":{""left"":2614,""right"":2785,""top"":2893,""bottom"":4710},""time"":1729913632237},{""box"":{""left"":2614,""right"":2785,""top"":2893,""bottom"":4710},""time"":1729913632274},{""box"":{""left"":2614,""right"":2785,""top"":2893,""bottom"":4710},""time"":1729913632305},{""box"":{""left"":2614,""right"":2785,""top"":2893,""bottom"":4710},""time"":1729913632342},{""box"":{""left"":2614,""right"":2785,""top"":2893,""bottom"":4710},""time"":1729913632376},{""box"":{""left"":2614,""right"":2785,""top"":2893,""bottom"":4710},""time"":1729913632414},{""box"":{""left"":2614,""right"":2785,""top"":2893,""bottom"":4710},""time"":1729913632453},{""box"":{""left"":2614,""right"":2785,""top"":2893,""bottom"":4710},""time"":1729913632490},{""box"":{""left"":2614,""right"":2785,""top"":2893,""bottom"":4710},""time"":1729913632538},{""box"":{""left"":2614,""right"":2785,""top"":2893,""bottom"":4710},""time"":1729913632575},{""box"":{""left"":2614,""right"":2785,""top"":2893,""bottom"":4710},""time"":1729913632597},{""box"":{""left"":2614,""right"":2785,""top"":2893,""bottom"":4710},""time"":1729913632619},{""box"":{""left"":2614,""right"":2785,""top"":2893,""bottom"":4710},""time"":1729913632667},{""box"":{""left"":2614,""right"":2785,""top"":2893,""bottom"":4710},""time"":1729913632689},{""box"":{""left"":2614,""right"":2785,""top"":2893,""bottom"":4710},""time"":1729913632737},{""box"":{""left"":2614,""right"":2785,""top"":2893,""bottom"":4710},""time"":1729913632784},{""box"":{""left"":2614,""right"":2785,""top"":2893,""bottom"":4710},""time"":1729913632842},{""box"":{""left"":2614,""right"":2785,""top"":2893,""bottom"":4710},""time"":1729913632890},{""box"":{""left"":2614,""right"":2785,""top"":2893,""bottom"":4710},""time"":1729913632945},{""box"":{""left"":2614,""right"":2785,""top"":2893,""bottom"":4710},""time"":1729913632994},{""box"":{""left"":2614,""right"":2785,""top"":2893,""bottom"":4710},""time"":1729913633040},{""box"":{""left"":2614,""right"":2785,""top"":2893,""bottom"":4710},""time"":1729913633098},{""box"":{""left"":2614,""right"":2785,""top"":2893,""bottom"":4710},""time"":1729913633155},{""box"":{""left"":2614,""right"":2785,""top"":2893,""bottom"":4710},""time"":1729913633202},{""box"":{""left"":2614,""right"":2785,""top"":2893,""bottom"":4710},""time"":1729913633250},{""box"":{""left"":2614,""right"":2785,""top"":2893,""bottom"":4710},""time"":1729913633280},{""box"":{""left"":2614,""right"":2785,""top"":2893,""bottom"":4710},""time"":1729913633328},{""box"":{""left"":2614,""right"":2785,""top"":2893,""bottom"":4710},""time"":1729913633375},{""box"":{""left"":2614,""right"":2785,""top"":2893,""bottom"":4710},""time"":1729913633432},{""box"":{""left"":2614,""right"":2785,""top"":2893,""bottom"":4710},""time"":1729913633479},{""box"":{""left"":2614,""right"":2785,""top"":2893,""bottom"":4710},""time"":1729913633537},{""box"":{""left"":2614,""right"":2785,""top"":2893,""bottom"":4710},""time"":1729913633576},{""box"":{""left"":2614,""right"":2785,""top"":2893,""bottom"":4710},""time"":1729913633614},{""box"":{""left"":2614,""right"":2785,""top"":2893,""bottom"":4710},""time"":1729913633634},{""box"":{""left"":2614,""right"":2785,""top"":2893,""bottom"":4710},""time"":1729913633654},{""box"":{""left"":2614,""right"":2785,""top"":2893,""bottom"":4710},""time"":1729913633675},{""box"":{""left"":2614,""right"":2785,""top"":2893,""bottom"":4710},""time"":1729913633696},{""box"":{""left"":2614,""right"":2785,""top"":2893,""bottom"":4710},""time"":1729913633715},{""box"":{""left"":2614,""right"":2785,""top"":2893,""bottom"":4710},""time"":1729913633735},{""box"":{""left"":2614,""right"":2785,""top"":2893,""bottom"":4710},""time"":1729913633757},{""box"":{""left"":2614,""right"":2785,""top"":2893,""bottom"":4710},""time"":1729913633794},{""box"":{""left"":2614,""right"":2785,""top"":2893,""bottom"":4710},""time"":1729913633816},{""box"":{""left"":2614,""right"":2785,""top"":2893,""bottom"":4710},""time"":1729913633838},{""box"":{""left"":2614,""right"":2785,""top"":2893,""bottom"":4710},""time"":1729913633861},{""box"":{""left"":2614,""right"":2785,""top"":2893,""bottom"":4710},""time"":1729913633884},{""box"":{""left"":2614,""right"":2785,""top"":2893,""bottom"":4710},""time"":1729913633906},{""box"":{""left"":2614,""right"":2785,""top"":2893,""bottom"":4710},""time"":1729913633928},{""box"":{""left"":2614,""right"":2785,""top"":2893,""bottom"":4710},""time"":1729913633971},{""box"":{""left"":2614,""right"":2785,""top"":2893,""bottom"":4710},""time"":1729913633991},{""box"":{""left"":2614,""right"":2785,""top"":2893,""bottom"":4710},""time"":1729913634002},{""box"":{""left"":2614,""right"":2785,""top"":2893,""bottom"":4710},""time"":1729913634021},{""box"":{""left"":2614,""right"":2785,""top"":2893,""bottom"":4710},""time"":1729913634041},{""box"":{""left"":2614,""right"":2785,""top"":2893,""bottom"":4710},""time"":1729913634078},{""box"":{""left"":2614,""right"":2785,""top"":2893,""bottom"":4710},""time"":1729913634098},{""box"":{""left"":2614,""right"":2785,""top"":2893,""bottom"":4710},""time"":1729913634118},{""box"":{""left"":2614,""right"":2785,""top"":2893,""bottom"":4710},""time"":1729913634140},{""box"":{""left"":2614,""right"":2785,""top"":2893,""bottom"":4710},""time"":1729913634160},{""box"":{""left"":2614,""right"":2785,""top"":2893,""bottom"":4710},""time"":1729913634179},{""box"":{""left"":2614,""right"":2785,""top"":2893,""bottom"":4710},""time"":1729913634199},{""box"":{""left"":2614,""right"":2785,""top"":2893,""bottom"":4710},""time"":1729913634230},{""box"":{""left"":2614,""right"":2785,""top"":2893,""bottom"":4710},""time"":1729913634252},{""box"":{""left"":2614,""right"":2785,""top"":2893,""bottom"":4710},""time"":1729913634299},{""box"":{""left"":2614,""right"":2785,""top"":2893,""bottom"":4710},""time"":1729913634338},{""box"":{""left"":2614,""right"":2785,""top"":2893,""bottom"":4710},""time"":1729913634375},{""box"":{""left"":2614,""right"":2785,""top"":2893,""bottom"":4710},""time"":1729913634414},{""box"":{""left"":2614,""right"":2785,""top"":2893,""bottom"":4710},""time"":1729913634452},{""box"":{""left"":2614,""right"":2785,""top"":2893,""bottom"":4710},""time"":1729913634491},{""box"":{""left"":2614,""right"":2785,""top"":2893,""bottom"":4710},""time"":1729913634528},{""box"":{""left"":2614,""right"":2785,""top"":2893,""bottom"":4710},""time"":1729913634567},{""box"":{""left"":2614,""right"":2785,""top"":2893,""bottom"":4710},""time"":1729913634605},{""box"":{""left"":2614,""right"":2785,""top"":2893,""bottom"":4710},""time"":1729913634641},{""box"":{""left"":2614,""right"":2785,""top"":2893,""bottom"":4710},""time"":1729913634681},{""box"":{""left"":2614,""right"":2785,""top"":2893,""bottom"":4710},""time"":1729913634718},{""box"":{""left"":2614,""right"":2785,""top"":2893,""bottom"":4710},""time"":1729913634757},{""box"":{""left"":2614,""right"":2785,""top"":2893,""bottom"":4710},""time"":1729913634777},{""box"":{""left"":2614,""right"":2785,""top"":2893,""bottom"":4710},""time"":1729913634797},{""box"":{""left"":2614,""right"":2785,""top"":2893,""bottom"":4710},""time"":1729913634806},{""box"":{""left"":2614,""right"":2785,""top"":2893,""bottom"":4710},""time"":1729913634846},{""box"":{""left"":2614,""right"":2785,""top"":2893,""bottom"":4710},""time"":1729913634883},{""box"":{""left"":2614,""right"":2785,""top"":2893,""bottom"":4710},""time"":1729913634922},{""box"":{""left"":2614,""right"":2785,""top"":2893,""bottom"":4710},""time"":1729913634931},{""box"":{""left"":2614,""right"":2785,""top"":2893,""bottom"":4710},""time"":1729913634959},{""box"":{""left"":2614,""right"":2785,""top"":2893,""bottom"":4710},""time"":1729913634968},{""box"":{""left"":2614,""right"":2785,""top"":2893,""bottom"":4710},""time"":1729913635002},{""box"":{""left"":2614,""right"":2785,""top"":2893,""bottom"":4710},""time"":1729913635012},{""box"":{""left"":2614,""right"":2785,""top"":2893,""bottom"":4710},""time"":1729913635040},{""box"":{""left"":2614,""right"":2785,""top"":2893,""bottom"":4710},""time"":1729913635050},{""box"":{""left"":2614,""right"":2785,""top"":2893,""bottom"":4710},""time"":1729913635088},{""box"":{""left"":2614,""right"":2785,""top"":2893,""bottom"":4710},""time"":1729913635098},{""box"":{""left"":2614,""right"":2785,""top"":2893,""bottom"":4710},""time"":1729913635135},{""box"":{""left"":2614,""right"":2785,""top"":2893,""bottom"":4710},""time"":1729913635145},{""box"":{""left"":2614,""right"":2785,""top"":2893,""bottom"":4710},""time"":1729913635184},{""box"":{""left"":2614,""right"":2785,""top"":2893,""bottom"":4710},""time"":1729913635193},{""box"":{""left"":2614,""right"":2785,""top"":2893,""bottom"":4710},""time"":1729913635221},{""box"":{""left"":2614,""right"":2785,""top"":2893,""bottom"":4710},""time"":1729913635231},{""box"":{""left"":2614,""right"":2785,""top"":2893,""bottom"":4710},""time"":1729913635260},{""box"":{""left"":2614,""right"":2785,""top"":2893,""bottom"":4710},""time"":1729913635270},{""box"":{""left"":2614,""right"":2785,""top"":2893,""bottom"":4710},""time"":1729913635298},{""box"":{""left"":2614,""right"":2785,""top"":2893,""bottom"":4710},""time"":1729913635308},{""box"":{""left"":2614,""right"":2785,""top"":2893,""bottom"":4710},""time"":1729913635336},{""box"":{""left"":2614,""right"":2785,""top"":2893,""bottom"":4710},""time"":1729913635347},{""box"":{""left"":2614,""right"":2785,""top"":2893,""bottom"":4710},""time"":1729913635375},{""box"":{""left"":2614,""right"":2785,""top"":2893,""bottom"":4710},""time"":1729913635384},{""box"":{""left"":2614,""right"":2785,""top"":2893,""bottom"":4710},""time"":1729913635412},{""box"":{""left"":2614,""right"":2785,""top"":2893,""bottom"":4710},""time"":1729913635422},{""box"":{""left"":2614,""right"":2785,""top"":2893,""bottom"":4710},""time"":1729913635452},{""box"":{""left"":2614,""right"":2785,""top"":2893,""bottom"":4710},""time"":1729913635480},{""box"":{""left"":2614,""right"":2785,""top"":2893,""bottom"":4710},""time"":1729913635508},{""box"":{""left"":2614,""right"":2785,""top"":2893,""bottom"":4710},""time"":1729913635519},{""box"":{""left"":2614,""right"":2785,""top"":2893,""bottom"":4710},""time"":1729913635553},{""box"":{""left"":2614,""right"":2785,""top"":2893,""bottom"":4710},""time"":1729913635590},{""box"":{""left"":2614,""right"":2785,""top"":2893,""bottom"":4710},""time"":1729913635608},{""box"":{""left"":2614,""right"":2785,""top"":2893,""bottom"":4710},""time"":1729913635623},{""box"":{""left"":2614,""right"":2785,""top"":2893,""bottom"":4710},""time"":1729913635638},{""box"":{""left"":2614,""right"":2785,""top"":2893,""bottom"":4710},""time"":1729913635654},{""box"":{""left"":2614,""right"":2785,""top"":2893,""bottom"":4710},""time"":1729913635663},{""box"":{""left"":2614,""right"":2785,""top"":2893,""bottom"":4710},""time"":1729913635712},{""box"":{""left"":2614,""right"":2785,""top"":2893,""bottom"":4710},""time"":1729913635749},{""box"":{""left"":2614,""right"":2785,""top"":2893,""bottom"":4710},""time"":1729913635765},{""box"":{""left"":2614,""right"":2785,""top"":2893,""bottom"":4710},""time"":1729913635790},{""box"":{""left"":2614,""right"":2785,""top"":2893,""bottom"":4710},""time"":1729913635814},{""box"":{""left"":2614,""right"":2785,""top"":2893,""bottom"":4710},""time"":1729913635866},{""box"":{""left"":2614,""right"":2785,""top"":2893,""bottom"":4710},""time"":1729913635916},{""box"":{""left"":2614,""right"":2785,""top"":2893,""bottom"":4710},""time"":1729913635979},{""box"":{""left"":2614,""right"":2785,""top"":2893,""bottom"":4710},""time"":1729913636038},{""box"":{""left"":2614,""right"":2785,""top"":2893,""bottom"":4710},""time"":1729913636092},{""box"":{""left"":2614,""right"":2785,""top"":2893,""bottom"":4710},""time"":1729913636153},{""box"":{""left"":2614,""right"":2785,""top"":2893,""bottom"":4710},""time"":1729913636215},{""box"":{""left"":2614,""right"":2785,""top"":2893,""bottom"":4710},""time"":1729913636226},{""box"":{""left"":2614,""right"":2785,""top"":2893,""bottom"":4710},""time"":1729913636276},{""box"":{""left"":2614,""right"":2785,""top"":2893,""bottom"":4710},""time"":1729913636286},{""box"":{""left"":2614,""right"":2785,""top"":2893,""bottom"":4710},""time"":1729913636348},{""box"":{""left"":2614,""right"":2785,""top"":2893,""bottom"":4710},""time"":1729913636410},{""box"":{""left"":2614,""right"":2785,""top"":2893,""bottom"":4710},""time"":1729913636462},{""box"":{""left"":2614,""right"":2785,""top"":2893,""bottom"":4710},""time"":1729913636523},{""box"":{""left"":2614,""right"":2785,""top"":2893,""bottom"":4710},""time"":1729913636533},{""box"":{""left"":2614,""right"":2785,""top"":2893,""bottom"":4710},""time"":1729913636575},{""box"":{""left"":2614,""right"":2785,""top"":2893,""bottom"":4710},""time"":1729913636585},{""box"":{""left"":2614,""right"":2785,""top"":2893,""bottom"":4710},""time"":1729913636635},{""box"":{""left"":2614,""right"":2785,""top"":2893,""bottom"":4710},""time"":1729913636645},{""box"":{""left"":2614,""right"":2785,""top"":2893,""bottom"":4710},""time"":1729913636687},{""box"":{""left"":2614,""right"":2785,""top"":2893,""bottom"":4710},""time"":1729913636697},{""box"":{""left"":2614,""right"":2785,""top"":2893,""bottom"":4710},""time"":1729913636749},{""box"":{""left"":2614,""right"":2785,""top"":2893,""bottom"":4710},""time"":1729913636808},{""box"":{""left"":2614,""right"":2785,""top"":2893,""bottom"":4710},""time"":1729913636869},{""box"":{""left"":2614,""right"":2785,""top"":2893,""bottom"":4710},""time"":1729913636879},{""box"":{""left"":2614,""right"":2785,""top"":2893,""bottom"":4710},""time"":1729913636922},{""box"":{""left"":2614,""right"":2785,""top"":2893,""bottom"":4710},""time"":1729913636932},{""box"":{""left"":2614,""right"":2785,""top"":2893,""bottom"":4710},""time"":1729913636986},{""box"":{""left"":2614,""right"":2785,""top"":2893,""bottom"":4710},""time"":1729913636996},{""box"":{""left"":2614,""right"":2785,""top"":2893,""bottom"":4710},""time"":1729913637045},{""box"":{""left"":2614,""right"":2785,""top"":2893,""bottom"":4710},""time"":1729913637055},{""box"":{""left"":2614,""right"":2785,""top"":2893,""bottom"":4710},""time"":1729913637098},{""box"":{""left"":2614,""right"":2785,""top"":2893,""bottom"":4710},""time"":1729913637108},{""box"":{""left"":2614,""right"":2785,""top"":2893,""bottom"":4710},""time"":1729913637158},{""box"":{""left"":2614,""right"":2785,""top"":2893,""bottom"":4710},""time"":1729913637168},{""box"":{""left"":2614,""right"":2785,""top"":2893,""bottom"":4710},""time"":1729913637219},{""box"":{""left"":2614,""right"":2785,""top"":2893,""bottom"":4710},""time"":1729913637229},{""box"":{""left"":2614,""right"":2785,""top"":2893,""bottom"":4710},""time"":1729913637270},{""box"":{""left"":2614,""right"":2785,""top"":2893,""bottom"":4710},""time"":1729913637331}",,,,,
56971,Person,2024-10-26 12:33:49,2024-10-26 12:33:53,"{""left"":1840,""right"":3084,""top"":2241,""bottom"":5046},{""box"":{""left"":1840,""right"":3084,""top"":2241,""bottom"":5046},""time"":1729913630746},{""box"":{""left"":1840,""right"":3084,""top"":2241,""bottom"":5046},""time"":1729913630817},{""box"":{""left"":1840,""right"":3084,""top"":2241,""bottom"":5046},""time"":1729913630903},{""box"":{""left"":1840,""right"":3084,""top"":2241,""bottom"":5046},""time"":1729913631171},{""box"":{""left"":1840,""right"":3084,""top"":2241,""bottom"":5046},""time"":1729913631502},{""box"":{""left"":1840,""right"":3084,""top"":2241,""bottom"":5046},""time"":1729913631575},{""box"":{""left"":1840,""right"":3084,""top"":2241,""bottom"":5046},""time"":1729913631614},{""box"":{""left"":1840,""right"":3084,""top"":2241,""bottom"":5046},""time"":1729913631661},{""box"":{""left"":1840,""right"":3084,""top"":2241,""bottom"":5046},""time"":1729913631718},{""box"":{""left"":1840,""right"":3084,""top"":2241,""bottom"":5046},""time"":1729913631775},{""box"":{""left"":1840,""right"":3084,""top"":2241,""bottom"":5046},""time"":1729913631821},{""box"":{""left"":1840,""right"":3084,""top"":2241,""bottom"":5046},""time"":1729913631879},{""box"":{""left"":1840,""right"":3084,""top"":2241,""bottom"":5046},""time"":1729913631925},{""box"":{""left"":1840,""right"":3084,""top"":2241,""bottom"":5046},""time"":1729913631974},{""box"":{""left"":1840,""right"":3084,""top"":2241,""bottom"":5046},""time"":1729913632020},{""box"":{""left"":1840,""right"":3084,""top"":2241,""bottom"":5046},""time"":1729913632068},{""box"":{""left"":1840,""right"":3084,""top"":2241,""bottom"":5046},""time"":1729913632105},{""box"":{""left"":1840,""right"":3084,""top"":2241,""bottom"":5046},""time"":1729913632152},{""box"":{""left"":1840,""right"":3084,""top"":2241,""bottom"":5046},""time"":1729913632200},{""box"":{""left"":1840,""right"":3084,""top"":2241,""bottom"":5046},""time"":1729913632246},{""box"":{""left"":1840,""right"":3084,""top"":2241,""bottom"":5046},""time"":1729913632630},{""box"":{""left"":1840,""right"":3084,""top"":2241,""bottom"":5046},""time"":1729913632698},{""box"":{""left"":1840,""right"":3084,""top"":2241,""bottom"":5046},""time"":1729913632746},{""box"":{""left"":1840,""right"":3084,""top"":2241,""bottom"":5046},""time"":1729913632793},{""box"":{""left"":1840,""right"":3084,""top"":2241,""bottom"":5046},""time"":1729913632851},{""box"":{""left"":1840,""right"":3084,""top"":2241,""bottom"":5046},""time"":1729913632899},{""box"":{""left"":1840,""right"":3084,""top"":2241,""bottom"":5046},""time"":1729913632955},{""box"":{""left"":1840,""right"":3084,""top"":2241,""bottom"":5046},""time"":1729913633003},{""box"":{""left"":1840,""right"":3084,""top"":2241,""bottom"":5046},""time"":1729913633049},{""box"":{""left"":1840,""right"":3084,""top"":2241,""bottom"":5046},""time"":1729913633107},{""box"":{""left"":1840,""right"":3084,""top"":2241,""bottom"":5046},""time"":1729913633211},{""box"":{""left"":1840,""right"":3084,""top"":2241,""bottom"":5046},""time"":1729913633289},{""box"":{""left"":1840,""right"":3084,""top"":2241,""bottom"":5046},""time"":1729913633337},{""box"":{""left"":1840,""right"":3084,""top"":2241,""bottom"":5046},""time"":1729913633384},{""box"":{""left"":1840,""right"":3084,""top"":2241,""bottom"":5046},""time"":1729913633442},{""box"":{""left"":1840,""right"":3084,""top"":2241,""bottom"":5046},""time"":1729913633490}",,,,,
56972,Person,2024-10-26 12:33:50,2024-10-26 12:33:57,"{""left"":2229,""right"":2674,""top"":2527,""bottom"":4113},{""box"":{""left"":2229,""right"":2674,""top"":2527,""bottom"":4113},""time"":1729913631727},{""box"":{""left"":2229,""right"":2674,""top"":2527,""bottom"":4113},""time"":1729913631831},{""box"":{""left"":2229,""right"":2674,""top"":2527,""bottom"":4113},""time"":1729913631935},{""box"":{""left"":2229,""right"":2674,""top"":2527,""bottom"":4113},""time"":1729913631983},{""box"":{""left"":2229,""right"":2674,""top"":2527,""bottom"":4113},""time"":1729913632031},{""box"":{""left"":2229,""right"":2674,""top"":2527,""bottom"":4113},""time"":1729913632077},{""box"":{""left"":2229,""right"":2674,""top"":2527,""bottom"":4113},""time"":1729913632115},{""box"":{""left"":2229,""right"":2674,""top"":2527,""bottom"":4113},""time"":1729913632161},{""box"":{""left"":2229,""right"":2674,""top"":2527,""bottom"":4113},""time"":1729913632209},{""box"":{""left"":2229,""right"":2674,""top"":2527,""bottom"":4113},""time"":1729913632255},{""box"":{""left"":2229,""right"":2674,""top"":2527,""bottom"":4113},""time"":1729913632314},{""box"":{""left"":2229,""right"":2674,""top"":2527,""bottom"":4113},""time"":1729913632351},{""box"":{""left"":2229,""right"":2674,""top"":2527,""bottom"":4113},""time"":1729913632385},{""box"":{""left"":2229,""right"":2674,""top"":2527,""bottom"":4113},""time"":1729913632462},{""box"":{""left"":2229,""right"":2674,""top"":2527,""bottom"":4113},""time"":1729913632499},{""box"":{""left"":2229,""right"":2674,""top"":2527,""bottom"":4113},""time"":1729913632547},{""box"":{""left"":2229,""right"":2674,""top"":2527,""bottom"":4113},""time"":1729913632639},{""box"":{""left"":2229,""right"":2674,""top"":2527,""bottom"":4113},""time"":1729913632707},{""box"":{""left"":2229,""right"":2674,""top"":2527,""bottom"":4113},""time"":1729913632756},{""box"":{""left"":2229,""right"":2674,""top"":2527,""bottom"":4113},""time"":1729913632804},{""box"":{""left"":2229,""right"":2674,""top"":2527,""bottom"":4113},""time"":1729913632860},{""box"":{""left"":2229,""right"":2674,""top"":2527,""bottom"":4113},""time"":1729913632908},{""box"":{""left"":2229,""right"":2674,""top"":2527,""bottom"":4113},""time"":1729913632964},{""box"":{""left"":2229,""right"":2674,""top"":2527,""bottom"":4113},""time"":1729913633012},{""box"":{""left"":2229,""right"":2674,""top"":2527,""bottom"":4113},""time"":1729913633060},{""box"":{""left"":2229,""right"":2674,""top"":2527,""bottom"":4113},""time"":1729913633116},{""box"":{""left"":2229,""right"":2674,""top"":2527,""bottom"":4113},""time"":1729913633165},{""box"":{""left"":2229,""right"":2674,""top"":2527,""bottom"":4113},""time"":1729913633220},{""box"":{""left"":2229,""right"":2674,""top"":2527,""bottom"":4113},""time"":1729913633298},{""box"":{""left"":2229,""right"":2674,""top"":2527,""bottom"":4113},""time"":1729913633347},{""box"":{""left"":2229,""right"":2674,""top"":2527,""bottom"":4113},""time"":1729913633393},{""box"":{""left"":2229,""right"":2674,""top"":2527,""bottom"":4113},""time"":1729913633451},{""box"":{""left"":2229,""right"":2674,""top"":2527,""bottom"":4113},""time"":1729913633499},{""box"":{""left"":2229,""right"":2674,""top"":2527,""bottom"":4113},""time"":1729913633546},{""box"":{""left"":2229,""right"":2674,""top"":2527,""bottom"":4113},""time"":1729913633586},{""box"":{""left"":2229,""right"":2674,""top"":2527,""bottom"":4113},""time"":1729913633766},{""box"":{""left"":2229,""right"":2674,""top"":2527,""bottom"":4113},""time"":1729913633937},{""box"":{""left"":2229,""right"":2674,""top"":2527,""bottom"":4113},""time"":1729913634011},{""box"":{""left"":2229,""right"":2674,""top"":2527,""bottom"":4113},""time"":1729913634030},{""box"":{""left"":2229,""right"":2674,""top"":2527,""bottom"":4113},""time"":1729913634051},{""box"":{""left"":2229,""right"":2674,""top"":2527,""bottom"":4113},""time"":1729913634088},{""box"":{""left"":2229,""right"":2674,""top"":2527,""bottom"":4113},""time"":1729913634107},{""box"":{""left"":2229,""right"":2674,""top"":2527,""bottom"":4113},""time"":1729913634129},{""box"":{""left"":2229,""right"":2674,""top"":2527,""bottom"":4113},""time"":1729913634149},{""box"":{""left"":2229,""right"":2674,""top"":2527,""bottom"":4113},""time"":1729913634169},{""box"":{""left"":2229,""right"":2674,""top"":2527,""bottom"":4113},""time"":1729913634189},{""box"":{""left"":2229,""right"":2674,""top"":2527,""bottom"":4113},""time"":1729913634208},{""box"":{""left"":2229,""right"":2674,""top"":2527,""bottom"":4113},""time"":1729913634262},{""box"":{""left"":2229,""right"":2674,""top"":2527,""bottom"":4113},""time"":1729913634310},{""box"":{""left"":2229,""right"":2674,""top"":2527,""bottom"":4113},""time"":1729913634347},{""box"":{""left"":2229,""right"":2674,""top"":2527,""bottom"":4113},""time"":1729913634384},{""box"":{""left"":2229,""right"":2674,""top"":2527,""bottom"":4113},""time"":1729913634424},{""box"":{""left"":2229,""right"":2674,""top"":2527,""bottom"":4113},""time"":1729913634461},{""box"":{""left"":2229,""right"":2674,""top"":2527,""bottom"":4113},""time"":1729913634500},{""box"":{""left"":2229,""right"":2674,""top"":2527,""bottom"":4113},""time"":1729913634537},{""box"":{""left"":2229,""right"":2674,""top"":2527,""bottom"":4113},""time"":1729913634576},{""box"":{""left"":2229,""right"":2674,""top"":2527,""bottom"":4113},""time"":1729913634614},{""box"":{""left"":2229,""right"":2674,""top"":2527,""bottom"":4113},""time"":1729913634653},{""box"":{""left"":2229,""right"":2674,""top"":2527,""bottom"":4113},""time"":1729913634690},{""box"":{""left"":2229,""right"":2674,""top"":2527,""bottom"":4113},""time"":1729913634727},{""box"":{""left"":2229,""right"":2674,""top"":2527,""bottom"":4113},""time"":1729913634766},{""box"":{""left"":2229,""right"":2674,""top"":2527,""bottom"":4113},""time"":1729913634786},{""box"":{""left"":2229,""right"":2674,""top"":2527,""bottom"":4113},""time"":1729913634816},{""box"":{""left"":2229,""right"":2674,""top"":2527,""bottom"":4113},""time"":1729913634855},{""box"":{""left"":2229,""right"":2674,""top"":2527,""bottom"":4113},""time"":1729913634892},{""box"":{""left"":2229,""right"":2674,""top"":2527,""bottom"":4113},""time"":1729913634941},{""box"":{""left"":2229,""right"":2674,""top"":2527,""bottom"":4113},""time"":1729913634978},{""box"":{""left"":2229,""right"":2674,""top"":2527,""bottom"":4113},""time"":1729913635021},{""box"":{""left"":2229,""right"":2674,""top"":2527,""bottom"":4113},""time"":1729913635059},{""box"":{""left"":2229,""right"":2674,""top"":2527,""bottom"":4113},""time"":1729913635107},{""box"":{""left"":2229,""right"":2674,""top"":2527,""bottom"":4113},""time"":1729913635154},{""box"":{""left"":2229,""right"":2674,""top"":2527,""bottom"":4113},""time"":1729913635202},{""box"":{""left"":2229,""right"":2674,""top"":2527,""bottom"":4113},""time"":1729913635240},{""box"":{""left"":2229,""right"":2674,""top"":2527,""bottom"":4113},""time"":1729913635279},{""box"":{""left"":2229,""right"":2674,""top"":2527,""bottom"":4113},""time"":1729913635317},{""box"":{""left"":2229,""right"":2674,""top"":2527,""bottom"":4113},""time"":1729913635356},{""box"":{""left"":2229,""right"":2674,""top"":2527,""bottom"":4113},""time"":1729913635394},{""box"":{""left"":2229,""right"":2674,""top"":2527,""bottom"":4113},""time"":1729913635433},{""box"":{""left"":2229,""right"":2674,""top"":2527,""bottom"":4113},""time"":1729913635461},{""box"":{""left"":2229,""right"":2674,""top"":2527,""bottom"":4113},""time"":1729913635489},{""box"":{""left"":2229,""right"":2674,""top"":2527,""bottom"":4113},""time"":1729913635528},{""box"":{""left"":2229,""right"":2674,""top"":2527,""bottom"":4113},""time"":1729913635562},{""box"":{""left"":2229,""right"":2674,""top"":2527,""bottom"":4113},""time"":1729913635673},{""box"":{""left"":2229,""right"":2674,""top"":2527,""bottom"":4113},""time"":1729913635721},{""box"":{""left"":2229,""right"":2674,""top"":2527,""bottom"":4113},""time"":1729913635875},{""box"":{""left"":2229,""right"":2674,""top"":2527,""bottom"":4113},""time"":1729913635988},{""box"":{""left"":2229,""right"":2674,""top"":2527,""bottom"":4113},""time"":1729913636048},{""box"":{""left"":2229,""right"":2674,""top"":2527,""bottom"":4113},""time"":1729913636101},{""box"":{""left"":2229,""right"":2674,""top"":2527,""bottom"":4113},""time"":1729913636236},{""box"":{""left"":2229,""right"":2674,""top"":2527,""bottom"":4113},""time"":1729913636295},{""box"":{""left"":2229,""right"":2674,""top"":2527,""bottom"":4113},""time"":1729913636358},{""box"":{""left"":2229,""right"":2674,""top"":2527,""bottom"":4113},""time"":1729913636419},{""box"":{""left"":2229,""right"":2674,""top"":2527,""bottom"":4113},""time"":1729913636542},{""box"":{""left"":2229,""right"":2674,""top"":2527,""bottom"":4113},""time"":1729913636594},{""box"":{""left"":2229,""right"":2674,""top"":2527,""bottom"":4113},""time"":1729913636654},{""box"":{""left"":2229,""right"":2674,""top"":2527,""bottom"":4113},""time"":1729913636706},{""box"":{""left"":2229,""right"":2674,""top"":2527,""bottom"":4113},""time"":1729913636758},{""box"":{""left"":2229,""right"":2674,""top"":2527,""bottom"":4113},""time"":1729913636818},{""box"":{""left"":2229,""right"":2674,""top"":2527,""bottom"":4113},""time"":1729913636890},{""box"":{""left"":2229,""right"":2674,""top"":2527,""bottom"":4113},""time"":1729913636941},{""box"":{""left"":2229,""right"":2674,""top"":2527,""bottom"":4113},""time"":1729913637005},{""box"":{""left"":2229,""right"":2674,""top"":2527,""bottom"":4113},""time"":1729913637065},{""box"":{""left"":2229,""right"":2674,""top"":2527,""bottom"":4113},""time"":1729913637118},{""box"":{""left"":2229,""right"":2674,""top"":2527,""bottom"":4113},""time"":1729913637178},{""box"":{""left"":2229,""right"":2674,""top"":2527,""bottom"":4113},""time"":1729913637239},{""box"":{""left"":2229,""right"":2674,""top"":2527,""bottom"":4113},""time"":1729913637280}",,,,,
56973,Face,2024-10-26 12:33:50,2024-10-26 12:33:51,"{""left"":4479,""right"":5797,""top"":4849,""bottom"":6310},{""box"":{""left"":5024,""right"":6524,""top"":5408,""bottom"":7063},""time"":1729913631120}","25,34",male,,,
56976,Person,2024-10-26 12:33:52,2024-10-26 12:33:58,"{""left"":1975,""right"":2760,""top"":2287,""bottom"":4250},{""box"":{""left"":1975,""right"":2760,""top"":2287,""bottom"":4250},""time"":1729913632975},{""box"":{""left"":1975,""right"":2760,""top"":2287,""bottom"":4250},""time"":1729913633021},{""box"":{""left"":1975,""right"":2760,""top"":2287,""bottom"":4250},""time"":1729913633070},{""box"":{""left"":1975,""right"":2760,""top"":2287,""bottom"":4250},""time"":1729913633125},{""box"":{""left"":1975,""right"":2760,""top"":2287,""bottom"":4250},""time"":1729913633174},{""box"":{""left"":1975,""right"":2760,""top"":2287,""bottom"":4250},""time"":1729913633231},{""box"":{""left"":1975,""right"":2760,""top"":2287,""bottom"":4250},""time"":1729913633307},{""box"":{""left"":1975,""right"":2760,""top"":2287,""bottom"":4250},""time"":1729913633356},{""box"":{""left"":1975,""right"":2760,""top"":2287,""bottom"":4250},""time"":1729913633404},{""box"":{""left"":1975,""right"":2760,""top"":2287,""bottom"":4250},""time"":1729913633460},{""box"":{""left"":1975,""right"":2760,""top"":2287,""bottom"":4250},""time"":1729913633508},{""box"":{""left"":1975,""right"":2760,""top"":2287,""bottom"":4250},""time"":1729913633555},{""box"":{""left"":1975,""right"":2760,""top"":2287,""bottom"":4250},""time"":1729913633595},{""box"":{""left"":1975,""right"":2760,""top"":2287,""bottom"":4250},""time"":1729913633775},{""box"":{""left"":1975,""right"":2760,""top"":2287,""bottom"":4250},""time"":1729913633948},{""box"":{""left"":1975,""right"":2760,""top"":2287,""bottom"":4250},""time"":1729913634060},{""box"":{""left"":1975,""right"":2760,""top"":2287,""bottom"":4250},""time"":1729913634271},{""box"":{""left"":1975,""right"":2760,""top"":2287,""bottom"":4250},""time"":1729913634319},{""box"":{""left"":1975,""right"":2760,""top"":2287,""bottom"":4250},""time"":1729913634357},{""box"":{""left"":1975,""right"":2760,""top"":2287,""bottom"":4250},""time"":1729913634396},{""box"":{""left"":1975,""right"":2760,""top"":2287,""bottom"":4250},""time"":1729913634433},{""box"":{""left"":1975,""right"":2760,""top"":2287,""bottom"":4250},""time"":1729913634470},{""box"":{""left"":1975,""right"":2760,""top"":2287,""bottom"":4250},""time"":1729913634509},{""box"":{""left"":1975,""right"":2760,""top"":2287,""bottom"":4250},""time"":1729913634546},{""box"":{""left"":1975,""right"":2760,""top"":2287,""bottom"":4250},""time"":1729913634586},{""box"":{""left"":1975,""right"":2760,""top"":2287,""bottom"":4250},""time"":1729913634623},{""box"":{""left"":1975,""right"":2760,""top"":2287,""bottom"":4250},""time"":1729913634662},{""box"":{""left"":1975,""right"":2760,""top"":2287,""bottom"":4250},""time"":1729913634699},{""box"":{""left"":1975,""right"":2760,""top"":2287,""bottom"":4250},""time"":1729913634738},{""box"":{""left"":1975,""right"":2760,""top"":2287,""bottom"":4250},""time"":1729913634827},{""box"":{""left"":1975,""right"":2760,""top"":2287,""bottom"":4250},""time"":1729913634864},{""box"":{""left"":1975,""right"":2760,""top"":2287,""bottom"":4250},""time"":1729913634901},{""box"":{""left"":1975,""right"":2760,""top"":2287,""bottom"":4250},""time"":1729913634991},{""box"":{""left"":1975,""right"":2760,""top"":2287,""bottom"":4250},""time"":1729913635031},{""box"":{""left"":1975,""right"":2760,""top"":2287,""bottom"":4250},""time"":1729913635068},{""box"":{""left"":1975,""right"":2760,""top"":2287,""bottom"":4250},""time"":1729913635116},{""box"":{""left"":1975,""right"":2760,""top"":2287,""bottom"":4250},""time"":1729913635163},{""box"":{""left"":1975,""right"":2760,""top"":2287,""bottom"":4250},""time"":1729913635212},{""box"":{""left"":1975,""right"":2760,""top"":2287,""bottom"":4250},""time"":1729913635249},{""box"":{""left"":1975,""right"":2760,""top"":2287,""bottom"":4250},""time"":1729913635288},{""box"":{""left"":1975,""right"":2760,""top"":2287,""bottom"":4250},""time"":1729913635326},{""box"":{""left"":1975,""right"":2760,""top"":2287,""bottom"":4250},""time"":1729913635365},{""box"":{""left"":1975,""right"":2760,""top"":2287,""bottom"":4250},""time"":1729913635403},{""box"":{""left"":1975,""right"":2760,""top"":2287,""bottom"":4250},""time"":1729913635442},{""box"":{""left"":1975,""right"":2760,""top"":2287,""bottom"":4250},""time"":1729913635470},{""box"":{""left"":1975,""right"":2760,""top"":2287,""bottom"":4250},""time"":1729913635498},{""box"":{""left"":1975,""right"":2760,""top"":2287,""bottom"":4250},""time"":1729913635538},{""box"":{""left"":1975,""right"":2760,""top"":2287,""bottom"":4250},""time"":1729913635572},{""box"":{""left"":1975,""right"":2760,""top"":2287,""bottom"":4250},""time"":1729913635682},{""box"":{""left"":1975,""right"":2760,""top"":2287,""bottom"":4250},""time"":1729913635731},{""box"":{""left"":1975,""right"":2760,""top"":2287,""bottom"":4250},""time"":1729913635885},{""box"":{""left"":1975,""right"":2760,""top"":2287,""bottom"":4250},""time"":1729913635997},{""box"":{""left"":1975,""right"":2760,""top"":2287,""bottom"":4250},""time"":1729913636057},{""box"":{""left"":1975,""right"":2760,""top"":2287,""bottom"":4250},""time"":1729913636110},{""box"":{""left"":1975,""right"":2760,""top"":2287,""bottom"":4250},""time"":1729913636245},{""box"":{""left"":1975,""right"":2760,""top"":2287,""bottom"":4250},""time"":1729913636304},{""box"":{""left"":1975,""right"":2760,""top"":2287,""bottom"":4250},""time"":1729913636367},{""box"":{""left"":1975,""right"":2760,""top"":2287,""bottom"":4250},""time"":1729913636428},{""box"":{""left"":1975,""right"":2760,""top"":2287,""bottom"":4250},""time"":1729913636552},{""box"":{""left"":1975,""right"":2760,""top"":2287,""bottom"":4250},""time"":1729913636605},{""box"":{""left"":1975,""right"":2760,""top"":2287,""bottom"":4250},""time"":1729913636663},{""box"":{""left"":1975,""right"":2760,""top"":2287,""bottom"":4250},""time"":1729913636716},{""box"":{""left"":1975,""right"":2760,""top"":2287,""bottom"":4250},""time"":1729913636768},{""box"":{""left"":1975,""right"":2760,""top"":2287,""bottom"":4250},""time"":1729913636899},{""box"":{""left"":1975,""right"":2760,""top"":2287,""bottom"":4250},""time"":1729913636951},{""box"":{""left"":1975,""right"":2760,""top"":2287,""bottom"":4250},""time"":1729913637014},{""box"":{""left"":1975,""right"":2760,""top"":2287,""bottom"":4250},""time"":1729913637074},{""box"":{""left"":1975,""right"":2760,""top"":2287,""bottom"":4250},""time"":1729913637188},{""box"":{""left"":1975,""right"":2760,""top"":2287,""bottom"":4250},""time"":1729913637249},{""box"":{""left"":1975,""right"":2760,""top"":2287,""bottom"":4250},""time"":1729913637290},{""box"":{""left"":1975,""right"":2760,""top"":2287,""bottom"":4250},""time"":1729913637341},{""box"":{""left"":1975,""right"":2760,""top"":2287,""bottom"":4250},""time"":1729913637382},{""box"":{""left"":1975,""right"":2760,""top"":2287,""bottom"":4250},""time"":1729913637444},{""box"":{""left"":1975,""right"":2760,""top"":2287,""bottom"":4250},""time"":1729913637505},{""box"":{""left"":1975,""right"":2760,""top"":2287,""bottom"":4250},""time"":1729913637555},{""box"":{""left"":1975,""right"":2760,""top"":2287,""bottom"":4250},""time"":1729913637615},{""box"":{""left"":1975,""right"":2760,""top"":2287,""bottom"":4250},""time"":1729913637676},{""box"":{""left"":1975,""right"":2760,""top"":2287,""bottom"":4250},""time"":1729913637728},{""box"":{""left"":1975,""right"":2760,""top"":2287,""bottom"":4250},""time"":1729913637788},{""box"":{""left"":1975,""right"":2760,""top"":2287,""bottom"":4250},""time"":1729913637840},{""box"":{""left"":1975,""right"":2760,""top"":2287,""bottom"":4250},""time"":1729913637902},{""box"":{""left"":1975,""right"":2760,""top"":2287,""bottom"":4250},""time"":1729913637952},{""box"":{""left"":1975,""right"":2760,""top"":2287,""bottom"":4250},""time"":1729913638014},{""box"":{""left"":1975,""right"":2760,""top"":2287,""bottom"":4250},""time"":1729913638075},{""box"":{""left"":1975,""right"":2760,""top"":2287,""bottom"":4250},""time"":1729913638126},{""box"":{""left"":1975,""right"":2760,""top"":2287,""bottom"":4250},""time"":1729913638186},{""box"":{""left"":1975,""right"":2760,""top"":2287,""bottom"":4250},""time"":1729913638248},{""box"":{""left"":1975,""right"":2760,""top"":2287,""bottom"":4250},""time"":1729913638298},{""box"":{""left"":1975,""right"":2760,""top"":2287,""bottom"":4250},""time"":1729913638359},{""box"":{""left"":1975,""right"":2760,""top"":2287,""bottom"":4250},""time"":1729913638410},{""box"":{""left"":1975,""right"":2760,""top"":2287,""bottom"":4250},""time"":1729913638472},{""box"":{""left"":1975,""right"":2760,""top"":2287,""bottom"":4250},""time"":1729913638522},{""box"":{""left"":1975,""right"":2760,""top"":2287,""bottom"":4250},""time"":1729913638584},{""box"":{""left"":1975,""right"":2760,""top"":2287,""bottom"":4250},""time"":1729913638635},{""box"":{""left"":1975,""right"":2760,""top"":2287,""bottom"":4250},""time"":1729913638686}",,,,,
56977,Person,2024-10-26 12:33:53,2024-10-26 12:33:57,"{""left"":1834,""right"":3289,""top"":2120,""bottom"":5425},{""box"":{""left"":1834,""right"":3289,""top"":2120,""bottom"":5425},""time"":1729913635894},{""box"":{""left"":1834,""right"":3289,""top"":2120,""bottom"":5425},""time"":1729913636008},{""box"":{""left"":1834,""right"":3289,""top"":2120,""bottom"":5425},""time"":1729913636438},{""box"":{""left"":1834,""right"":3289,""top"":2120,""bottom"":5425},""time"":1729913636777},{""box"":{""left"":1834,""right"":3289,""top"":2120,""bottom"":5425},""time"":1729913636960},{""box"":{""left"":1834,""right"":3289,""top"":2120,""bottom"":5425},""time"":1729913637024},{""box"":{""left"":1834,""right"":3289,""top"":2120,""bottom"":5425},""time"":1729913637299}",,,,,
56978,Face,2024-10-26 12:33:55,2024-10-26 12:33:56,"{""left"":3414,""right"":4413,""top"":3757,""bottom"":4882},{""box"":{""left"":3510,""right"":4810,""top"":3857,""bottom"":5296},""time"":1729913635691},{""box"":{""left"":3727,""right"":5175,""top"":4112,""bottom"":5699},""time"":1729913635855},{""box"":{""left"":4059,""right"":5702,""top"":4457,""bottom"":6183},""time"":1729913636314},{""box"":{""left"":4097,""right"":5924,""top"":4495,""bottom"":6405},""time"":1729913636337},{""box"":{""left"":4146,""right"":6084,""top"":4544,""bottom"":6575},""time"":1729913636400}","55,64",male,,,
56979,Person,2024-10-26 12:33:56,2024-10-26 12:33:58,"{""left"":9017,""right"":5745,""top"":10000,""bottom"":10000},{""box"":{""left"":9017,""right"":5745,""top"":10000,""bottom"":10000},""time"":1729913636787},{""box"":{""left"":9017,""right"":5745,""top"":10000,""bottom"":10000},""time"":1729913636909},{""box"":{""left"":9017,""right"":5745,""top"":10000,""bottom"":10000},""time"":1729913636969},{""box"":{""left"":9017,""right"":5745,""top"":10000,""bottom"":10000},""time"":1729913638975}",,,,,
56981,Person,2024-10-26 12:33:58,2024-10-26 12:34:21,"{""left"":1918,""right"":2395,""top"":2106,""bottom"":3500},{""box"":{""left"":1918,""right"":2395,""top"":2106,""bottom"":3500},""time"":1729913638369},{""box"":{""left"":1918,""right"":2395,""top"":2106,""bottom"":3500},""time"":1729913638420},{""box"":{""left"":1918,""right"":2395,""top"":2106,""bottom"":3500},""time"":1729913638482},{""box"":{""left"":1918,""right"":2395,""top"":2106,""bottom"":3500},""time"":1729913639432},{""box"":{""left"":1918,""right"":2395,""top"":2106,""bottom"":3500},""time"":1729913639828},{""box"":{""left"":1918,""right"":2395,""top"":2106,""bottom"":3500},""time"":1729913639879},{""box"":{""left"":1918,""right"":2395,""top"":2106,""bottom"":3500},""time"":1729913639931},{""box"":{""left"":1918,""right"":2395,""top"":2106,""bottom"":3500},""time"":1729913639990},{""box"":{""left"":1918,""right"":2395,""top"":2106,""bottom"":3500},""time"":1729913640043},{""box"":{""left"":1918,""right"":2395,""top"":2106,""bottom"":3500},""time"":1729913640105},{""box"":{""left"":1918,""right"":2395,""top"":2106,""bottom"":3500},""time"":1729913640164},{""box"":{""left"":1918,""right"":2395,""top"":2106,""bottom"":3500},""time"":1729913640214},{""box"":{""left"":1918,""right"":2395,""top"":2106,""bottom"":3500},""time"":1729913640275},{""box"":{""left"":1918,""right"":2395,""top"":2106,""bottom"":3500},""time"":1729913640327},{""box"":{""left"":1918,""right"":2395,""top"":2106,""bottom"":3500},""time"":1729913640389},{""box"":{""left"":1918,""right"":2395,""top"":2106,""bottom"":3500},""time"":1729913640439},{""box"":{""left"":1918,""right"":2395,""top"":2106,""bottom"":3500},""time"":1729913640501},{""box"":{""left"":1918,""right"":2395,""top"":2106,""bottom"":3500},""time"":1729913640563},{""box"":{""left"":1918,""right"":2395,""top"":2106,""bottom"":3500},""time"":1729913640614},{""box"":{""left"":1918,""right"":2395,""top"":2106,""bottom"":3500},""time"":1729913640665},{""box"":{""left"":1918,""right"":2395,""top"":2106,""bottom"":3500},""time"":1729913640726},{""box"":{""left"":1918,""right"":2395,""top"":2106,""bottom"":3500},""time"":1729913640787},{""box"":{""left"":1918,""right"":2395,""top"":2106,""bottom"":3500},""time"":1729913640840},{""box"":{""left"":1918,""right"":2395,""top"":2106,""bottom"":3500},""time"":1729913640902},{""box"":{""left"":1918,""right"":2395,""top"":2106,""bottom"":3500},""time"":1729913640963},{""box"":{""left"":1918,""right"":2395,""top"":2106,""bottom"":3500},""time"":1729913641015},{""box"":{""left"":1918,""right"":2395,""top"":2106,""bottom"":3500},""time"":1729913641076},{""box"":{""left"":1918,""right"":2395,""top"":2106,""bottom"":3500},""time"":1729913641127},{""box"":{""left"":1918,""right"":2395,""top"":2106,""bottom"":3500},""time"":1729913641178},{""box"":{""left"":1918,""right"":2395,""top"":2106,""bottom"":3500},""time"":1729913641240},{""box"":{""left"":1918,""right"":2395,""top"":2106,""bottom"":3500},""time"":1729913641301},{""box"":{""left"":1918,""right"":2395,""top"":2106,""bottom"":3500},""time"":1729913641351},{""box"":{""left"":1918,""right"":2395,""top"":2106,""bottom"":3500},""time"":1729913641413},{""box"":{""left"":1918,""right"":2395,""top"":2106,""bottom"":3500},""time"":1729913641464},{""box"":{""left"":1918,""right"":2395,""top"":2106,""bottom"":3500},""time"":1729913641525},{""box"":{""left"":1918,""right"":2395,""top"":2106,""bottom"":3500},""time"":1729913641586},{""box"":{""left"":1918,""right"":2395,""top"":2106,""bottom"":3500},""time"":1729913641637},{""box"":{""left"":1918,""right"":2395,""top"":2106,""bottom"":3500},""time"":1729913641689},{""box"":{""left"":1918,""right"":2395,""top"":2106,""bottom"":3500},""time"":1729913641749},{""box"":{""left"":1918,""right"":2395,""top"":2106,""bottom"":3500},""time"":1729913641801},{""box"":{""left"":1918,""right"":2395,""top"":2106,""bottom"":3500},""time"":1729913641854},{""box"":{""left"":1918,""right"":2395,""top"":2106,""bottom"":3500},""time"":1729913641915},{""box"":{""left"":1918,""right"":2395,""top"":2106,""bottom"":3500},""time"":1729913641976},{""box"":{""left"":1918,""right"":2395,""top"":2106,""bottom"":3500},""time"":1729913642026},{""box"":{""left"":1918,""right"":2395,""top"":2106,""bottom"":3500},""time"":1729913642096},{""box"":{""left"":1918,""right"":2395,""top"":2106,""bottom"":3500},""time"":1729913642156},{""box"":{""left"":1918,""right"":2395,""top"":2106,""bottom"":3500},""time"":1729913642201},{""box"":{""left"":1918,""right"":2395,""top"":2106,""bottom"":3500},""time"":1729913642261},{""box"":{""left"":1918,""right"":2395,""top"":2106,""bottom"":3500},""time"":1729913642311},{""box"":{""left"":1918,""right"":2395,""top"":2106,""bottom"":3500},""time"":1729913642375},{""box"":{""left"":1918,""right"":2395,""top"":2106,""bottom"":3500},""time"":1729913642434},{""box"":{""left"":1918,""right"":2395,""top"":2106,""bottom"":3500},""time"":1729913642485},{""box"":{""left"":1918,""right"":2395,""top"":2106,""bottom"":3500},""time"":1729913642549},{""box"":{""left"":1918,""right"":2395,""top"":2106,""bottom"":3500},""time"":1729913642598},{""box"":{""left"":1918,""right"":2395,""top"":2106,""bottom"":3500},""time"":1729913642659},{""box"":{""left"":1918,""right"":2395,""top"":2106,""bottom"":3500},""time"":1729913642720},{""box"":{""left"":1918,""right"":2395,""top"":2106,""bottom"":3500},""time"":1729913642774},{""box"":{""left"":1918,""right"":2395,""top"":2106,""bottom"":3500},""time"":1729913642833},{""box"":{""left"":1918,""right"":2395,""top"":2106,""bottom"":3500},""time"":1729913642886},{""box"":{""left"":1918,""right"":2395,""top"":2106,""bottom"":3500},""time"":1729913642946},{""box"":{""left"":1918,""right"":2395,""top"":2106,""bottom"":3500},""time"":1729913642997},{""box"":{""left"":1918,""right"":2395,""top"":2106,""bottom"":3500},""time"":1729913643059},{""box"":{""left"":1918,""right"":2395,""top"":2106,""bottom"":3500},""time"":1729913643119},{""box"":{""left"":1918,""right"":2395,""top"":2106,""bottom"":3500},""time"":1729913643170},{""box"":{""left"":1918,""right"":2395,""top"":2106,""bottom"":3500},""time"":1729913643232},{""box"":{""left"":1918,""right"":2395,""top"":2106,""bottom"":3500},""time"":1729913643283},{""box"":{""left"":1918,""right"":2395,""top"":2106,""bottom"":3500},""time"":1729913643343},{""box"":{""left"":1918,""right"":2395,""top"":2106,""bottom"":3500},""time"":1729913643395},{""box"":{""left"":1918,""right"":2395,""top"":2106,""bottom"":3500},""time"":1729913643456},{""box"":{""left"":1918,""right"":2395,""top"":2106,""bottom"":3500},""time"":1729913643507},{""box"":{""left"":1918,""right"":2395,""top"":2106,""bottom"":3500},""time"":1729913643568},{""box"":{""left"":1918,""right"":2395,""top"":2106,""bottom"":3500},""time"":1729913643628},{""box"":{""left"":1918,""right"":2395,""top"":2106,""bottom"":3500},""time"":1729913643681},{""box"":{""left"":1918,""right"":2395,""top"":2106,""bottom"":3500},""time"":1729913643741},{""box"":{""left"":1918,""right"":2395,""top"":2106,""bottom"":3500},""time"":1729913643792},{""box"":{""left"":1918,""right"":2395,""top"":2106,""bottom"":3500},""time"":1729913643855},{""box"":{""left"":1918,""right"":2395,""top"":2106,""bottom"":3500},""time"":1729913643915},{""box"":{""left"":1918,""right"":2395,""top"":2106,""bottom"":3500},""time"":1729913643967},{""box"":{""left"":1918,""right"":2395,""top"":2106,""bottom"":3500},""time"":1729913644027},{""box"":{""left"":1918,""right"":2395,""top"":2106,""bottom"":3500},""time"":1729913644080},{""box"":{""left"":1918,""right"":2395,""top"":2106,""bottom"":3500},""time"":1729913644140},{""box"":{""left"":1918,""right"":2395,""top"":2106,""bottom"":3500},""time"":1729913644191},{""box"":{""left"":1918,""right"":2395,""top"":2106,""bottom"":3500},""time"":1729913644252},{""box"":{""left"":1918,""right"":2395,""top"":2106,""bottom"":3500},""time"":1729913644313},{""box"":{""left"":1918,""right"":2395,""top"":2106,""bottom"":3500},""time"":1729913644364},{""box"":{""left"":1918,""right"":2395,""top"":2106,""bottom"":3500},""time"":1729913644424},{""box"":{""left"":1918,""right"":2395,""top"":2106,""bottom"":3500},""time"":1729913644476},{""box"":{""left"":1918,""right"":2395,""top"":2106,""bottom"":3500},""time"":1729913644538},{""box"":{""left"":1918,""right"":2395,""top"":2106,""bottom"":3500},""time"":1729913644588},{""box"":{""left"":1918,""right"":2395,""top"":2106,""bottom"":3500},""time"":1729913644649},{""box"":{""left"":1918,""right"":2395,""top"":2106,""bottom"":3500},""time"":1729913644700},{""box"":{""left"":1918,""right"":2395,""top"":2106,""bottom"":3500},""time"":1729913644762},{""box"":{""left"":1918,""right"":2395,""top"":2106,""bottom"":3500},""time"":1729913644824},{""box"":{""left"":1918,""right"":2395,""top"":2106,""bottom"":3500},""time"":1729913644875},{""box"":{""left"":1918,""right"":2395,""top"":2106,""bottom"":3500},""time"":1729913644937},{""box"":{""left"":1918,""right"":2395,""top"":2106,""bottom"":3500},""time"":1729913644987},{""box"":{""left"":1918,""right"":2395,""top"":2106,""bottom"":3500},""time"":1729913645049},{""box"":{""left"":1918,""right"":2395,""top"":2106,""bottom"":3500},""time"":1729913645110},{""box"":{""left"":1918,""right"":2395,""top"":2106,""bottom"":3500},""time"":1729913645162},{""box"":{""left"":1918,""right"":2395,""top"":2106,""bottom"":3500},""time"":1729913645224},{""box"":{""left"":1918,""right"":2395,""top"":2106,""bottom"":3500},""time"":1729913645275},{""box"":{""left"":1918,""right"":2395,""top"":2106,""bottom"":3500},""time"":1729913645337},{""box"":{""left"":1918,""right"":2395,""top"":2106,""bottom"":3500},""time"":1729913645398},{""box"":{""left"":1918,""right"":2395,""top"":2106,""bottom"":3500},""time"":1729913645449},{""box"":{""left"":1918,""right"":2395,""top"":2106,""bottom"":3500},""time"":1729913645509},{""box"":{""left"":1918,""right"":2395,""top"":2106,""bottom"":3500},""time"":1729913645561},{""box"":{""left"":1918,""right"":2395,""top"":2106,""bottom"":3500},""time"":1729913645621},{""box"":{""left"":1918,""right"":2395,""top"":2106,""bottom"":3500},""time"":1729913645685},{""box"":{""left"":1918,""right"":2395,""top"":2106,""bottom"":3500},""time"":1729913645735},{""box"":{""left"":1918,""right"":2395,""top"":2106,""bottom"":3500},""time"":1729913645786},{""box"":{""left"":1918,""right"":2395,""top"":2106,""bottom"":3500},""time"":1729913645847},{""box"":{""left"":1918,""right"":2395,""top"":2106,""bottom"":3500},""time"":1729913645898},{""box"":{""left"":1918,""right"":2395,""top"":2106,""bottom"":3500},""time"":1729913645959},{""box"":{""left"":1918,""right"":2395,""top"":2106,""bottom"":3500},""time"":1729913646011},{""box"":{""left"":1918,""right"":2395,""top"":2106,""bottom"":3500},""time"":1729913646072},{""box"":{""left"":1918,""right"":2395,""top"":2106,""bottom"":3500},""time"":1729913646124},{""box"":{""left"":1918,""right"":2395,""top"":2106,""bottom"":3500},""time"":1729913646187},{""box"":{""left"":1918,""right"":2395,""top"":2106,""bottom"":3500},""time"":1729913646237},{""box"":{""left"":1918,""right"":2395,""top"":2106,""bottom"":3500},""time"":1729913646300},{""box"":{""left"":1918,""right"":2395,""top"":2106,""bottom"":3500},""time"":1729913646350},{""box"":{""left"":1918,""right"":2395,""top"":2106,""bottom"":3500},""time"":1729913646412},{""box"":{""left"":1918,""right"":2395,""top"":2106,""bottom"":3500},""time"":1729913646462},{""box"":{""left"":1918,""right"":2395,""top"":2106,""bottom"":3500},""time"":1729913646525},{""box"":{""left"":1918,""right"":2395,""top"":2106,""bottom"":3500},""time"":1729913646586},{""box"":{""left"":1918,""right"":2395,""top"":2106,""bottom"":3500},""time"":1729913646638},{""box"":{""left"":1918,""right"":2395,""top"":2106,""bottom"":3500},""time"":1729913646700},{""box"":{""left"":1918,""right"":2395,""top"":2106,""bottom"":3500},""time"":1729913646760},{""box"":{""left"":1918,""right"":2395,""top"":2106,""bottom"":3500},""time"":1729913646814},{""box"":{""left"":1918,""right"":2395,""top"":2106,""bottom"":3500},""time"":1729913646874},{""box"":{""left"":1918,""right"":2395,""top"":2106,""bottom"":3500},""time"":1729913646925},{""box"":{""left"":1918,""right"":2395,""top"":2106,""bottom"":3500},""time"":1729913646987},{""box"":{""left"":1918,""right"":2395,""top"":2106,""bottom"":3500},""time"":1729913647040},{""box"":{""left"":1918,""right"":2395,""top"":2106,""bottom"":3500},""time"":1729913647102},{""box"":{""left"":1918,""right"":2395,""top"":2106,""bottom"":3500},""time"":1729913647152},{""box"":{""left"":1918,""right"":2395,""top"":2106,""bottom"":3500},""time"":1729913647221},{""box"":{""left"":1918,""right"":2395,""top"":2106,""bottom"":3500},""time"":1729913647298},{""box"":{""left"":1918,""right"":2395,""top"":2106,""bottom"":3500},""time"":1729913647349},{""box"":{""left"":1918,""right"":2395,""top"":2106,""bottom"":3500},""time"":1729913647399},{""box"":{""left"":1918,""right"":2395,""top"":2106,""bottom"":3500},""time"":1729913647450},{""box"":{""left"":1918,""right"":2395,""top"":2106,""bottom"":3500},""time"":1729913647500},{""box"":{""left"":1918,""right"":2395,""top"":2106,""bottom"":3500},""time"":1729913647553},{""box"":{""left"":1918,""right"":2395,""top"":2106,""bottom"":3500},""time"":1729913647605},{""box"":{""left"":1918,""right"":2395,""top"":2106,""bottom"":3500},""time"":1729913647667},{""box"":{""left"":1918,""right"":2395,""top"":2106,""bottom"":3500},""time"":1729913647728},{""box"":{""left"":1918,""right"":2395,""top"":2106,""bottom"":3500},""time"":1729913647789},{""box"":{""left"":1918,""right"":2395,""top"":2106,""bottom"":3500},""time"":1729913647841},{""box"":{""left"":1918,""right"":2395,""top"":2106,""bottom"":3500},""time"":1729913647903},{""box"":{""left"":1918,""right"":2395,""top"":2106,""bottom"":3500},""time"":1729913647955},{""box"":{""left"":1918,""right"":2395,""top"":2106,""bottom"":3500},""time"":1729913648016},{""box"":{""left"":1918,""right"":2395,""top"":2106,""bottom"":3500},""time"":1729913648077},{""box"":{""left"":1918,""right"":2395,""top"":2106,""bottom"":3500},""time"":1729913648148},{""box"":{""left"":1918,""right"":2395,""top"":2106,""bottom"":3500},""time"":1729913648159},{""box"":{""left"":1918,""right"":2395,""top"":2106,""bottom"":3500},""time"":1729913648212},{""box"":{""left"":1918,""right"":2395,""top"":2106,""bottom"":3500},""time"":1729913648228},{""box"":{""left"":1918,""right"":2395,""top"":2106,""bottom"":3500},""time"":1729913648273},{""box"":{""left"":1918,""right"":2395,""top"":2106,""bottom"":3500},""time"":1729913648284},{""box"":{""left"":1918,""right"":2395,""top"":2106,""bottom"":3500},""time"":1729913648334},{""box"":{""left"":1918,""right"":2395,""top"":2106,""bottom"":3500},""time"":1729913648345},{""box"":{""left"":1918,""right"":2395,""top"":2106,""bottom"":3500},""time"":1729913648396},{""box"":{""left"":1918,""right"":2395,""top"":2106,""bottom"":3500},""time"":1729913648416},{""box"":{""left"":1918,""right"":2395,""top"":2106,""bottom"":3500},""time"":1729913648470},{""box"":{""left"":1918,""right"":2395,""top"":2106,""bottom"":3500},""time"":1729913648480},{""box"":{""left"":1918,""right"":2395,""top"":2106,""bottom"":3500},""time"":1729913648527},{""box"":{""left"":1918,""right"":2395,""top"":2106,""bottom"":3500},""time"":1729913648537},{""box"":{""left"":1918,""right"":2395,""top"":2106,""bottom"":3500},""time"":1729913648585},{""box"":{""left"":1918,""right"":2395,""top"":2106,""bottom"":3500},""time"":1729913648641},{""box"":{""left"":1918,""right"":2395,""top"":2106,""bottom"":3500},""time"":1729913648652},{""box"":{""left"":1918,""right"":2395,""top"":2106,""bottom"":3500},""time"":1729913648707},{""box"":{""left"":1918,""right"":2395,""top"":2106,""bottom"":3500},""time"":1729913648718},{""box"":{""left"":1918,""right"":2395,""top"":2106,""bottom"":3500},""time"":1729913648768},{""box"":{""left"":1918,""right"":2395,""top"":2106,""bottom"":3500},""time"":1729913648778},{""box"":{""left"":1918,""right"":2395,""top"":2106,""bottom"":3500},""time"":1729913648829},{""box"":{""left"":1918,""right"":2395,""top"":2106,""bottom"":3500},""time"":1729913648845},{""box"":{""left"":1918,""right"":2395,""top"":2106,""bottom"":3500},""time"":1729913648912},{""box"":{""left"":1918,""right"":2395,""top"":2106,""bottom"":3500},""time"":1729913648923},{""box"":{""left"":1918,""right"":2395,""top"":2106,""bottom"":3500},""time"":1729913648971},{""box"":{""left"":1918,""right"":2395,""top"":2106,""bottom"":3500},""time"":1729913648981},{""box"":{""left"":1918,""right"":2395,""top"":2106,""bottom"":3500},""time"":1729913649025},{""box"":{""left"":1918,""right"":2395,""top"":2106,""bottom"":3500},""time"":1729913649036},{""box"":{""left"":1918,""right"":2395,""top"":2106,""bottom"":3500},""time"":1729913649084},{""box"":{""left"":1918,""right"":2395,""top"":2106,""bottom"":3500},""time"":1729913649094},{""box"":{""left"":1918,""right"":2395,""top"":2106,""bottom"":3500},""time"":1729913649142},{""box"":{""left"":1918,""right"":2395,""top"":2106,""bottom"":3500},""time"":1729913649153},{""box"":{""left"":1918,""right"":2395,""top"":2106,""bottom"":3500},""time"":1729913649207},{""box"":{""left"":1918,""right"":2395,""top"":2106,""bottom"":3500},""time"":1729913649217},{""box"":{""left"":1918,""right"":2395,""top"":2106,""bottom"":3500},""time"":1729913649269},{""box"":{""left"":1918,""right"":2395,""top"":2106,""bottom"":3500},""time"":1729913649280},{""box"":{""left"":1918,""right"":2395,""top"":2106,""bottom"":3500},""time"":1729913649332},{""box"":{""left"":1918,""right"":2395,""top"":2106,""bottom"":3500},""time"":1729913649342},{""box"":{""left"":1918,""right"":2395,""top"":2106,""bottom"":3500},""time"":1729913649398},{""box"":{""left"":1918,""right"":2395,""top"":2106,""bottom"":3500},""time"":1729913649408},{""box"":{""left"":1918,""right"":2395,""top"":2106,""bottom"":3500},""time"":1729913649461},{""box"":{""left"":1918,""right"":2395,""top"":2106,""bottom"":3500},""time"":1729913649471},{""box"":{""left"":1918,""right"":2395,""top"":2106,""bottom"":3500},""time"":1729913649533},{""box"":{""left"":1918,""right"":2395,""top"":2106,""bottom"":3500},""time"":1729913649543},{""box"":{""left"":1918,""right"":2395,""top"":2106,""bottom"":3500},""time"":1729913649619},{""box"":{""left"":1918,""right"":2395,""top"":2106,""bottom"":3500},""time"":1729913649630},{""box"":{""left"":1918,""right"":2395,""top"":2106,""bottom"":3500},""time"":1729913649711},{""box"":{""left"":1918,""right"":2395,""top"":2106,""bottom"":3500},""time"":1729913649722},{""box"":{""left"":1918,""right"":2395,""top"":2106,""bottom"":3500},""time"":1729913649804},{""box"":{""left"":1918,""right"":2395,""top"":2106,""bottom"":3500},""time"":1729913649814},{""box"":{""left"":1918,""right"":2395,""top"":2106,""bottom"":3500},""time"":1729913649896},{""box"":{""left"":1918,""right"":2395,""top"":2106,""bottom"":3500},""time"":1729913649907},{""box"":{""left"":1918,""right"":2395,""top"":2106,""bottom"":3500},""time"":1729913649988},{""box"":{""left"":1918,""right"":2395,""top"":2106,""bottom"":3500},""time"":1729913649999},{""box"":{""left"":1918,""right"":2395,""top"":2106,""bottom"":3500},""time"":1729913650052},{""box"":{""left"":1918,""right"":2395,""top"":2106,""bottom"":3500},""time"":1729913650108},{""box"":{""left"":1918,""right"":2395,""top"":2106,""bottom"":3500},""time"":1729913650118},{""box"":{""left"":1918,""right"":2395,""top"":2106,""bottom"":3500},""time"":1729913650166},{""box"":{""left"":1918,""right"":2395,""top"":2106,""bottom"":3500},""time"":1729913650222},{""box"":{""left"":1918,""right"":2395,""top"":2106,""bottom"":3500},""time"":1729913650233},{""box"":{""left"":1918,""right"":2395,""top"":2106,""bottom"":3500},""time"":1729913650304},{""box"":{""left"":1918,""right"":2395,""top"":2106,""bottom"":3500},""time"":1729913650314},{""box"":{""left"":1918,""right"":2395,""top"":2106,""bottom"":3500},""time"":1729913650359},{""box"":{""left"":1918,""right"":2395,""top"":2106,""bottom"":3500},""time"":1729913650370},{""box"":{""left"":1918,""right"":2395,""top"":2106,""bottom"":3500},""time"":1729913650419},{""box"":{""left"":1918,""right"":2395,""top"":2106,""bottom"":3500},""time"":1729913650429},{""box"":{""left"":1918,""right"":2395,""top"":2106,""bottom"":3500},""time"":1729913650501},{""box"":{""left"":1918,""right"":2395,""top"":2106,""bottom"":3500},""time"":1729913650511},{""box"":{""left"":1918,""right"":2395,""top"":2106,""bottom"":3500},""time"":1729913650583},{""box"":{""left"":1918,""right"":2395,""top"":2106,""bottom"":3500},""time"":1729913650593},{""box"":{""left"":1918,""right"":2395,""top"":2106,""bottom"":3500},""time"":1729913650604},{""box"":{""left"":1918,""right"":2395,""top"":2106,""bottom"":3500},""time"":1729913650675},{""box"":{""left"":1918,""right"":2395,""top"":2106,""bottom"":3500},""time"":1729913650686},{""box"":{""left"":1918,""right"":2395,""top"":2106,""bottom"":3500},""time"":1729913650768},{""box"":{""left"":1918,""right"":2395,""top"":2106,""bottom"":3500},""time"":1729913650778},{""box"":{""left"":1918,""right"":2395,""top"":2106,""bottom"":3500},""time"":1729913650860},{""box"":{""left"":1918,""right"":2395,""top"":2106,""bottom"":3500},""time"":1729913650913},{""box"":{""left"":1918,""right"":2395,""top"":2106,""bottom"":3500},""time"":1729913650924},{""box"":{""left"":1918,""right"":2395,""top"":2106,""bottom"":3500},""time"":1729913650995},{""box"":{""left"":1918,""right"":2395,""top"":2106,""bottom"":3500},""time"":1729913651026},{""box"":{""left"":1918,""right"":2395,""top"":2106,""bottom"":3500},""time"":1729913651084},{""box"":{""left"":1918,""right"":2395,""top"":2106,""bottom"":3500},""time"":1729913651141},{""box"":{""left"":1918,""right"":2395,""top"":2106,""bottom"":3500},""time"":1729913651162},{""box"":{""left"":1918,""right"":2395,""top"":2106,""bottom"":3500},""time"":1729913651223},{""box"":{""left"":1918,""right"":2395,""top"":2106,""bottom"":3500},""time"":1729913651246},{""box"":{""left"":1918,""right"":2395,""top"":2106,""bottom"":3500},""time"":1729913651267},{""box"":{""left"":1918,""right"":2395,""top"":2106,""bottom"":3500},""time"":1729913651329},{""box"":{""left"":1918,""right"":2395,""top"":2106,""bottom"":3500},""time"":1729913651358},{""box"":{""left"":1918,""right"":2395,""top"":2106,""bottom"":3500},""time"":1729913651379},{""box"":{""left"":1918,""right"":2395,""top"":2106,""bottom"":3500},""time"":1729913651451},{""box"":{""left"":1918,""right"":2395,""top"":2106,""bottom"":3500},""time"":1729913651472},{""box"":{""left"":1918,""right"":2395,""top"":2106,""bottom"":3500},""time"":1729913651543},{""box"":{""left"":1918,""right"":2395,""top"":2106,""bottom"":3500},""time"":1729913651565},{""box"":{""left"":1918,""right"":2395,""top"":2106,""bottom"":3500},""time"":1729913651627},{""box"":{""left"":1918,""right"":2395,""top"":2106,""bottom"":3500},""time"":1729913651699},{""box"":{""left"":1918,""right"":2395,""top"":2106,""bottom"":3500},""time"":1729913651713},{""box"":{""left"":1918,""right"":2395,""top"":2106,""bottom"":3500},""time"":1729913651790},{""box"":{""left"":1918,""right"":2395,""top"":2106,""bottom"":3500},""time"":1729913651804},{""box"":{""left"":1918,""right"":2395,""top"":2106,""bottom"":3500},""time"":1729913651891},{""box"":{""left"":1918,""right"":2395,""top"":2106,""bottom"":3500},""time"":1729913651902},{""box"":{""left"":1918,""right"":2395,""top"":2106,""bottom"":3500},""time"":1729913651969},{""box"":{""left"":1918,""right"":2395,""top"":2106,""bottom"":3500},""time"":1729913651999},{""box"":{""left"":1918,""right"":2395,""top"":2106,""bottom"":3500},""time"":1729913652040},{""box"":{""left"":1918,""right"":2395,""top"":2106,""bottom"":3500},""time"":1729913652081},{""box"":{""left"":1918,""right"":2395,""top"":2106,""bottom"":3500},""time"":1729913652092},{""box"":{""left"":1918,""right"":2395,""top"":2106,""bottom"":3500},""time"":1729913652156},{""box"":{""left"":1918,""right"":2395,""top"":2106,""bottom"":3500},""time"":1729913652168},{""box"":{""left"":1918,""right"":2395,""top"":2106,""bottom"":3500},""time"":1729913652251},{""box"":{""left"":1918,""right"":2395,""top"":2106,""bottom"":3500},""time"":1729913652283},{""box"":{""left"":1918,""right"":2395,""top"":2106,""bottom"":3500},""time"":1729913652349},{""box"":{""left"":1918,""right"":2395,""top"":2106,""bottom"":3500},""time"":1729913652400},{""box"":{""left"":1918,""right"":2395,""top"":2106,""bottom"":3500},""time"":1729913652421},{""box"":{""left"":1918,""right"":2395,""top"":2106,""bottom"":3500},""time"":1729913652504},{""box"":{""left"":1918,""right"":2395,""top"":2106,""bottom"":3500},""time"":1729913652534},{""box"":{""left"":1918,""right"":2395,""top"":2106,""bottom"":3500},""time"":1729913652566},{""box"":{""left"":1918,""right"":2395,""top"":2106,""bottom"":3500},""time"":1729913652588},{""box"":{""left"":1918,""right"":2395,""top"":2106,""bottom"":3500},""time"":1729913652665},{""box"":{""left"":1918,""right"":2395,""top"":2106,""bottom"":3500},""time"":1729913652696},{""box"":{""left"":1918,""right"":2395,""top"":2106,""bottom"":3500},""time"":1729913652717},{""box"":{""left"":1918,""right"":2395,""top"":2106,""bottom"":3500},""time"":1729913652800},{""box"":{""left"":1918,""right"":2395,""top"":2106,""bottom"":3500},""time"":1729913652829},{""box"":{""left"":1918,""right"":2395,""top"":2106,""bottom"":3500},""time"":1729913652850},{""box"":{""left"":1918,""right"":2395,""top"":2106,""bottom"":3500},""time"":1729913652933},{""box"":{""left"":1918,""right"":2395,""top"":2106,""bottom"":3500},""time"":1729913652974},{""box"":{""left"":1918,""right"":2395,""top"":2106,""bottom"":3500},""time"":1729913652995},{""box"":{""left"":1918,""right"":2395,""top"":2106,""bottom"":3500},""time"":1729913653067},{""box"":{""left"":1918,""right"":2395,""top"":2106,""bottom"":3500},""time"":1729913653078},{""box"":{""left"":1918,""right"":2395,""top"":2106,""bottom"":3500},""time"":1729913653161},{""box"":{""left"":1918,""right"":2395,""top"":2106,""bottom"":3500},""time"":1729913653171},{""box"":{""left"":1918,""right"":2395,""top"":2106,""bottom"":3500},""time"":1729913653238},{""box"":{""left"":1918,""right"":2395,""top"":2106,""bottom"":3500},""time"":1729913653260},{""box"":{""left"":1918,""right"":2395,""top"":2106,""bottom"":3500},""time"":1729913653317},{""box"":{""left"":1918,""right"":2395,""top"":2106,""bottom"":3500},""time"":1729913653339},{""box"":{""left"":1918,""right"":2395,""top"":2106,""bottom"":3500},""time"":1729913653421},{""box"":{""left"":1918,""right"":2395,""top"":2106,""bottom"":3500},""time"":1729913653443},{""box"":{""left"":1918,""right"":2395,""top"":2106,""bottom"":3500},""time"":1729913653526},{""box"":{""left"":1918,""right"":2395,""top"":2106,""bottom"":3500},""time"":1729913653557},{""box"":{""left"":1918,""right"":2395,""top"":2106,""bottom"":3500},""time"":1729913653621},{""box"":{""left"":1918,""right"":2395,""top"":2106,""bottom"":3500},""time"":1729913653642},{""box"":{""left"":1918,""right"":2395,""top"":2106,""bottom"":3500},""time"":1729913653725},{""box"":{""left"":1918,""right"":2395,""top"":2106,""bottom"":3500},""time"":1729913653757},{""box"":{""left"":1918,""right"":2395,""top"":2106,""bottom"":3500},""time"":1729913653819},{""box"":{""left"":1918,""right"":2395,""top"":2106,""bottom"":3500},""time"":1729913653829},{""box"":{""left"":1918,""right"":2395,""top"":2106,""bottom"":3500},""time"":1729913653867},{""box"":{""left"":1918,""right"":2395,""top"":2106,""bottom"":3500},""time"":1729913653888},{""box"":{""left"":1918,""right"":2395,""top"":2106,""bottom"":3500},""time"":1729913653971},{""box"":{""left"":1918,""right"":2395,""top"":2106,""bottom"":3500},""time"":1729913654022},{""box"":{""left"":1918,""right"":2395,""top"":2106,""bottom"":3500},""time"":1729913654095},{""box"":{""left"":1918,""right"":2395,""top"":2106,""bottom"":3500},""time"":1729913654116},{""box"":{""left"":1918,""right"":2395,""top"":2106,""bottom"":3500},""time"":1729913654172},{""box"":{""left"":1918,""right"":2395,""top"":2106,""bottom"":3500},""time"":1729913654194},{""box"":{""left"":1918,""right"":2395,""top"":2106,""bottom"":3500},""time"":1729913654277},{""box"":{""left"":1918,""right"":2395,""top"":2106,""bottom"":3500},""time"":1729913654338},{""box"":{""left"":1918,""right"":2395,""top"":2106,""bottom"":3500},""time"":1729913654421},{""box"":{""left"":1918,""right"":2395,""top"":2106,""bottom"":3500},""time"":1729913654504},{""box"":{""left"":1918,""right"":2395,""top"":2106,""bottom"":3500},""time"":1729913654576},{""box"":{""left"":1918,""right"":2395,""top"":2106,""bottom"":3500},""time"":1729913654614},{""box"":{""left"":1918,""right"":2395,""top"":2106,""bottom"":3500},""time"":1729913654651},{""box"":{""left"":1918,""right"":2395,""top"":2106,""bottom"":3500},""time"":1729913654682},{""box"":{""left"":1918,""right"":2395,""top"":2106,""bottom"":3500},""time"":1729913654703},{""box"":{""left"":1918,""right"":2395,""top"":2106,""bottom"":3500},""time"":1729913654732},{""box"":{""left"":1918,""right"":2395,""top"":2106,""bottom"":3500},""time"":1729913654753},{""box"":{""left"":1918,""right"":2395,""top"":2106,""bottom"":3500},""time"":1729913654783},{""box"":{""left"":1918,""right"":2395,""top"":2106,""bottom"":3500},""time"":1729913654794},{""box"":{""left"":1918,""right"":2395,""top"":2106,""bottom"":3500},""time"":1729913654805},{""box"":{""left"":1918,""right"":2395,""top"":2106,""bottom"":3500},""time"":1729913654858},{""box"":{""left"":1918,""right"":2395,""top"":2106,""bottom"":3500},""time"":1729913654868},{""box"":{""left"":1918,""right"":2395,""top"":2106,""bottom"":3500},""time"":1729913654923},{""box"":{""left"":1918,""right"":2395,""top"":2106,""bottom"":3500},""time"":1729913654933},{""box"":{""left"":1918,""right"":2395,""top"":2106,""bottom"":3500},""time"":1729913654987},{""box"":{""left"":1918,""right"":2395,""top"":2106,""bottom"":3500},""time"":1729913655008},{""box"":{""left"":1918,""right"":2395,""top"":2106,""bottom"":3500},""time"":1729913655060},{""box"":{""left"":1918,""right"":2395,""top"":2106,""bottom"":3500},""time"":1729913655071},{""box"":{""left"":1918,""right"":2395,""top"":2106,""bottom"":3500},""time"":1729913655099},{""box"":{""left"":1918,""right"":2395,""top"":2106,""bottom"":3500},""time"":1729913655109},{""box"":{""left"":1918,""right"":2395,""top"":2106,""bottom"":3500},""time"":1729913655162},{""box"":{""left"":1918,""right"":2395,""top"":2106,""bottom"":3500},""time"":1729913655184},{""box"":{""left"":1918,""right"":2395,""top"":2106,""bottom"":3500},""time"":1729913655246},{""box"":{""left"":1918,""right"":2395,""top"":2106,""bottom"":3500},""time"":1729913655257},{""box"":{""left"":1918,""right"":2395,""top"":2106,""bottom"":3500},""time"":1729913655310},{""box"":{""left"":1918,""right"":2395,""top"":2106,""bottom"":3500},""time"":1729913655320},{""box"":{""left"":1918,""right"":2395,""top"":2106,""bottom"":3500},""time"":1729913655347},{""box"":{""left"":1918,""right"":2395,""top"":2106,""bottom"":3500},""time"":1729913655358},{""box"":{""left"":1918,""right"":2395,""top"":2106,""bottom"":3500},""time"":1729913655411},{""box"":{""left"":1918,""right"":2395,""top"":2106,""bottom"":3500},""time"":1729913655422},{""box"":{""left"":1918,""right"":2395,""top"":2106,""bottom"":3500},""time"":1729913655474},{""box"":{""left"":1918,""right"":2395,""top"":2106,""bottom"":3500},""time"":1729913655485},{""box"":{""left"":1918,""right"":2395,""top"":2106,""bottom"":3500},""time"":1729913655538},{""box"":{""left"":1918,""right"":2395,""top"":2106,""bottom"":3500},""time"":1729913655562},{""box"":{""left"":1918,""right"":2395,""top"":2106,""bottom"":3500},""time"":1729913655584},{""box"":{""left"":1918,""right"":2395,""top"":2106,""bottom"":3500},""time"":1729913655635},{""box"":{""left"":1918,""right"":2395,""top"":2106,""bottom"":3500},""time"":1729913655646},{""box"":{""left"":1918,""right"":2395,""top"":2106,""bottom"":3500},""time"":1729913655698},{""box"":{""left"":1918,""right"":2395,""top"":2106,""bottom"":3500},""time"":1729913655709},{""box"":{""left"":1918,""right"":2395,""top"":2106,""bottom"":3500},""time"":1729913655761},{""box"":{""left"":1918,""right"":2395,""top"":2106,""bottom"":3500},""time"":1729913655771},{""box"":{""left"":1918,""right"":2395,""top"":2106,""bottom"":3500},""time"":1729913655823},{""box"":{""left"":1918,""right"":2395,""top"":2106,""bottom"":3500},""time"":1729913655845},{""box"":{""left"":1918,""right"":2395,""top"":2106,""bottom"":3500},""time"":1729913655917},{""box"":{""left"":1918,""right"":2395,""top"":2106,""bottom"":3500},""time"":1729913655927},{""box"":{""left"":1918,""right"":2395,""top"":2106,""bottom"":3500},""time"":1729913655981},{""box"":{""left"":1918,""right"":2395,""top"":2106,""bottom"":3500},""time"":1729913655993},{""box"":{""left"":1918,""right"":2395,""top"":2106,""bottom"":3500},""time"":1729913656046},{""box"":{""left"":1918,""right"":2395,""top"":2106,""bottom"":3500},""time"":1729913656068},{""box"":{""left"":1918,""right"":2395,""top"":2106,""bottom"":3500},""time"":1729913656110},{""box"":{""left"":1918,""right"":2395,""top"":2106,""bottom"":3500},""time"":1729913656120},{""box"":{""left"":1918,""right"":2395,""top"":2106,""bottom"":3500},""time"":1729913656172},{""box"":{""left"":1918,""right"":2395,""top"":2106,""bottom"":3500},""time"":1729913656194},{""box"":{""left"":1918,""right"":2395,""top"":2106,""bottom"":3500},""time"":1729913656245},{""box"":{""left"":1918,""right"":2395,""top"":2106,""bottom"":3500},""time"":1729913656256},{""box"":{""left"":1918,""right"":2395,""top"":2106,""bottom"":3500},""time"":1729913656309},{""box"":{""left"":1918,""right"":2395,""top"":2106,""bottom"":3500},""time"":1729913656329},{""box"":{""left"":1918,""right"":2395,""top"":2106,""bottom"":3500},""time"":1729913656352},{""box"":{""left"":1918,""right"":2395,""top"":2106,""bottom"":3500},""time"":1729913656376},{""box"":{""left"":1918,""right"":2395,""top"":2106,""bottom"":3500},""time"":1729913656394},{""box"":{""left"":1918,""right"":2395,""top"":2106,""bottom"":3500},""time"":1729913656424},{""box"":{""left"":1918,""right"":2395,""top"":2106,""bottom"":3500},""time"":1729913656455},{""box"":{""left"":1918,""right"":2395,""top"":2106,""bottom"":3500},""time"":1729913656483},{""box"":{""left"":1918,""right"":2395,""top"":2106,""bottom"":3500},""time"":1729913656503},{""box"":{""left"":1918,""right"":2395,""top"":2106,""bottom"":3500},""time"":1729913656534},{""box"":{""left"":1918,""right"":2395,""top"":2106,""bottom"":3500},""time"":1729913656564},{""box"":{""left"":1918,""right"":2395,""top"":2106,""bottom"":3500},""time"":1729913656594},{""box"":{""left"":1918,""right"":2395,""top"":2106,""bottom"":3500},""time"":1729913656624},{""box"":{""left"":1918,""right"":2395,""top"":2106,""bottom"":3500},""time"":1729913656654},{""box"":{""left"":1918,""right"":2395,""top"":2106,""bottom"":3500},""time"":1729913656673},{""box"":{""left"":1918,""right"":2395,""top"":2106,""bottom"":3500},""time"":1729913656700},{""box"":{""left"":1918,""right"":2395,""top"":2106,""bottom"":3500},""time"":1729913656710},{""box"":{""left"":1918,""right"":2395,""top"":2106,""bottom"":3500},""time"":1729913656763},{""box"":{""left"":1918,""right"":2395,""top"":2106,""bottom"":3500},""time"":1729913656784},{""box"":{""left"":1918,""right"":2395,""top"":2106,""bottom"":3500},""time"":1729913656837},{""box"":{""left"":1918,""right"":2395,""top"":2106,""bottom"":3500},""time"":1729913656867},{""box"":{""left"":1918,""right"":2395,""top"":2106,""bottom"":3500},""time"":1729913656897},{""box"":{""left"":1918,""right"":2395,""top"":2106,""bottom"":3500},""time"":1729913656927},{""box"":{""left"":1918,""right"":2395,""top"":2106,""bottom"":3500},""time"":1729913656958},{""box"":{""left"":1918,""right"":2395,""top"":2106,""bottom"":3500},""time"":1729913656977},{""box"":{""left"":1918,""right"":2395,""top"":2106,""bottom"":3500},""time"":1729913656987},{""box"":{""left"":1918,""right"":2395,""top"":2106,""bottom"":3500},""time"":1729913657039},{""box"":{""left"":1918,""right"":2395,""top"":2106,""bottom"":3500},""time"":1729913657050},{""box"":{""left"":1918,""right"":2395,""top"":2106,""bottom"":3500},""time"":1729913657103},{""box"":{""left"":1918,""right"":2395,""top"":2106,""bottom"":3500},""time"":1729913657113},{""box"":{""left"":1918,""right"":2395,""top"":2106,""bottom"":3500},""time"":1729913657165},{""box"":{""left"":1918,""right"":2395,""top"":2106,""bottom"":3500},""time"":1729913657175},{""box"":{""left"":1918,""right"":2395,""top"":2106,""bottom"":3500},""time"":1729913657227},{""box"":{""left"":1918,""right"":2395,""top"":2106,""bottom"":3500},""time"":1729913657238},{""box"":{""left"":1918,""right"":2395,""top"":2106,""bottom"":3500},""time"":1729913657290},{""box"":{""left"":1918,""right"":2395,""top"":2106,""bottom"":3500},""time"":1729913657309},{""box"":{""left"":1918,""right"":2395,""top"":2106,""bottom"":3500},""time"":1729913657329},{""box"":{""left"":1918,""right"":2395,""top"":2106,""bottom"":3500},""time"":1729913657344},{""box"":{""left"":1918,""right"":2395,""top"":2106,""bottom"":3500},""time"":1729913657363},{""box"":{""left"":1918,""right"":2395,""top"":2106,""bottom"":3500},""time"":1729913657398},{""box"":{""left"":1918,""right"":2395,""top"":2106,""bottom"":3500},""time"":1729913657444},{""box"":{""left"":1918,""right"":2395,""top"":2106,""bottom"":3500},""time"":1729913657463},{""box"":{""left"":1918,""right"":2395,""top"":2106,""bottom"":3500},""time"":1729913657482},{""box"":{""left"":1918,""right"":2395,""top"":2106,""bottom"":3500},""time"":1729913657503},{""box"":{""left"":1918,""right"":2395,""top"":2106,""bottom"":3500},""time"":1729913657521},{""box"":{""left"":1918,""right"":2395,""top"":2106,""bottom"":3500},""time"":1729913657540},{""box"":{""left"":1918,""right"":2395,""top"":2106,""bottom"":3500},""time"":1729913657564},{""box"":{""left"":1918,""right"":2395,""top"":2106,""bottom"":3500},""time"":1729913657588},{""box"":{""left"":1918,""right"":2395,""top"":2106,""bottom"":3500},""time"":1729913657643},{""box"":{""left"":1918,""right"":2395,""top"":2106,""bottom"":3500},""time"":1729913657664},{""box"":{""left"":1918,""right"":2395,""top"":2106,""bottom"":3500},""time"":1729913657721},{""box"":{""left"":1918,""right"":2395,""top"":2106,""bottom"":3500},""time"":1729913657733},{""box"":{""left"":1918,""right"":2395,""top"":2106,""bottom"":3500},""time"":1729913657786},{""box"":{""left"":1918,""right"":2395,""top"":2106,""bottom"":3500},""time"":1729913657796},{""box"":{""left"":1918,""right"":2395,""top"":2106,""bottom"":3500},""time"":1729913657849},{""box"":{""left"":1918,""right"":2395,""top"":2106,""bottom"":3500},""time"":1729913657860},{""box"":{""left"":1918,""right"":2395,""top"":2106,""bottom"":3500},""time"":1729913657912},{""box"":{""left"":1918,""right"":2395,""top"":2106,""bottom"":3500},""time"":1729913657924},{""box"":{""left"":1918,""right"":2395,""top"":2106,""bottom"":3500},""time"":1729913657976},{""box"":{""left"":1918,""right"":2395,""top"":2106,""bottom"":3500},""time"":1729913658028},{""box"":{""left"":1918,""right"":2395,""top"":2106,""bottom"":3500},""time"":1729913658062},{""box"":{""left"":1918,""right"":2395,""top"":2106,""bottom"":3500},""time"":1729913658136},{""box"":{""left"":1918,""right"":2395,""top"":2106,""bottom"":3500},""time"":1729913658199},{""box"":{""left"":1918,""right"":2395,""top"":2106,""bottom"":3500},""time"":1729913658263},{""box"":{""left"":1918,""right"":2395,""top"":2106,""bottom"":3500},""time"":1729913658326},{""box"":{""left"":1918,""right"":2395,""top"":2106,""bottom"":3500},""time"":1729913658399},{""box"":{""left"":1918,""right"":2395,""top"":2106,""bottom"":3500},""time"":1729913658462},{""box"":{""left"":1918,""right"":2395,""top"":2106,""bottom"":3500},""time"":1729913658524},{""box"":{""left"":1918,""right"":2395,""top"":2106,""bottom"":3500},""time"":1729913658588},{""box"":{""left"":1918,""right"":2395,""top"":2106,""bottom"":3500},""time"":1729913658661},{""box"":{""left"":1918,""right"":2395,""top"":2106,""bottom"":3500},""time"":1729913658723},{""box"":{""left"":1918,""right"":2395,""top"":2106,""bottom"":3500},""time"":1729913658787},{""box"":{""left"":1918,""right"":2395,""top"":2106,""bottom"":3500},""time"":1729913658850},{""box"":{""left"":1918,""right"":2395,""top"":2106,""bottom"":3500},""time"":1729913658912},{""box"":{""left"":1918,""right"":2395,""top"":2106,""bottom"":3500},""time"":1729913658965},{""box"":{""left"":1918,""right"":2395,""top"":2106,""bottom"":3500},""time"":1729913659007},{""box"":{""left"":1918,""right"":2395,""top"":2106,""bottom"":3500},""time"":1729913659060},{""box"":{""left"":1918,""right"":2395,""top"":2106,""bottom"":3500},""time"":1729913659113},{""box"":{""left"":1918,""right"":2395,""top"":2106,""bottom"":3500},""time"":1729913659155},{""box"":{""left"":1918,""right"":2395,""top"":2106,""bottom"":3500},""time"":1729913659218},{""box"":{""left"":1918,""right"":2395,""top"":2106,""bottom"":3500},""time"":1729913659286},{""box"":{""left"":1918,""right"":2395,""top"":2106,""bottom"":3500},""time"":1729913659314},{""box"":{""left"":1918,""right"":2395,""top"":2106,""bottom"":3500},""time"":1729913659354},{""box"":{""left"":1918,""right"":2395,""top"":2106,""bottom"":3500},""time"":1729913659419},{""box"":{""left"":1918,""right"":2395,""top"":2106,""bottom"":3500},""time"":1729913659470},{""box"":{""left"":1918,""right"":2395,""top"":2106,""bottom"":3500},""time"":1729913659560},{""box"":{""left"":1918,""right"":2395,""top"":2106,""bottom"":3500},""time"":1729913659650},{""box"":{""left"":1918,""right"":2395,""top"":2106,""bottom"":3500},""time"":1729913659730},{""box"":{""left"":1918,""right"":2395,""top"":2106,""bottom"":3500},""time"":1729913659785},{""box"":{""left"":1918,""right"":2395,""top"":2106,""bottom"":3500},""time"":1729913659835},{""box"":{""left"":1918,""right"":2395,""top"":2106,""bottom"":3500},""time"":1729913659877},{""box"":{""left"":1918,""right"":2395,""top"":2106,""bottom"":3500},""time"":1729913659945},{""box"":{""left"":1918,""right"":2395,""top"":2106,""bottom"":3500},""time"":1729913659976},{""box"":{""left"":1918,""right"":2395,""top"":2106,""bottom"":3500},""time"":1729913660007},{""box"":{""left"":1918,""right"":2395,""top"":2106,""bottom"":3500},""time"":1729913660037},{""box"":{""left"":1918,""right"":2395,""top"":2106,""bottom"":3500},""time"":1729913660063},{""box"":{""left"":1918,""right"":2395,""top"":2106,""bottom"":3500},""time"":1729913660105},{""box"":{""left"":1918,""right"":2395,""top"":2106,""bottom"":3500},""time"":1729913660173},{""box"":{""left"":1918,""right"":2395,""top"":2106,""bottom"":3500},""time"":1729913660199},{""box"":{""left"":1918,""right"":2395,""top"":2106,""bottom"":3500},""time"":1729913660262},{""box"":{""left"":1918,""right"":2395,""top"":2106,""bottom"":3500},""time"":1729913660322},{""box"":{""left"":1918,""right"":2395,""top"":2106,""bottom"":3500},""time"":1729913660386},{""box"":{""left"":1918,""right"":2395,""top"":2106,""bottom"":3500},""time"":1729913660450},{""box"":{""left"":1918,""right"":2395,""top"":2106,""bottom"":3500},""time"":1729913660489},{""box"":{""left"":1918,""right"":2395,""top"":2106,""bottom"":3500},""time"":1729913660540},{""box"":{""left"":1918,""right"":2395,""top"":2106,""bottom"":3500},""time"":1729913660602},{""box"":{""left"":1918,""right"":2395,""top"":2106,""bottom"":3500},""time"":1729913660676},{""box"":{""left"":1918,""right"":2395,""top"":2106,""bottom"":3500},""time"":1729913660740},{""box"":{""left"":1918,""right"":2395,""top"":2106,""bottom"":3500},""time"":1729913660794},{""box"":{""left"":1918,""right"":2395,""top"":2106,""bottom"":3500},""time"":1729913660823},{""box"":{""left"":1918,""right"":2395,""top"":2106,""bottom"":3500},""time"":1729913660884},{""box"":{""left"":1918,""right"":2395,""top"":2106,""bottom"":3500},""time"":1729913661263}",,,,,
56982,Person,2024-10-26 12:33:58,2024-10-26 12:33:59,"{""left"":1850,""right"":2489,""top"":2068,""bottom"":3760},{""box"":{""left"":1850,""right"":2489,""top"":2068,""bottom"":3760},""time"":1729913639157},{""box"":{""left"":1850,""right"":2489,""top"":2068,""bottom"":3760},""time"":1729913639208},{""box"":{""left"":1850,""right"":2489,""top"":2068,""bottom"":3760},""time"":1729913639269},{""box"":{""left"":1850,""right"":2489,""top"":2068,""bottom"":3760},""time"":1729913639329},{""box"":{""left"":1850,""right"":2489,""top"":2068,""bottom"":3760},""time"":1729913639381},{""box"":{""left"":1850,""right"":2489,""top"":2068,""bottom"":3760},""time"":1729913639441},{""box"":{""left"":1850,""right"":2489,""top"":2068,""bottom"":3760},""time"":1729913639493},{""box"":{""left"":1850,""right"":2489,""top"":2068,""bottom"":3760},""time"":1729913639553},{""box"":{""left"":1850,""right"":2489,""top"":2068,""bottom"":3760},""time"":1729913639888}",,,,,
56984,Person,2024-10-26 12:34:00,2024-10-26 12:34:25,"{""left"":1918,""right"":2572,""top"":2156,""bottom"":3885},{""box"":{""left"":1918,""right"":2572,""top"":2156,""bottom"":3885},""time"":1729913641188},{""box"":{""left"":1918,""right"":2572,""top"":2156,""bottom"":3885},""time"":1729913641250},{""box"":{""left"":1918,""right"":2572,""top"":2156,""bottom"":3885},""time"":1729913641310},{""box"":{""left"":1918,""right"":2572,""top"":2156,""bottom"":3885},""time"":1729913641423},{""box"":{""left"":1918,""right"":2572,""top"":2156,""bottom"":3885},""time"":1729913641474},{""box"":{""left"":1918,""right"":2572,""top"":2156,""bottom"":3885},""time"":1729913641535},{""box"":{""left"":1918,""right"":2572,""top"":2156,""bottom"":3885},""time"":1729913641596},{""box"":{""left"":1918,""right"":2572,""top"":2156,""bottom"":3885},""time"":1729913642211},{""box"":{""left"":1918,""right"":2572,""top"":2156,""bottom"":3885},""time"":1729913642444},{""box"":{""left"":1918,""right"":2572,""top"":2156,""bottom"":3885},""time"":1729913642495},{""box"":{""left"":1918,""right"":2572,""top"":2156,""bottom"":3885},""time"":1729913642559},{""box"":{""left"":1918,""right"":2572,""top"":2156,""bottom"":3885},""time"":1729913642608},{""box"":{""left"":1918,""right"":2572,""top"":2156,""bottom"":3885},""time"":1729913642669},{""box"":{""left"":1918,""right"":2572,""top"":2156,""bottom"":3885},""time"":1729913642730},{""box"":{""left"":1918,""right"":2572,""top"":2156,""bottom"":3885},""time"":1729913642784},{""box"":{""left"":1918,""right"":2572,""top"":2156,""bottom"":3885},""time"":1729913642843},{""box"":{""left"":1918,""right"":2572,""top"":2156,""bottom"":3885},""time"":1729913642897},{""box"":{""left"":1918,""right"":2572,""top"":2156,""bottom"":3885},""time"":1729913642956},{""box"":{""left"":1918,""right"":2572,""top"":2156,""bottom"":3885},""time"":1729913643007},{""box"":{""left"":1918,""right"":2572,""top"":2156,""bottom"":3885},""time"":1729913643069},{""box"":{""left"":1918,""right"":2572,""top"":2156,""bottom"":3885},""time"":1729913643129},{""box"":{""left"":1918,""right"":2572,""top"":2156,""bottom"":3885},""time"":1729913643242},{""box"":{""left"":1918,""right"":2572,""top"":2156,""bottom"":3885},""time"":1729913643292},{""box"":{""left"":1918,""right"":2572,""top"":2156,""bottom"":3885},""time"":1729913643353},{""box"":{""left"":1918,""right"":2572,""top"":2156,""bottom"":3885},""time"":1729913643466},{""box"":{""left"":1918,""right"":2572,""top"":2156,""bottom"":3885},""time"":1729913643802},{""box"":{""left"":1918,""right"":2572,""top"":2156,""bottom"":3885},""time"":1729913644150},{""box"":{""left"":1918,""right"":2572,""top"":2156,""bottom"":3885},""time"":1729913644201},{""box"":{""left"":1918,""right"":2572,""top"":2156,""bottom"":3885},""time"":1729913644262},{""box"":{""left"":1918,""right"":2572,""top"":2156,""bottom"":3885},""time"":1729913644323},{""box"":{""left"":1918,""right"":2572,""top"":2156,""bottom"":3885},""time"":1729913644374},{""box"":{""left"":1918,""right"":2572,""top"":2156,""bottom"":3885},""time"":1729913644434},{""box"":{""left"":1918,""right"":2572,""top"":2156,""bottom"":3885},""time"":1729913645172},{""box"":{""left"":1918,""right"":2572,""top"":2156,""bottom"":3885},""time"":1729913645234},{""box"":{""left"":1918,""right"":2572,""top"":2156,""bottom"":3885},""time"":1729913645285},{""box"":{""left"":1918,""right"":2572,""top"":2156,""bottom"":3885},""time"":1729913645347},{""box"":{""left"":1918,""right"":2572,""top"":2156,""bottom"":3885},""time"":1729913645408},{""box"":{""left"":1918,""right"":2572,""top"":2156,""bottom"":3885},""time"":1729913645459},{""box"":{""left"":1918,""right"":2572,""top"":2156,""bottom"":3885},""time"":1729913645695},{""box"":{""left"":1918,""right"":2572,""top"":2156,""bottom"":3885},""time"":1729913645745},{""box"":{""left"":1918,""right"":2572,""top"":2156,""bottom"":3885},""time"":1729913645796},{""box"":{""left"":1918,""right"":2572,""top"":2156,""bottom"":3885},""time"":1729913645857},{""box"":{""left"":1918,""right"":2572,""top"":2156,""bottom"":3885},""time"":1729913645908},{""box"":{""left"":1918,""right"":2572,""top"":2156,""bottom"":3885},""time"":1729913645969},{""box"":{""left"":1918,""right"":2572,""top"":2156,""bottom"":3885},""time"":1729913646021},{""box"":{""left"":1918,""right"":2572,""top"":2156,""bottom"":3885},""time"":1729913646082},{""box"":{""left"":1918,""right"":2572,""top"":2156,""bottom"":3885},""time"":1729913646134},{""box"":{""left"":1918,""right"":2572,""top"":2156,""bottom"":3885},""time"":1729913646197},{""box"":{""left"":1918,""right"":2572,""top"":2156,""bottom"":3885},""time"":1729913646247},{""box"":{""left"":1918,""right"":2572,""top"":2156,""bottom"":3885},""time"":1729913646310},{""box"":{""left"":1918,""right"":2572,""top"":2156,""bottom"":3885},""time"":1729913646360},{""box"":{""left"":1918,""right"":2572,""top"":2156,""bottom"":3885},""time"":1729913646422},{""box"":{""left"":1918,""right"":2572,""top"":2156,""bottom"":3885},""time"":1729913646472},{""box"":{""left"":1918,""right"":2572,""top"":2156,""bottom"":3885},""time"":1729913646535},{""box"":{""left"":1918,""right"":2572,""top"":2156,""bottom"":3885},""time"":1729913646596},{""box"":{""left"":1918,""right"":2572,""top"":2156,""bottom"":3885},""time"":1729913646648},{""box"":{""left"":1918,""right"":2572,""top"":2156,""bottom"":3885},""time"":1729913646710},{""box"":{""left"":1918,""right"":2572,""top"":2156,""bottom"":3885},""time"":1729913646770},{""box"":{""left"":1918,""right"":2572,""top"":2156,""bottom"":3885},""time"":1729913646825},{""box"":{""left"":1918,""right"":2572,""top"":2156,""bottom"":3885},""time"":1729913646884},{""box"":{""left"":1918,""right"":2572,""top"":2156,""bottom"":3885},""time"":1729913646935},{""box"":{""left"":1918,""right"":2572,""top"":2156,""bottom"":3885},""time"":1729913646997},{""box"":{""left"":1918,""right"":2572,""top"":2156,""bottom"":3885},""time"":1729913647050},{""box"":{""left"":1918,""right"":2572,""top"":2156,""bottom"":3885},""time"":1729913647112},{""box"":{""left"":1918,""right"":2572,""top"":2156,""bottom"":3885},""time"":1729913647163},{""box"":{""left"":1918,""right"":2572,""top"":2156,""bottom"":3885},""time"":1729913647237},{""box"":{""left"":1918,""right"":2572,""top"":2156,""bottom"":3885},""time"":1729913647308},{""box"":{""left"":1918,""right"":2572,""top"":2156,""bottom"":3885},""time"":1729913647359},{""box"":{""left"":1918,""right"":2572,""top"":2156,""bottom"":3885},""time"":1729913647409},{""box"":{""left"":1918,""right"":2572,""top"":2156,""bottom"":3885},""time"":1729913647460},{""box"":{""left"":1918,""right"":2572,""top"":2156,""bottom"":3885},""time"":1729913647510},{""box"":{""left"":1918,""right"":2572,""top"":2156,""bottom"":3885},""time"":1729913647563},{""box"":{""left"":1918,""right"":2572,""top"":2156,""bottom"":3885},""time"":1729913647616},{""box"":{""left"":1918,""right"":2572,""top"":2156,""bottom"":3885},""time"":1729913647677},{""box"":{""left"":1918,""right"":2572,""top"":2156,""bottom"":3885},""time"":1729913647738},{""box"":{""left"":1918,""right"":2572,""top"":2156,""bottom"":3885},""time"":1729913647799},{""box"":{""left"":1918,""right"":2572,""top"":2156,""bottom"":3885},""time"":1729913647851},{""box"":{""left"":1918,""right"":2572,""top"":2156,""bottom"":3885},""time"":1729913647913},{""box"":{""left"":1918,""right"":2572,""top"":2156,""bottom"":3885},""time"":1729913647965},{""box"":{""left"":1918,""right"":2572,""top"":2156,""bottom"":3885},""time"":1729913648026},{""box"":{""left"":1918,""right"":2572,""top"":2156,""bottom"":3885},""time"":1729913648087},{""box"":{""left"":1918,""right"":2572,""top"":2156,""bottom"":3885},""time"":1729913648169},{""box"":{""left"":1918,""right"":2572,""top"":2156,""bottom"":3885},""time"":1729913648238},{""box"":{""left"":1918,""right"":2572,""top"":2156,""bottom"":3885},""time"":1729913648294},{""box"":{""left"":1918,""right"":2572,""top"":2156,""bottom"":3885},""time"":1729913648355},{""box"":{""left"":1918,""right"":2572,""top"":2156,""bottom"":3885},""time"":1729913648427},{""box"":{""left"":1918,""right"":2572,""top"":2156,""bottom"":3885},""time"":1729913648490},{""box"":{""left"":1918,""right"":2572,""top"":2156,""bottom"":3885},""time"":1729913648547},{""box"":{""left"":1918,""right"":2572,""top"":2156,""bottom"":3885},""time"":1729913648662},{""box"":{""left"":1918,""right"":2572,""top"":2156,""bottom"":3885},""time"":1729913648727},{""box"":{""left"":1918,""right"":2572,""top"":2156,""bottom"":3885},""time"":1729913648789},{""box"":{""left"":1918,""right"":2572,""top"":2156,""bottom"":3885},""time"":1729913648855},{""box"":{""left"":1918,""right"":2572,""top"":2156,""bottom"":3885},""time"":1729913648933},{""box"":{""left"":1918,""right"":2572,""top"":2156,""bottom"":3885},""time"":1729913648992},{""box"":{""left"":1918,""right"":2572,""top"":2156,""bottom"":3885},""time"":1729913649046},{""box"":{""left"":1918,""right"":2572,""top"":2156,""bottom"":3885},""time"":1729913649104},{""box"":{""left"":1918,""right"":2572,""top"":2156,""bottom"":3885},""time"":1729913649163},{""box"":{""left"":1918,""right"":2572,""top"":2156,""bottom"":3885},""time"":1729913649227},{""box"":{""left"":1918,""right"":2572,""top"":2156,""bottom"":3885},""time"":1729913649290},{""box"":{""left"":1918,""right"":2572,""top"":2156,""bottom"":3885},""time"":1729913649353},{""box"":{""left"":1918,""right"":2572,""top"":2156,""bottom"":3885},""time"":1729913649419},{""box"":{""left"":1918,""right"":2572,""top"":2156,""bottom"":3885},""time"":1729913649554},{""box"":{""left"":1918,""right"":2572,""top"":2156,""bottom"":3885},""time"":1729913649640},{""box"":{""left"":1918,""right"":2572,""top"":2156,""bottom"":3885},""time"":1729913649732},{""box"":{""left"":1918,""right"":2572,""top"":2156,""bottom"":3885},""time"":1729913649824},{""box"":{""left"":1918,""right"":2572,""top"":2156,""bottom"":3885},""time"":1729913649917},{""box"":{""left"":1918,""right"":2572,""top"":2156,""bottom"":3885},""time"":1729913650009},{""box"":{""left"":1918,""right"":2572,""top"":2156,""bottom"":3885},""time"":1729913650062},{""box"":{""left"":1918,""right"":2572,""top"":2156,""bottom"":3885},""time"":1729913650129},{""box"":{""left"":1918,""right"":2572,""top"":2156,""bottom"":3885},""time"":1729913650177},{""box"":{""left"":1918,""right"":2572,""top"":2156,""bottom"":3885},""time"":1729913650243},{""box"":{""left"":1918,""right"":2572,""top"":2156,""bottom"":3885},""time"":1729913650325},{""box"":{""left"":1918,""right"":2572,""top"":2156,""bottom"":3885},""time"":1729913650380},{""box"":{""left"":1918,""right"":2572,""top"":2156,""bottom"":3885},""time"":1729913650440},{""box"":{""left"":1918,""right"":2572,""top"":2156,""bottom"":3885},""time"":1729913650522},{""box"":{""left"":1918,""right"":2572,""top"":2156,""bottom"":3885},""time"":1729913650614},{""box"":{""left"":1918,""right"":2572,""top"":2156,""bottom"":3885},""time"":1729913650696},{""box"":{""left"":1918,""right"":2572,""top"":2156,""bottom"":3885},""time"":1729913650789},{""box"":{""left"":1918,""right"":2572,""top"":2156,""bottom"":3885},""time"":1729913650870},{""box"":{""left"":1918,""right"":2572,""top"":2156,""bottom"":3885},""time"":1729913650934},{""box"":{""left"":1918,""right"":2572,""top"":2156,""bottom"":3885},""time"":1729913651005},{""box"":{""left"":1918,""right"":2572,""top"":2156,""bottom"":3885},""time"":1729913651037},{""box"":{""left"":1918,""right"":2572,""top"":2156,""bottom"":3885},""time"":1729913651094},{""box"":{""left"":1918,""right"":2572,""top"":2156,""bottom"":3885},""time"":1729913651172},{""box"":{""left"":1918,""right"":2572,""top"":2156,""bottom"":3885},""time"":1729913651278},{""box"":{""left"":1918,""right"":2572,""top"":2156,""bottom"":3885},""time"":1729913651389},{""box"":{""left"":1918,""right"":2572,""top"":2156,""bottom"":3885},""time"":1729913651482},{""box"":{""left"":1918,""right"":2572,""top"":2156,""bottom"":3885},""time"":1729913651554},{""box"":{""left"":1918,""right"":2572,""top"":2156,""bottom"":3885},""time"":1729913651574},{""box"":{""left"":1918,""right"":2572,""top"":2156,""bottom"":3885},""time"":1729913651637},{""box"":{""left"":1918,""right"":2572,""top"":2156,""bottom"":3885},""time"":1729913651723},{""box"":{""left"":1918,""right"":2572,""top"":2156,""bottom"":3885},""time"":1729913651815},{""box"":{""left"":1918,""right"":2572,""top"":2156,""bottom"":3885},""time"":1729913651912},{""box"":{""left"":1918,""right"":2572,""top"":2156,""bottom"":3885},""time"":1729913652102},{""box"":{""left"":1918,""right"":2572,""top"":2156,""bottom"":3885},""time"":1729913652179},{""box"":{""left"":1918,""right"":2572,""top"":2156,""bottom"":3885},""time"":1729913652262},{""box"":{""left"":1918,""right"":2572,""top"":2156,""bottom"":3885},""time"":1729913652293},{""box"":{""left"":1918,""right"":2572,""top"":2156,""bottom"":3885},""time"":1729913652359},{""box"":{""left"":1918,""right"":2572,""top"":2156,""bottom"":3885},""time"":1729913652432},{""box"":{""left"":1918,""right"":2572,""top"":2156,""bottom"":3885},""time"":1729913652598},{""box"":{""left"":1918,""right"":2572,""top"":2156,""bottom"":3885},""time"":1729913652728},{""box"":{""left"":1918,""right"":2572,""top"":2156,""bottom"":3885},""time"":1729913652861},{""box"":{""left"":1918,""right"":2572,""top"":2156,""bottom"":3885},""time"":1729913653005},{""box"":{""left"":1918,""right"":2572,""top"":2156,""bottom"":3885},""time"":1729913653088},{""box"":{""left"":1918,""right"":2572,""top"":2156,""bottom"":3885},""time"":1729913653182},{""box"":{""left"":1918,""right"":2572,""top"":2156,""bottom"":3885},""time"":1729913653270},{""box"":{""left"":1918,""right"":2572,""top"":2156,""bottom"":3885},""time"":1729913653349},{""box"":{""left"":1918,""right"":2572,""top"":2156,""bottom"":3885},""time"":1729913653453},{""box"":{""left"":1918,""right"":2572,""top"":2156,""bottom"":3885},""time"":1729913653536},{""box"":{""left"":1918,""right"":2572,""top"":2156,""bottom"":3885},""time"":1729913653568},{""box"":{""left"":1918,""right"":2572,""top"":2156,""bottom"":3885},""time"":1729913653653},{""box"":{""left"":1918,""right"":2572,""top"":2156,""bottom"":3885},""time"":1729913653736},{""box"":{""left"":1918,""right"":2572,""top"":2156,""bottom"":3885},""time"":1729913653767},{""box"":{""left"":1918,""right"":2572,""top"":2156,""bottom"":3885},""time"":1729913653898},{""box"":{""left"":1918,""right"":2572,""top"":2156,""bottom"":3885},""time"":1729913654032},{""box"":{""left"":1918,""right"":2572,""top"":2156,""bottom"":3885},""time"":1729913654106},{""box"":{""left"":1918,""right"":2572,""top"":2156,""bottom"":3885},""time"":1729913654127},{""box"":{""left"":1918,""right"":2572,""top"":2156,""bottom"":3885},""time"":1729913654204},{""box"":{""left"":1918,""right"":2572,""top"":2156,""bottom"":3885},""time"":1729913654287},{""box"":{""left"":1918,""right"":2572,""top"":2156,""bottom"":3885},""time"":1729913654348},{""box"":{""left"":1918,""right"":2572,""top"":2156,""bottom"":3885},""time"":1729913654431},{""box"":{""left"":1918,""right"":2572,""top"":2156,""bottom"":3885},""time"":1729913654514},{""box"":{""left"":1918,""right"":2572,""top"":2156,""bottom"":3885},""time"":1729913654692},{""box"":{""left"":1918,""right"":2572,""top"":2156,""bottom"":3885},""time"":1729913654713},{""box"":{""left"":1918,""right"":2572,""top"":2156,""bottom"":3885},""time"":1729913654742},{""box"":{""left"":1918,""right"":2572,""top"":2156,""bottom"":3885},""time"":1729913654815},{""box"":{""left"":1918,""right"":2572,""top"":2156,""bottom"":3885},""time"":1729913654879},{""box"":{""left"":1918,""right"":2572,""top"":2156,""bottom"":3885},""time"":1729913654944},{""box"":{""left"":1918,""right"":2572,""top"":2156,""bottom"":3885},""time"":1729913654997},{""box"":{""left"":1918,""right"":2572,""top"":2156,""bottom"":3885},""time"":1729913655018},{""box"":{""left"":1918,""right"":2572,""top"":2156,""bottom"":3885},""time"":1729913655081},{""box"":{""left"":1918,""right"":2572,""top"":2156,""bottom"":3885},""time"":1729913655120},{""box"":{""left"":1918,""right"":2572,""top"":2156,""bottom"":3885},""time"":1729913655173},{""box"":{""left"":1918,""right"":2572,""top"":2156,""bottom"":3885},""time"":1729913655194},{""box"":{""left"":1918,""right"":2572,""top"":2156,""bottom"":3885},""time"":1729913655267},{""box"":{""left"":1918,""right"":2572,""top"":2156,""bottom"":3885},""time"":1729913655331},{""box"":{""left"":1918,""right"":2572,""top"":2156,""bottom"":3885},""time"":1729913655369},{""box"":{""left"":1918,""right"":2572,""top"":2156,""bottom"":3885},""time"":1729913655432},{""box"":{""left"":1918,""right"":2572,""top"":2156,""bottom"":3885},""time"":1729913655496},{""box"":{""left"":1918,""right"":2572,""top"":2156,""bottom"":3885},""time"":1729913655573},{""box"":{""left"":1918,""right"":2572,""top"":2156,""bottom"":3885},""time"":1729913655594},{""box"":{""left"":1918,""right"":2572,""top"":2156,""bottom"":3885},""time"":1729913655656},{""box"":{""left"":1918,""right"":2572,""top"":2156,""bottom"":3885},""time"":1729913655719},{""box"":{""left"":1918,""right"":2572,""top"":2156,""bottom"":3885},""time"":1729913655782},{""box"":{""left"":1918,""right"":2572,""top"":2156,""bottom"":3885},""time"":1729913655833},{""box"":{""left"":1918,""right"":2572,""top"":2156,""bottom"":3885},""time"":1729913655855},{""box"":{""left"":1918,""right"":2572,""top"":2156,""bottom"":3885},""time"":1729913655938},{""box"":{""left"":1918,""right"":2572,""top"":2156,""bottom"":3885},""time"":1729913656003},{""box"":{""left"":1918,""right"":2572,""top"":2156,""bottom"":3885},""time"":1729913656057},{""box"":{""left"":1918,""right"":2572,""top"":2156,""bottom"":3885},""time"":1729913656078},{""box"":{""left"":1918,""right"":2572,""top"":2156,""bottom"":3885},""time"":1729913656131},{""box"":{""left"":1918,""right"":2572,""top"":2156,""bottom"":3885},""time"":1729913656183},{""box"":{""left"":1918,""right"":2572,""top"":2156,""bottom"":3885},""time"":1729913656204},{""box"":{""left"":1918,""right"":2572,""top"":2156,""bottom"":3885},""time"":1729913656266},{""box"":{""left"":1918,""right"":2572,""top"":2156,""bottom"":3885},""time"":1729913656473},{""box"":{""left"":1918,""right"":2572,""top"":2156,""bottom"":3885},""time"":1729913656720},{""box"":{""left"":1918,""right"":2572,""top"":2156,""bottom"":3885},""time"":1729913656773},{""box"":{""left"":1918,""right"":2572,""top"":2156,""bottom"":3885},""time"":1729913656795},{""box"":{""left"":1918,""right"":2572,""top"":2156,""bottom"":3885},""time"":1729913656998},{""box"":{""left"":1918,""right"":2572,""top"":2156,""bottom"":3885},""time"":1729913657061},{""box"":{""left"":1918,""right"":2572,""top"":2156,""bottom"":3885},""time"":1729913657123},{""box"":{""left"":1918,""right"":2572,""top"":2156,""bottom"":3885},""time"":1729913657186},{""box"":{""left"":1918,""right"":2572,""top"":2156,""bottom"":3885},""time"":1729913657249},{""box"":{""left"":1918,""right"":2572,""top"":2156,""bottom"":3885},""time"":1729913657387},{""box"":{""left"":1918,""right"":2572,""top"":2156,""bottom"":3885},""time"":1729913657408},{""box"":{""left"":1918,""right"":2572,""top"":2156,""bottom"":3885},""time"":1729913657654},{""box"":{""left"":1918,""right"":2572,""top"":2156,""bottom"":3885},""time"":1729913657675},{""box"":{""left"":1918,""right"":2572,""top"":2156,""bottom"":3885},""time"":1729913657744},{""box"":{""left"":1918,""right"":2572,""top"":2156,""bottom"":3885},""time"":1729913657807},{""box"":{""left"":1918,""right"":2572,""top"":2156,""bottom"":3885},""time"":1729913658052},{""box"":{""left"":1918,""right"":2572,""top"":2156,""bottom"":3885},""time"":1729913658074},{""box"":{""left"":1918,""right"":2572,""top"":2156,""bottom"":3885},""time"":1729913658126},{""box"":{""left"":1918,""right"":2572,""top"":2156,""bottom"":3885},""time"":1729913658146},{""box"":{""left"":1918,""right"":2572,""top"":2156,""bottom"":3885},""time"":1729913658188},{""box"":{""left"":1918,""right"":2572,""top"":2156,""bottom"":3885},""time"":1729913658210},{""box"":{""left"":1918,""right"":2572,""top"":2156,""bottom"":3885},""time"":1729913658251},{""box"":{""left"":1918,""right"":2572,""top"":2156,""bottom"":3885},""time"":1729913658273},{""box"":{""left"":1918,""right"":2572,""top"":2156,""bottom"":3885},""time"":1729913658315},{""box"":{""left"":1918,""right"":2572,""top"":2156,""bottom"":3885},""time"":1729913658336},{""box"":{""left"":1918,""right"":2572,""top"":2156,""bottom"":3885},""time"":1729913658388},{""box"":{""left"":1918,""right"":2572,""top"":2156,""bottom"":3885},""time"":1729913658410},{""box"":{""left"":1918,""right"":2572,""top"":2156,""bottom"":3885},""time"":1729913658451},{""box"":{""left"":1918,""right"":2572,""top"":2156,""bottom"":3885},""time"":1729913658472},{""box"":{""left"":1918,""right"":2572,""top"":2156,""bottom"":3885},""time"":1729913658514},{""box"":{""left"":1918,""right"":2572,""top"":2156,""bottom"":3885},""time"":1729913658535},{""box"":{""left"":1918,""right"":2572,""top"":2156,""bottom"":3885},""time"":1729913658577},{""box"":{""left"":1918,""right"":2572,""top"":2156,""bottom"":3885},""time"":1729913658599},{""box"":{""left"":1918,""right"":2572,""top"":2156,""bottom"":3885},""time"":1729913658650},{""box"":{""left"":1918,""right"":2572,""top"":2156,""bottom"":3885},""time"":1729913658671},{""box"":{""left"":1918,""right"":2572,""top"":2156,""bottom"":3885},""time"":1729913658713},{""box"":{""left"":1918,""right"":2572,""top"":2156,""bottom"":3885},""time"":1729913658735},{""box"":{""left"":1918,""right"":2572,""top"":2156,""bottom"":3885},""time"":1729913658777},{""box"":{""left"":1918,""right"":2572,""top"":2156,""bottom"":3885},""time"":1729913658797},{""box"":{""left"":1918,""right"":2572,""top"":2156,""bottom"":3885},""time"":1729913658839},{""box"":{""left"":1918,""right"":2572,""top"":2156,""bottom"":3885},""time"":1729913658860},{""box"":{""left"":1918,""right"":2572,""top"":2156,""bottom"":3885},""time"":1729913658902},{""box"":{""left"":1918,""right"":2572,""top"":2156,""bottom"":3885},""time"":1729913658924},{""box"":{""left"":1918,""right"":2572,""top"":2156,""bottom"":3885},""time"":1729913658976},{""box"":{""left"":1918,""right"":2572,""top"":2156,""bottom"":3885},""time"":1729913659018},{""box"":{""left"":1918,""right"":2572,""top"":2156,""bottom"":3885},""time"":1729913659071},{""box"":{""left"":1918,""right"":2572,""top"":2156,""bottom"":3885},""time"":1729913659123},{""box"":{""left"":1918,""right"":2572,""top"":2156,""bottom"":3885},""time"":1729913659166},{""box"":{""left"":1918,""right"":2572,""top"":2156,""bottom"":3885},""time"":1729913659208},{""box"":{""left"":1918,""right"":2572,""top"":2156,""bottom"":3885},""time"":1729913659228},{""box"":{""left"":1918,""right"":2572,""top"":2156,""bottom"":3885},""time"":1729913659344},{""box"":{""left"":1918,""right"":2572,""top"":2156,""bottom"":3885},""time"":1729913659365},{""box"":{""left"":1918,""right"":2572,""top"":2156,""bottom"":3885},""time"":1729913659408},{""box"":{""left"":1918,""right"":2572,""top"":2156,""bottom"":3885},""time"":1729913659430},{""box"":{""left"":1918,""right"":2572,""top"":2156,""bottom"":3885},""time"":1729913659449},{""box"":{""left"":1918,""right"":2572,""top"":2156,""bottom"":3885},""time"":1729913659480},{""box"":{""left"":1918,""right"":2572,""top"":2156,""bottom"":3885},""time"":1729913659539},{""box"":{""left"":1918,""right"":2572,""top"":2156,""bottom"":3885},""time"":1729913659570},{""box"":{""left"":1918,""right"":2572,""top"":2156,""bottom"":3885},""time"":1729913659629},{""box"":{""left"":1918,""right"":2572,""top"":2156,""bottom"":3885},""time"":1729913659660},{""box"":{""left"":1918,""right"":2572,""top"":2156,""bottom"":3885},""time"":1729913659718},{""box"":{""left"":1918,""right"":2572,""top"":2156,""bottom"":3885},""time"":1729913659740},{""box"":{""left"":1918,""right"":2572,""top"":2156,""bottom"":3885},""time"":1729913659815},{""box"":{""left"":1918,""right"":2572,""top"":2156,""bottom"":3885},""time"":1729913659888},{""box"":{""left"":1918,""right"":2572,""top"":2156,""bottom"":3885},""time"":1729913660115},{""box"":{""left"":1918,""right"":2572,""top"":2156,""bottom"":3885},""time"":1729913660396},{""box"":{""left"":1918,""right"":2572,""top"":2156,""bottom"":3885},""time"":1729913660654},{""box"":{""left"":1918,""right"":2572,""top"":2156,""bottom"":3885},""time"":1729913660686},{""box"":{""left"":1918,""right"":2572,""top"":2156,""bottom"":3885},""time"":1729913660729},{""box"":{""left"":1918,""right"":2572,""top"":2156,""bottom"":3885},""time"":1729913660751},{""box"":{""left"":1918,""right"":2572,""top"":2156,""bottom"":3885},""time"":1729913660936},{""box"":{""left"":1918,""right"":2572,""top"":2156,""bottom"":3885},""time"":1729913660957},{""box"":{""left"":1918,""right"":2572,""top"":2156,""bottom"":3885},""time"":1729913661007},{""box"":{""left"":1918,""right"":2572,""top"":2156,""bottom"":3885},""time"":1729913661060},{""box"":{""left"":1918,""right"":2572,""top"":2156,""bottom"":3885},""time"":1729913661071},{""box"":{""left"":1918,""right"":2572,""top"":2156,""bottom"":3885},""time"":1729913661124},{""box"":{""left"":1918,""right"":2572,""top"":2156,""bottom"":3885},""time"":1729913661135},{""box"":{""left"":1918,""right"":2572,""top"":2156,""bottom"":3885},""time"":1729913661188},{""box"":{""left"":1918,""right"":2572,""top"":2156,""bottom"":3885},""time"":1729913661210},{""box"":{""left"":1918,""right"":2572,""top"":2156,""bottom"":3885},""time"":1729913661252},{""box"":{""left"":1918,""right"":2572,""top"":2156,""bottom"":3885},""time"":1729913661274},{""box"":{""left"":1918,""right"":2572,""top"":2156,""bottom"":3885},""time"":1729913661307},{""box"":{""left"":1918,""right"":2572,""top"":2156,""bottom"":3885},""time"":1729913661318},{""box"":{""left"":1918,""right"":2572,""top"":2156,""bottom"":3885},""time"":1729913661371},{""box"":{""left"":1918,""right"":2572,""top"":2156,""bottom"":3885},""time"":1729913661400},{""box"":{""left"":1918,""right"":2572,""top"":2156,""bottom"":3885},""time"":1729913661411},{""box"":{""left"":1918,""right"":2572,""top"":2156,""bottom"":3885},""time"":1729913661464},{""box"":{""left"":1918,""right"":2572,""top"":2156,""bottom"":3885},""time"":1729913661523},{""box"":{""left"":1918,""right"":2572,""top"":2156,""bottom"":3885},""time"":1729913661587},{""box"":{""left"":1918,""right"":2572,""top"":2156,""bottom"":3885},""time"":1729913661650},{""box"":{""left"":1918,""right"":2572,""top"":2156,""bottom"":3885},""time"":1729913661713},{""box"":{""left"":1918,""right"":2572,""top"":2156,""bottom"":3885},""time"":1729913661776},{""box"":{""left"":1918,""right"":2572,""top"":2156,""bottom"":3885},""time"":1729913661812},{""box"":{""left"":1918,""right"":2572,""top"":2156,""bottom"":3885},""time"":1729913661875},{""box"":{""left"":1918,""right"":2572,""top"":2156,""bottom"":3885},""time"":1729913661938},{""box"":{""left"":1918,""right"":2572,""top"":2156,""bottom"":3885},""time"":1729913662006},{""box"":{""left"":1918,""right"":2572,""top"":2156,""bottom"":3885},""time"":1729913662080},{""box"":{""left"":1918,""right"":2572,""top"":2156,""bottom"":3885},""time"":1729913662133},{""box"":{""left"":1918,""right"":2572,""top"":2156,""bottom"":3885},""time"":1729913662198},{""box"":{""left"":1918,""right"":2572,""top"":2156,""bottom"":3885},""time"":1729913662251},{""box"":{""left"":1918,""right"":2572,""top"":2156,""bottom"":3885},""time"":1729913662315},{""box"":{""left"":1918,""right"":2572,""top"":2156,""bottom"":3885},""time"":1729913662369},{""box"":{""left"":1918,""right"":2572,""top"":2156,""bottom"":3885},""time"":1729913662412},{""box"":{""left"":1918,""right"":2572,""top"":2156,""bottom"":3885},""time"":1729913662432},{""box"":{""left"":1918,""right"":2572,""top"":2156,""bottom"":3885},""time"":1729913662493},{""box"":{""left"":1918,""right"":2572,""top"":2156,""bottom"":3885},""time"":1729913662544},{""box"":{""left"":1918,""right"":2572,""top"":2156,""bottom"":3885},""time"":1729913662619},{""box"":{""left"":1918,""right"":2572,""top"":2156,""bottom"":3885},""time"":1729913662682},{""box"":{""left"":1918,""right"":2572,""top"":2156,""bottom"":3885},""time"":1729913662721},{""box"":{""left"":1918,""right"":2572,""top"":2156,""bottom"":3885},""time"":1729913662783},{""box"":{""left"":1918,""right"":2572,""top"":2156,""bottom"":3885},""time"":1729913662834},{""box"":{""left"":1918,""right"":2572,""top"":2156,""bottom"":3885},""time"":1729913662896},{""box"":{""left"":1918,""right"":2572,""top"":2156,""bottom"":3885},""time"":1729913662957},{""box"":{""left"":1918,""right"":2572,""top"":2156,""bottom"":3885},""time"":1729913663020},{""box"":{""left"":1918,""right"":2572,""top"":2156,""bottom"":3885},""time"":1729913663072},{""box"":{""left"":1918,""right"":2572,""top"":2156,""bottom"":3885},""time"":1729913663147},{""box"":{""left"":1918,""right"":2572,""top"":2156,""bottom"":3885},""time"":1729913663201},{""box"":{""left"":1918,""right"":2572,""top"":2156,""bottom"":3885},""time"":1729913663250},{""box"":{""left"":1918,""right"":2572,""top"":2156,""bottom"":3885},""time"":1729913663333},{""box"":{""left"":1918,""right"":2572,""top"":2156,""bottom"":3885},""time"":1729913663375},{""box"":{""left"":1918,""right"":2572,""top"":2156,""bottom"":3885},""time"":1729913663430},{""box"":{""left"":1918,""right"":2572,""top"":2156,""bottom"":3885},""time"":1729913663488},{""box"":{""left"":1918,""right"":2572,""top"":2156,""bottom"":3885},""time"":1729913663553},{""box"":{""left"":1918,""right"":2572,""top"":2156,""bottom"":3885},""time"":1729913663607},{""box"":{""left"":1918,""right"":2572,""top"":2156,""bottom"":3885},""time"":1729913663651},{""box"":{""left"":1918,""right"":2572,""top"":2156,""bottom"":3885},""time"":1729913663713},{""box"":{""left"":1918,""right"":2572,""top"":2156,""bottom"":3885},""time"":1729913663765},{""box"":{""left"":1918,""right"":2572,""top"":2156,""bottom"":3885},""time"":1729913663826},{""box"":{""left"":1918,""right"":2572,""top"":2156,""bottom"":3885},""time"":1729913663878},{""box"":{""left"":1918,""right"":2572,""top"":2156,""bottom"":3885},""time"":1729913663942},{""box"":{""left"":1918,""right"":2572,""top"":2156,""bottom"":3885},""time"":1729913663996},{""box"":{""left"":1918,""right"":2572,""top"":2156,""bottom"":3885},""time"":1729913664054},{""box"":{""left"":1918,""right"":2572,""top"":2156,""bottom"":3885},""time"":1729913664118},{""box"":{""left"":1918,""right"":2572,""top"":2156,""bottom"":3885},""time"":1729913664190},{""box"":{""left"":1918,""right"":2572,""top"":2156,""bottom"":3885},""time"":1729913664265},{""box"":{""left"":1918,""right"":2572,""top"":2156,""bottom"":3885},""time"":1729913664319},{""box"":{""left"":1918,""right"":2572,""top"":2156,""bottom"":3885},""time"":1729913664344},{""box"":{""left"":1918,""right"":2572,""top"":2156,""bottom"":3885},""time"":1729913664415},{""box"":{""left"":1918,""right"":2572,""top"":2156,""bottom"":3885},""time"":1729913664480},{""box"":{""left"":1918,""right"":2572,""top"":2156,""bottom"":3885},""time"":1729913664556},{""box"":{""left"":1918,""right"":2572,""top"":2156,""bottom"":3885},""time"":1729913664631},{""box"":{""left"":1918,""right"":2572,""top"":2156,""bottom"":3885},""time"":1729913664686},{""box"":{""left"":1918,""right"":2572,""top"":2156,""bottom"":3885},""time"":1729913664740},{""box"":{""left"":1918,""right"":2572,""top"":2156,""bottom"":3885},""time"":1729913664794},{""box"":{""left"":1918,""right"":2572,""top"":2156,""bottom"":3885},""time"":1729913664830},{""box"":{""left"":1918,""right"":2572,""top"":2156,""bottom"":3885},""time"":1729913664884},{""box"":{""left"":1918,""right"":2572,""top"":2156,""bottom"":3885},""time"":1729913664949},{""box"":{""left"":1918,""right"":2572,""top"":2156,""bottom"":3885},""time"":1729913665005}",,,,,
56985,Person,2024-10-26 12:34:01,2024-10-26 12:34:14,"{""left"":1768,""right"":2463,""top"":1980,""bottom"":3423},{""box"":{""left"":1768,""right"":2463,""top"":1980,""bottom"":3423},""time"":1729913641433},{""box"":{""left"":1768,""right"":2463,""top"":1980,""bottom"":3423},""time"":1729913641934},{""box"":{""left"":1768,""right"":2463,""top"":1980,""bottom"":3423},""time"":1729913642270},{""box"":{""left"":1768,""right"":2463,""top"":1980,""bottom"":3423},""time"":1729913642454},{""box"":{""left"":1768,""right"":2463,""top"":1980,""bottom"":3423},""time"":1729913643252},{""box"":{""left"":1768,""right"":2463,""top"":1980,""bottom"":3423},""time"":1729913643405},{""box"":{""left"":1768,""right"":2463,""top"":1980,""bottom"":3423},""time"":1729913643517},{""box"":{""left"":1768,""right"":2463,""top"":1980,""bottom"":3423},""time"":1729913643578},{""box"":{""left"":1768,""right"":2463,""top"":1980,""bottom"":3423},""time"":1729913643638},{""box"":{""left"":1768,""right"":2463,""top"":1980,""bottom"":3423},""time"":1729913643691},{""box"":{""left"":1768,""right"":2463,""top"":1980,""bottom"":3423},""time"":1729913643751},{""box"":{""left"":1768,""right"":2463,""top"":1980,""bottom"":3423},""time"":1729913643865},{""box"":{""left"":1768,""right"":2463,""top"":1980,""bottom"":3423},""time"":1729913643925},{""box"":{""left"":1768,""right"":2463,""top"":1980,""bottom"":3423},""time"":1729913643977},{""box"":{""left"":1768,""right"":2463,""top"":1980,""bottom"":3423},""time"":1729913644037},{""box"":{""left"":1768,""right"":2463,""top"":1980,""bottom"":3423},""time"":1729913644090},{""box"":{""left"":1768,""right"":2463,""top"":1980,""bottom"":3423},""time"":1729913644160},{""box"":{""left"":1768,""right"":2463,""top"":1980,""bottom"":3423},""time"":1729913644272},{""box"":{""left"":1768,""right"":2463,""top"":1980,""bottom"":3423},""time"":1729913644333},{""box"":{""left"":1768,""right"":2463,""top"":1980,""bottom"":3423},""time"":1729913644384},{""box"":{""left"":1768,""right"":2463,""top"":1980,""bottom"":3423},""time"":1729913644598},{""box"":{""left"":1768,""right"":2463,""top"":1980,""bottom"":3423},""time"":1729913644669},{""box"":{""left"":1768,""right"":2463,""top"":1980,""bottom"":3423},""time"":1729913644844},{""box"":{""left"":1768,""right"":2463,""top"":1980,""bottom"":3423},""time"":1729913645519},{""box"":{""left"":1768,""right"":2463,""top"":1980,""bottom"":3423},""time"":1729913645571},{""box"":{""left"":1768,""right"":2463,""top"":1980,""bottom"":3423},""time"":1729913645631},{""box"":{""left"":1768,""right"":2463,""top"":1980,""bottom"":3423},""time"":1729913645755},{""box"":{""left"":1768,""right"":2463,""top"":1980,""bottom"":3423},""time"":1729913646143},{""box"":{""left"":1768,""right"":2463,""top"":1980,""bottom"":3423},""time"":1729913646207},{""box"":{""left"":1768,""right"":2463,""top"":1980,""bottom"":3423},""time"":1729913646257},{""box"":{""left"":1768,""right"":2463,""top"":1980,""bottom"":3423},""time"":1729913646545},{""box"":{""left"":1768,""right"":2463,""top"":1980,""bottom"":3423},""time"":1729913646658},{""box"":{""left"":1768,""right"":2463,""top"":1980,""bottom"":3423},""time"":1729913646894},{""box"":{""left"":1768,""right"":2463,""top"":1980,""bottom"":3423},""time"":1729913646945},{""box"":{""left"":1768,""right"":2463,""top"":1980,""bottom"":3423},""time"":1729913647060},{""box"":{""left"":1768,""right"":2463,""top"":1980,""bottom"":3423},""time"":1729913647122},{""box"":{""left"":1768,""right"":2463,""top"":1980,""bottom"":3423},""time"":1729913647173},{""box"":{""left"":1768,""right"":2463,""top"":1980,""bottom"":3423},""time"":1729913647253},{""box"":{""left"":1768,""right"":2463,""top"":1980,""bottom"":3423},""time"":1729913647318},{""box"":{""left"":1768,""right"":2463,""top"":1980,""bottom"":3423},""time"":1729913647369},{""box"":{""left"":1768,""right"":2463,""top"":1980,""bottom"":3423},""time"":1729913647419},{""box"":{""left"":1768,""right"":2463,""top"":1980,""bottom"":3423},""time"":1729913647470},{""box"":{""left"":1768,""right"":2463,""top"":1980,""bottom"":3423},""time"":1729913647520},{""box"":{""left"":1768,""right"":2463,""top"":1980,""bottom"":3423},""time"":1729913647748},{""box"":{""left"":1768,""right"":2463,""top"":1980,""bottom"":3423},""time"":1729913647923},{""box"":{""left"":1768,""right"":2463,""top"":1980,""bottom"":3423},""time"":1729913647975},{""box"":{""left"":1768,""right"":2463,""top"":1980,""bottom"":3423},""time"":1729913648304},{""box"":{""left"":1768,""right"":2463,""top"":1980,""bottom"":3423},""time"":1729913648436},{""box"":{""left"":1768,""right"":2463,""top"":1980,""bottom"":3423},""time"":1729913648500},{""box"":{""left"":1768,""right"":2463,""top"":1980,""bottom"":3423},""time"":1729913648557},{""box"":{""left"":1768,""right"":2463,""top"":1980,""bottom"":3423},""time"":1729913648672},{""box"":{""left"":1768,""right"":2463,""top"":1980,""bottom"":3423},""time"":1729913648738},{""box"":{""left"":1768,""right"":2463,""top"":1980,""bottom"":3423},""time"":1729913648798},{""box"":{""left"":1768,""right"":2463,""top"":1980,""bottom"":3423},""time"":1729913648865},{""box"":{""left"":1768,""right"":2463,""top"":1980,""bottom"":3423},""time"":1729913648944},{""box"":{""left"":1768,""right"":2463,""top"":1980,""bottom"":3423},""time"":1729913649001},{""box"":{""left"":1768,""right"":2463,""top"":1980,""bottom"":3423},""time"":1729913649056},{""box"":{""left"":1768,""right"":2463,""top"":1980,""bottom"":3423},""time"":1729913649114},{""box"":{""left"":1768,""right"":2463,""top"":1980,""bottom"":3423},""time"":1729913649173},{""box"":{""left"":1768,""right"":2463,""top"":1980,""bottom"":3423},""time"":1729913649237},{""box"":{""left"":1768,""right"":2463,""top"":1980,""bottom"":3423},""time"":1729913649300},{""box"":{""left"":1768,""right"":2463,""top"":1980,""bottom"":3423},""time"":1729913649362},{""box"":{""left"":1768,""right"":2463,""top"":1980,""bottom"":3423},""time"":1729913649429},{""box"":{""left"":1768,""right"":2463,""top"":1980,""bottom"":3423},""time"":1729913649481},{""box"":{""left"":1768,""right"":2463,""top"":1980,""bottom"":3423},""time"":1729913649563},{""box"":{""left"":1768,""right"":2463,""top"":1980,""bottom"":3423},""time"":1729913649650},{""box"":{""left"":1768,""right"":2463,""top"":1980,""bottom"":3423},""time"":1729913649743},{""box"":{""left"":1768,""right"":2463,""top"":1980,""bottom"":3423},""time"":1729913649834},{""box"":{""left"":1768,""right"":2463,""top"":1980,""bottom"":3423},""time"":1729913649927},{""box"":{""left"":1768,""right"":2463,""top"":1980,""bottom"":3423},""time"":1729913650019},{""box"":{""left"":1768,""right"":2463,""top"":1980,""bottom"":3423},""time"":1729913650072},{""box"":{""left"":1768,""right"":2463,""top"":1980,""bottom"":3423},""time"":1729913650139},{""box"":{""left"":1768,""right"":2463,""top"":1980,""bottom"":3423},""time"":1729913650187},{""box"":{""left"":1768,""right"":2463,""top"":1980,""bottom"":3423},""time"":1729913650253},{""box"":{""left"":1768,""right"":2463,""top"":1980,""bottom"":3423},""time"":1729913650335},{""box"":{""left"":1768,""right"":2463,""top"":1980,""bottom"":3423},""time"":1729913650391},{""box"":{""left"":1768,""right"":2463,""top"":1980,""bottom"":3423},""time"":1729913650450},{""box"":{""left"":1768,""right"":2463,""top"":1980,""bottom"":3423},""time"":1729913650532},{""box"":{""left"":1768,""right"":2463,""top"":1980,""bottom"":3423},""time"":1729913650625},{""box"":{""left"":1768,""right"":2463,""top"":1980,""bottom"":3423},""time"":1729913650707},{""box"":{""left"":1768,""right"":2463,""top"":1980,""bottom"":3423},""time"":1729913650799},{""box"":{""left"":1768,""right"":2463,""top"":1980,""bottom"":3423},""time"":1729913650880},{""box"":{""left"":1768,""right"":2463,""top"":1980,""bottom"":3423},""time"":1729913650944},{""box"":{""left"":1768,""right"":2463,""top"":1980,""bottom"":3423},""time"":1729913651016},{""box"":{""left"":1768,""right"":2463,""top"":1980,""bottom"":3423},""time"":1729913651047},{""box"":{""left"":1768,""right"":2463,""top"":1980,""bottom"":3423},""time"":1729913651072},{""box"":{""left"":1768,""right"":2463,""top"":1980,""bottom"":3423},""time"":1729913651104},{""box"":{""left"":1768,""right"":2463,""top"":1980,""bottom"":3423},""time"":1729913651151},{""box"":{""left"":1768,""right"":2463,""top"":1980,""bottom"":3423},""time"":1729913651182},{""box"":{""left"":1768,""right"":2463,""top"":1980,""bottom"":3423},""time"":1729913651257},{""box"":{""left"":1768,""right"":2463,""top"":1980,""bottom"":3423},""time"":1729913651288},{""box"":{""left"":1768,""right"":2463,""top"":1980,""bottom"":3423},""time"":1729913651369},{""box"":{""left"":1768,""right"":2463,""top"":1980,""bottom"":3423},""time"":1729913651400},{""box"":{""left"":1768,""right"":2463,""top"":1980,""bottom"":3423},""time"":1729913651462},{""box"":{""left"":1768,""right"":2463,""top"":1980,""bottom"":3423},""time"":1729913651492},{""box"":{""left"":1768,""right"":2463,""top"":1980,""bottom"":3423},""time"":1729913651585},{""box"":{""left"":1768,""right"":2463,""top"":1980,""bottom"":3423},""time"":1729913651617},{""box"":{""left"":1768,""right"":2463,""top"":1980,""bottom"":3423},""time"":1729913651648},{""box"":{""left"":1768,""right"":2463,""top"":1980,""bottom"":3423},""time"":1729913651734},{""box"":{""left"":1768,""right"":2463,""top"":1980,""bottom"":3423},""time"":1729913651825},{""box"":{""left"":1768,""right"":2463,""top"":1980,""bottom"":3423},""time"":1729913651923},{""box"":{""left"":1768,""right"":2463,""top"":1980,""bottom"":3423},""time"":1729913652113},{""box"":{""left"":1768,""right"":2463,""top"":1980,""bottom"":3423},""time"":1729913652189},{""box"":{""left"":1768,""right"":2463,""top"":1980,""bottom"":3423},""time"":1729913652272},{""box"":{""left"":1768,""right"":2463,""top"":1980,""bottom"":3423},""time"":1729913652304},{""box"":{""left"":1768,""right"":2463,""top"":1980,""bottom"":3423},""time"":1729913652338},{""box"":{""left"":1768,""right"":2463,""top"":1980,""bottom"":3423},""time"":1729913652370},{""box"":{""left"":1768,""right"":2463,""top"":1980,""bottom"":3423},""time"":1729913652411},{""box"":{""left"":1768,""right"":2463,""top"":1980,""bottom"":3423},""time"":1729913652442},{""box"":{""left"":1768,""right"":2463,""top"":1980,""bottom"":3423},""time"":1729913652577},{""box"":{""left"":1768,""right"":2463,""top"":1980,""bottom"":3423},""time"":1729913652608},{""box"":{""left"":1768,""right"":2463,""top"":1980,""bottom"":3423},""time"":1729913652707},{""box"":{""left"":1768,""right"":2463,""top"":1980,""bottom"":3423},""time"":1729913652738},{""box"":{""left"":1768,""right"":2463,""top"":1980,""bottom"":3423},""time"":1729913652840},{""box"":{""left"":1768,""right"":2463,""top"":1980,""bottom"":3423},""time"":1729913652871},{""box"":{""left"":1768,""right"":2463,""top"":1980,""bottom"":3423},""time"":1729913652984},{""box"":{""left"":1768,""right"":2463,""top"":1980,""bottom"":3423},""time"":1729913653099},{""box"":{""left"":1768,""right"":2463,""top"":1980,""bottom"":3423},""time"":1729913653192},{""box"":{""left"":1768,""right"":2463,""top"":1980,""bottom"":3423},""time"":1729913653249},{""box"":{""left"":1768,""right"":2463,""top"":1980,""bottom"":3423},""time"":1729913653281},{""box"":{""left"":1768,""right"":2463,""top"":1980,""bottom"":3423},""time"":1729913653328},{""box"":{""left"":1768,""right"":2463,""top"":1980,""bottom"":3423},""time"":1729913653360},{""box"":{""left"":1768,""right"":2463,""top"":1980,""bottom"":3423},""time"":1729913653432},{""box"":{""left"":1768,""right"":2463,""top"":1980,""bottom"":3423},""time"":1729913653464},{""box"":{""left"":1768,""right"":2463,""top"":1980,""bottom"":3423},""time"":1729913653547},{""box"":{""left"":1768,""right"":2463,""top"":1980,""bottom"":3423},""time"":1729913653578},{""box"":{""left"":1768,""right"":2463,""top"":1980,""bottom"":3423},""time"":1729913653632},{""box"":{""left"":1768,""right"":2463,""top"":1980,""bottom"":3423},""time"":1729913653663},{""box"":{""left"":1768,""right"":2463,""top"":1980,""bottom"":3423},""time"":1729913653746},{""box"":{""left"":1768,""right"":2463,""top"":1980,""bottom"":3423},""time"":1729913653877},{""box"":{""left"":1768,""right"":2463,""top"":1980,""bottom"":3423},""time"":1729913653909},{""box"":{""left"":1768,""right"":2463,""top"":1980,""bottom"":3423},""time"":1729913654011},{""box"":{""left"":1768,""right"":2463,""top"":1980,""bottom"":3423},""time"":1729913654043},{""box"":{""left"":1768,""right"":2463,""top"":1980,""bottom"":3423},""time"":1729913654137},{""box"":{""left"":1768,""right"":2463,""top"":1980,""bottom"":3423},""time"":1729913654183},{""box"":{""left"":1768,""right"":2463,""top"":1980,""bottom"":3423},""time"":1729913654215},{""box"":{""left"":1768,""right"":2463,""top"":1980,""bottom"":3423},""time"":1729913654298},{""box"":{""left"":1768,""right"":2463,""top"":1980,""bottom"":3423},""time"":1729913654327},{""box"":{""left"":1768,""right"":2463,""top"":1980,""bottom"":3423},""time"":1729913654358},{""box"":{""left"":1768,""right"":2463,""top"":1980,""bottom"":3423},""time"":1729913654410},{""box"":{""left"":1768,""right"":2463,""top"":1980,""bottom"":3423},""time"":1729913654442},{""box"":{""left"":1768,""right"":2463,""top"":1980,""bottom"":3423},""time"":1729913654493},{""box"":{""left"":1768,""right"":2463,""top"":1980,""bottom"":3423},""time"":1729913654525}",,,,,
56986,Person,2024-10-26 12:34:03,2024-10-26 12:34:10,"{""left"":8987,""right"":7293,""top"":10000,""bottom"":9997},{""box"":{""left"":8987,""right"":7293,""top"":10000,""bottom"":9997},""time"":1729913644679},{""box"":{""left"":8987,""right"":7293,""top"":10000,""bottom"":9997},""time"":1729913644854},{""box"":{""left"":8987,""right"":7293,""top"":10000,""bottom"":9997},""time"":1729913645641},{""box"":{""left"":8987,""right"":7293,""top"":10000,""bottom"":9997},""time"":1729913645765},{""box"":{""left"":8987,""right"":7293,""top"":10000,""bottom"":9997},""time"":1729913646153},{""box"":{""left"":8987,""right"":7293,""top"":10000,""bottom"":9997},""time"":1729913646217},{""box"":{""left"":8987,""right"":7293,""top"":10000,""bottom"":9997},""time"":1729913646267},{""box"":{""left"":8987,""right"":7293,""top"":10000,""bottom"":9997},""time"":1729913646554},{""box"":{""left"":8987,""right"":7293,""top"":10000,""bottom"":9997},""time"":1729913646668},{""box"":{""left"":8987,""right"":7293,""top"":10000,""bottom"":9997},""time"":1729913646904},{""box"":{""left"":8987,""right"":7293,""top"":10000,""bottom"":9997},""time"":1729913646955},{""box"":{""left"":8987,""right"":7293,""top"":10000,""bottom"":9997},""time"":1729913647070},{""box"":{""left"":8987,""right"":7293,""top"":10000,""bottom"":9997},""time"":1729913647132},{""box"":{""left"":8987,""right"":7293,""top"":10000,""bottom"":9997},""time"":1729913647183},{""box"":{""left"":8987,""right"":7293,""top"":10000,""bottom"":9997},""time"":1729913647268},{""box"":{""left"":8987,""right"":7293,""top"":10000,""bottom"":9997},""time"":1729913647328},{""box"":{""left"":8987,""right"":7293,""top"":10000,""bottom"":9997},""time"":1729913647379},{""box"":{""left"":8987,""right"":7293,""top"":10000,""bottom"":9997},""time"":1729913647429},{""box"":{""left"":8987,""right"":7293,""top"":10000,""bottom"":9997},""time"":1729913647480},{""box"":{""left"":8987,""right"":7293,""top"":10000,""bottom"":9997},""time"":1729913647530},{""box"":{""left"":8987,""right"":7293,""top"":10000,""bottom"":9997},""time"":1729913647758},{""box"":{""left"":8987,""right"":7293,""top"":10000,""bottom"":9997},""time"":1729913647933},{""box"":{""left"":8987,""right"":7293,""top"":10000,""bottom"":9997},""time"":1729913647985},{""box"":{""left"":8987,""right"":7293,""top"":10000,""bottom"":9997},""time"":1729913648248},{""box"":{""left"":8987,""right"":7293,""top"":10000,""bottom"":9997},""time"":1729913648365},{""box"":{""left"":8987,""right"":7293,""top"":10000,""bottom"":9997},""time"":1729913648510},{""box"":{""left"":8987,""right"":7293,""top"":10000,""bottom"":9997},""time"":1729913648567},{""box"":{""left"":8987,""right"":7293,""top"":10000,""bottom"":9997},""time"":1729913648682},{""box"":{""left"":8987,""right"":7293,""top"":10000,""bottom"":9997},""time"":1729913648747},{""box"":{""left"":8987,""right"":7293,""top"":10000,""bottom"":9997},""time"":1729913648809},{""box"":{""left"":8987,""right"":7293,""top"":10000,""bottom"":9997},""time"":1729913648875},{""box"":{""left"":8987,""right"":7293,""top"":10000,""bottom"":9997},""time"":1729913648953},{""box"":{""left"":8987,""right"":7293,""top"":10000,""bottom"":9997},""time"":1729913649012},{""box"":{""left"":8987,""right"":7293,""top"":10000,""bottom"":9997},""time"":1729913649066},{""box"":{""left"":8987,""right"":7293,""top"":10000,""bottom"":9997},""time"":1729913649124},{""box"":{""left"":8987,""right"":7293,""top"":10000,""bottom"":9997},""time"":1729913649183},{""box"":{""left"":8987,""right"":7293,""top"":10000,""bottom"":9997},""time"":1729913649248},{""box"":{""left"":8987,""right"":7293,""top"":10000,""bottom"":9997},""time"":1729913649310},{""box"":{""left"":8987,""right"":7293,""top"":10000,""bottom"":9997},""time"":1729913649439},{""box"":{""left"":8987,""right"":7293,""top"":10000,""bottom"":9997},""time"":1729913649492},{""box"":{""left"":8987,""right"":7293,""top"":10000,""bottom"":9997},""time"":1729913649574},{""box"":{""left"":8987,""right"":7293,""top"":10000,""bottom"":9997},""time"":1729913649661},{""box"":{""left"":8987,""right"":7293,""top"":10000,""bottom"":9997},""time"":1729913649753},{""box"":{""left"":8987,""right"":7293,""top"":10000,""bottom"":9997},""time"":1729913649845},{""box"":{""left"":8987,""right"":7293,""top"":10000,""bottom"":9997},""time"":1729913649937},{""box"":{""left"":8987,""right"":7293,""top"":10000,""bottom"":9997},""time"":1729913650030},{""box"":{""left"":8987,""right"":7293,""top"":10000,""bottom"":9997},""time"":1729913650083},{""box"":{""left"":8987,""right"":7293,""top"":10000,""bottom"":9997},""time"":1729913650197},{""box"":{""left"":8987,""right"":7293,""top"":10000,""bottom"":9997},""time"":1729913650717},{""box"":{""left"":8987,""right"":7293,""top"":10000,""bottom"":9997},""time"":1729913650809}",,,,,
56988,Person,2024-10-26 12:34:06,2024-10-26 12:34:17,"{""left"":7631,""right"":6879,""top"":8584,""bottom"":9449},{""box"":{""left"":7631,""right"":6879,""top"":8584,""bottom"":9449},""time"":1729913646965},{""box"":{""left"":7631,""right"":6879,""top"":8584,""bottom"":9449},""time"":1729913647080},{""box"":{""left"":7631,""right"":6879,""top"":8584,""bottom"":9449},""time"":1729913647142},{""box"":{""left"":7631,""right"":6879,""top"":8584,""bottom"":9449},""time"":1729913647193},{""box"":{""left"":7631,""right"":6879,""top"":8584,""bottom"":9449},""time"":1729913647284},{""box"":{""left"":7631,""right"":6879,""top"":8584,""bottom"":9449},""time"":1729913647338},{""box"":{""left"":7631,""right"":6879,""top"":8584,""bottom"":9449},""time"":1729913647389},{""box"":{""left"":7631,""right"":6879,""top"":8584,""bottom"":9449},""time"":1729913647439},{""box"":{""left"":7631,""right"":6879,""top"":8584,""bottom"":9449},""time"":1729913647490},{""box"":{""left"":7631,""right"":6879,""top"":8584,""bottom"":9449},""time"":1729913647540},{""box"":{""left"":7631,""right"":6879,""top"":8584,""bottom"":9449},""time"":1729913647768},{""box"":{""left"":7631,""right"":6879,""top"":8584,""bottom"":9449},""time"":1729913647943},{""box"":{""left"":7631,""right"":6879,""top"":8584,""bottom"":9449},""time"":1729913647995},{""box"":{""left"":7631,""right"":6879,""top"":8584,""bottom"":9449},""time"":1729913648314},{""box"":{""left"":7631,""right"":6879,""top"":8584,""bottom"":9449},""time"":1729913648375},{""box"":{""left"":7631,""right"":6879,""top"":8584,""bottom"":9449},""time"":1729913648446},{""box"":{""left"":7631,""right"":6879,""top"":8584,""bottom"":9449},""time"":1729913648692},{""box"":{""left"":7631,""right"":6879,""top"":8584,""bottom"":9449},""time"":1729913648885},{""box"":{""left"":7631,""right"":6879,""top"":8584,""bottom"":9449},""time"":1729913649373},{""box"":{""left"":7631,""right"":6879,""top"":8584,""bottom"":9449},""time"":1729913649501},{""box"":{""left"":7631,""right"":6879,""top"":8584,""bottom"":9449},""time"":1729913649584},{""box"":{""left"":7631,""right"":6879,""top"":8584,""bottom"":9449},""time"":1729913649671},{""box"":{""left"":7631,""right"":6879,""top"":8584,""bottom"":9449},""time"":1729913649763},{""box"":{""left"":7631,""right"":6879,""top"":8584,""bottom"":9449},""time"":1729913649855},{""box"":{""left"":7631,""right"":6879,""top"":8584,""bottom"":9449},""time"":1729913649948},{""box"":{""left"":7631,""right"":6879,""top"":8584,""bottom"":9449},""time"":1729913650093},{""box"":{""left"":7631,""right"":6879,""top"":8584,""bottom"":9449},""time"":1729913650149},{""box"":{""left"":7631,""right"":6879,""top"":8584,""bottom"":9449},""time"":1729913650207},{""box"":{""left"":7631,""right"":6879,""top"":8584,""bottom"":9449},""time"":1729913650264},{""box"":{""left"":7631,""right"":6879,""top"":8584,""bottom"":9449},""time"":1729913650345},{""box"":{""left"":7631,""right"":6879,""top"":8584,""bottom"":9449},""time"":1729913650401},{""box"":{""left"":7631,""right"":6879,""top"":8584,""bottom"":9449},""time"":1729913650460},{""box"":{""left"":7631,""right"":6879,""top"":8584,""bottom"":9449},""time"":1729913650542},{""box"":{""left"":7631,""right"":6879,""top"":8584,""bottom"":9449},""time"":1729913650635},{""box"":{""left"":7631,""right"":6879,""top"":8584,""bottom"":9449},""time"":1729913650727},{""box"":{""left"":7631,""right"":6879,""top"":8584,""bottom"":9449},""time"":1729913650819},{""box"":{""left"":7631,""right"":6879,""top"":8584,""bottom"":9449},""time"":1729913650891},{""box"":{""left"":7631,""right"":6879,""top"":8584,""bottom"":9449},""time"":1729913650955},{""box"":{""left"":7631,""right"":6879,""top"":8584,""bottom"":9449},""time"":1729913651115},{""box"":{""left"":7631,""right"":6879,""top"":8584,""bottom"":9449},""time"":1729913651298},{""box"":{""left"":7631,""right"":6879,""top"":8584,""bottom"":9449},""time"":1729913651410},{""box"":{""left"":7631,""right"":6879,""top"":8584,""bottom"":9449},""time"":1729913651503},{""box"":{""left"":7631,""right"":6879,""top"":8584,""bottom"":9449},""time"":1729913651595},{""box"":{""left"":7631,""right"":6879,""top"":8584,""bottom"":9449},""time"":1729913651658},{""box"":{""left"":7631,""right"":6879,""top"":8584,""bottom"":9449},""time"":1729913651744},{""box"":{""left"":7631,""right"":6879,""top"":8584,""bottom"":9449},""time"":1729913651835},{""box"":{""left"":7631,""right"":6879,""top"":8584,""bottom"":9449},""time"":1729913651933},{""box"":{""left"":7631,""right"":6879,""top"":8584,""bottom"":9449},""time"":1729913652123},{""box"":{""left"":7631,""right"":6879,""top"":8584,""bottom"":9449},""time"":1729913652200},{""box"":{""left"":7631,""right"":6879,""top"":8584,""bottom"":9449},""time"":1729913652314},{""box"":{""left"":7631,""right"":6879,""top"":8584,""bottom"":9449},""time"":1729913652453},{""box"":{""left"":7631,""right"":6879,""top"":8584,""bottom"":9449},""time"":1729913652619},{""box"":{""left"":7631,""right"":6879,""top"":8584,""bottom"":9449},""time"":1729913652748},{""box"":{""left"":7631,""right"":6879,""top"":8584,""bottom"":9449},""time"":1729913652881},{""box"":{""left"":7631,""right"":6879,""top"":8584,""bottom"":9449},""time"":1729913653016},{""box"":{""left"":7631,""right"":6879,""top"":8584,""bottom"":9449},""time"":1729913653109},{""box"":{""left"":7631,""right"":6879,""top"":8584,""bottom"":9449},""time"":1729913653203},{""box"":{""left"":7631,""right"":6879,""top"":8584,""bottom"":9449},""time"":1729913653291},{""box"":{""left"":7631,""right"":6879,""top"":8584,""bottom"":9449},""time"":1729913653370},{""box"":{""left"":7631,""right"":6879,""top"":8584,""bottom"":9449},""time"":1729913653474},{""box"":{""left"":7631,""right"":6879,""top"":8584,""bottom"":9449},""time"":1729913653588},{""box"":{""left"":7631,""right"":6879,""top"":8584,""bottom"":9449},""time"":1729913653673},{""box"":{""left"":7631,""right"":6879,""top"":8584,""bottom"":9449},""time"":1729913653778},{""box"":{""left"":7631,""right"":6879,""top"":8584,""bottom"":9449},""time"":1729913653919},{""box"":{""left"":7631,""right"":6879,""top"":8584,""bottom"":9449},""time"":1729913654053},{""box"":{""left"":7631,""right"":6879,""top"":8584,""bottom"":9449},""time"":1729913654147},{""box"":{""left"":7631,""right"":6879,""top"":8584,""bottom"":9449},""time"":1729913654225},{""box"":{""left"":7631,""right"":6879,""top"":8584,""bottom"":9449},""time"":1729913654368},{""box"":{""left"":7631,""right"":6879,""top"":8584,""bottom"":9449},""time"":1729913654452},{""box"":{""left"":7631,""right"":6879,""top"":8584,""bottom"":9449},""time"":1729913654535},{""box"":{""left"":7631,""right"":6879,""top"":8584,""bottom"":9449},""time"":1729913654826},{""box"":{""left"":7631,""right"":6879,""top"":8584,""bottom"":9449},""time"":1729913654889},{""box"":{""left"":7631,""right"":6879,""top"":8584,""bottom"":9449},""time"":1729913654954},{""box"":{""left"":7631,""right"":6879,""top"":8584,""bottom"":9449},""time"":1729913655029},{""box"":{""left"":7631,""right"":6879,""top"":8584,""bottom"":9449},""time"":1729913655130},{""box"":{""left"":7631,""right"":6879,""top"":8584,""bottom"":9449},""time"":1729913655205},{""box"":{""left"":7631,""right"":6879,""top"":8584,""bottom"":9449},""time"":1729913655277},{""box"":{""left"":7631,""right"":6879,""top"":8584,""bottom"":9449},""time"":1729913655379},{""box"":{""left"":7631,""right"":6879,""top"":8584,""bottom"":9449},""time"":1729913655443},{""box"":{""left"":7631,""right"":6879,""top"":8584,""bottom"":9449},""time"":1729913655506},{""box"":{""left"":7631,""right"":6879,""top"":8584,""bottom"":9449},""time"":1729913655604},{""box"":{""left"":7631,""right"":6879,""top"":8584,""bottom"":9449},""time"":1729913655667},{""box"":{""left"":7631,""right"":6879,""top"":8584,""bottom"":9449},""time"":1729913655730},{""box"":{""left"":7631,""right"":6879,""top"":8584,""bottom"":9449},""time"":1729913655792},{""box"":{""left"":7631,""right"":6879,""top"":8584,""bottom"":9449},""time"":1729913655865},{""box"":{""left"":7631,""right"":6879,""top"":8584,""bottom"":9449},""time"":1729913655948},{""box"":{""left"":7631,""right"":6879,""top"":8584,""bottom"":9449},""time"":1729913656013},{""box"":{""left"":7631,""right"":6879,""top"":8584,""bottom"":9449},""time"":1729913656732},{""box"":{""left"":7631,""right"":6879,""top"":8584,""bottom"":9449},""time"":1729913656805},{""box"":{""left"":7631,""right"":6879,""top"":8584,""bottom"":9449},""time"":1729913657009},{""box"":{""left"":7631,""right"":6879,""top"":8584,""bottom"":9449},""time"":1729913657071},{""box"":{""left"":7631,""right"":6879,""top"":8584,""bottom"":9449},""time"":1729913657134},{""box"":{""left"":7631,""right"":6879,""top"":8584,""bottom"":9449},""time"":1729913657197},{""box"":{""left"":7631,""right"":6879,""top"":8584,""bottom"":9449},""time"":1729913657259}",,,,,
56989,Person,2024-10-26 12:34:06,2024-10-26 12:34:06,"{""left"":2318,""right"":4572,""top"":2587,""bottom"":6062}",,,,,
56990,Person,2024-10-26 12:34:08,2024-10-26 12:34:16,"{""left"":6361,""right"":2580,""top"":6648,""bottom"":4318},{""box"":{""left"":6361,""right"":2580,""top"":6648,""bottom"":4318},""time"":1729913648895},{""box"":{""left"":6361,""right"":2580,""top"":6648,""bottom"":4318},""time"":1729913649382},{""box"":{""left"":6361,""right"":2580,""top"":6648,""bottom"":4318},""time"":1729913649512},{""box"":{""left"":6361,""right"":2580,""top"":6648,""bottom"":4318},""time"":1729913649594},{""box"":{""left"":6361,""right"":2580,""top"":6648,""bottom"":4318},""time"":1729913649681},{""box"":{""left"":6361,""right"":2580,""top"":6648,""bottom"":4318},""time"":1729913649773},{""box"":{""left"":6361,""right"":2580,""top"":6648,""bottom"":4318},""time"":1729913649865},{""box"":{""left"":6361,""right"":2580,""top"":6648,""bottom"":4318},""time"":1729913649957},{""box"":{""left"":6361,""right"":2580,""top"":6648,""bottom"":4318},""time"":1729913650273},{""box"":{""left"":6361,""right"":2580,""top"":6648,""bottom"":4318},""time"":1729913650470},{""box"":{""left"":6361,""right"":2580,""top"":6648,""bottom"":4318},""time"":1729913650552},{""box"":{""left"":6361,""right"":2580,""top"":6648,""bottom"":4318},""time"":1729913650645},{""box"":{""left"":6361,""right"":2580,""top"":6648,""bottom"":4318},""time"":1729913650737},{""box"":{""left"":6361,""right"":2580,""top"":6648,""bottom"":4318},""time"":1729913650829},{""box"":{""left"":6361,""right"":2580,""top"":6648,""bottom"":4318},""time"":1729913650901},{""box"":{""left"":6361,""right"":2580,""top"":6648,""bottom"":4318},""time"":1729913650964},{""box"":{""left"":6361,""right"":2580,""top"":6648,""bottom"":4318},""time"":1729913651125},{""box"":{""left"":6361,""right"":2580,""top"":6648,""bottom"":4318},""time"":1729913651192},{""box"":{""left"":6361,""right"":2580,""top"":6648,""bottom"":4318},""time"":1729913651308},{""box"":{""left"":6361,""right"":2580,""top"":6648,""bottom"":4318},""time"":1729913651420},{""box"":{""left"":6361,""right"":2580,""top"":6648,""bottom"":4318},""time"":1729913651513},{""box"":{""left"":6361,""right"":2580,""top"":6648,""bottom"":4318},""time"":1729913651605},{""box"":{""left"":6361,""right"":2580,""top"":6648,""bottom"":4318},""time"":1729913651668},{""box"":{""left"":6361,""right"":2580,""top"":6648,""bottom"":4318},""time"":1729913651754},{""box"":{""left"":6361,""right"":2580,""top"":6648,""bottom"":4318},""time"":1729913651845},{""box"":{""left"":6361,""right"":2580,""top"":6648,""bottom"":4318},""time"":1729913651944},{""box"":{""left"":6361,""right"":2580,""top"":6648,""bottom"":4318},""time"":1729913652133},{""box"":{""left"":6361,""right"":2580,""top"":6648,""bottom"":4318},""time"":1729913652210},{""box"":{""left"":6361,""right"":2580,""top"":6648,""bottom"":4318},""time"":1729913652325},{""box"":{""left"":6361,""right"":2580,""top"":6648,""bottom"":4318},""time"":1729913652463},{""box"":{""left"":6361,""right"":2580,""top"":6648,""bottom"":4318},""time"":1729913652629},{""box"":{""left"":6361,""right"":2580,""top"":6648,""bottom"":4318},""time"":1729913652759},{""box"":{""left"":6361,""right"":2580,""top"":6648,""bottom"":4318},""time"":1729913652891},{""box"":{""left"":6361,""right"":2580,""top"":6648,""bottom"":4318},""time"":1729913653026},{""box"":{""left"":6361,""right"":2580,""top"":6648,""bottom"":4318},""time"":1729913653120},{""box"":{""left"":6361,""right"":2580,""top"":6648,""bottom"":4318},""time"":1729913653213},{""box"":{""left"":6361,""right"":2580,""top"":6648,""bottom"":4318},""time"":1729913653301},{""box"":{""left"":6361,""right"":2580,""top"":6648,""bottom"":4318},""time"":1729913653380},{""box"":{""left"":6361,""right"":2580,""top"":6648,""bottom"":4318},""time"":1729913653484},{""box"":{""left"":6361,""right"":2580,""top"":6648,""bottom"":4318},""time"":1729913653598},{""box"":{""left"":6361,""right"":2580,""top"":6648,""bottom"":4318},""time"":1729913653683},{""box"":{""left"":6361,""right"":2580,""top"":6648,""bottom"":4318},""time"":1729913653788},{""box"":{""left"":6361,""right"":2580,""top"":6648,""bottom"":4318},""time"":1729913653930},{""box"":{""left"":6361,""right"":2580,""top"":6648,""bottom"":4318},""time"":1729913654064},{""box"":{""left"":6361,""right"":2580,""top"":6648,""bottom"":4318},""time"":1729913654157},{""box"":{""left"":6361,""right"":2580,""top"":6648,""bottom"":4318},""time"":1729913654235},{""box"":{""left"":6361,""right"":2580,""top"":6648,""bottom"":4318},""time"":1729913654379},{""box"":{""left"":6361,""right"":2580,""top"":6648,""bottom"":4318},""time"":1729913654462},{""box"":{""left"":6361,""right"":2580,""top"":6648,""bottom"":4318},""time"":1729913654546},{""box"":{""left"":6361,""right"":2580,""top"":6648,""bottom"":4318},""time"":1729913654836},{""box"":{""left"":6361,""right"":2580,""top"":6648,""bottom"":4318},""time"":1729913654900},{""box"":{""left"":6361,""right"":2580,""top"":6648,""bottom"":4318},""time"":1729913654965},{""box"":{""left"":6361,""right"":2580,""top"":6648,""bottom"":4318},""time"":1729913655039},{""box"":{""left"":6361,""right"":2580,""top"":6648,""bottom"":4318},""time"":1729913655141},{""box"":{""left"":6361,""right"":2580,""top"":6648,""bottom"":4318},""time"":1729913655214},{""box"":{""left"":6361,""right"":2580,""top"":6648,""bottom"":4318},""time"":1729913655288},{""box"":{""left"":6361,""right"":2580,""top"":6648,""bottom"":4318},""time"":1729913655389},{""box"":{""left"":6361,""right"":2580,""top"":6648,""bottom"":4318},""time"":1729913655453},{""box"":{""left"":6361,""right"":2580,""top"":6648,""bottom"":4318},""time"":1729913655516},{""box"":{""left"":6361,""right"":2580,""top"":6648,""bottom"":4318},""time"":1729913655614},{""box"":{""left"":6361,""right"":2580,""top"":6648,""bottom"":4318},""time"":1729913655677},{""box"":{""left"":6361,""right"":2580,""top"":6648,""bottom"":4318},""time"":1729913655740},{""box"":{""left"":6361,""right"":2580,""top"":6648,""bottom"":4318},""time"":1729913655803},{""box"":{""left"":6361,""right"":2580,""top"":6648,""bottom"":4318},""time"":1729913655875},{""box"":{""left"":6361,""right"":2580,""top"":6648,""bottom"":4318},""time"":1729913655958},{""box"":{""left"":6361,""right"":2580,""top"":6648,""bottom"":4318},""time"":1729913656023},{""box"":{""left"":6361,""right"":2580,""top"":6648,""bottom"":4318},""time"":1729913656141},{""box"":{""left"":6361,""right"":2580,""top"":6648,""bottom"":4318},""time"":1729913656214},{""box"":{""left"":6361,""right"":2580,""top"":6648,""bottom"":4318},""time"":1729913656277}",,,,,
56991,Person,2024-10-26 12:34:09,2024-10-26 12:34:16,"{""left"":2797,""right"":3023,""top"":3141,""bottom"":4624},{""box"":{""left"":2797,""right"":3023,""top"":3141,""bottom"":4624},""time"":1729913649875},{""box"":{""left"":2797,""right"":3023,""top"":3141,""bottom"":4624},""time"":1729913649968},{""box"":{""left"":2797,""right"":3023,""top"":3141,""bottom"":4624},""time"":1729913650480},{""box"":{""left"":2797,""right"":3023,""top"":3141,""bottom"":4624},""time"":1729913650562},{""box"":{""left"":2797,""right"":3023,""top"":3141,""bottom"":4624},""time"":1729913650655},{""box"":{""left"":2797,""right"":3023,""top"":3141,""bottom"":4624},""time"":1729913650747},{""box"":{""left"":2797,""right"":3023,""top"":3141,""bottom"":4624},""time"":1729913650839},{""box"":{""left"":2797,""right"":3023,""top"":3141,""bottom"":4624},""time"":1729913650975},{""box"":{""left"":2797,""right"":3023,""top"":3141,""bottom"":4624},""time"":1729913651202},{""box"":{""left"":2797,""right"":3023,""top"":3141,""bottom"":4624},""time"":1729913651319},{""box"":{""left"":2797,""right"":3023,""top"":3141,""bottom"":4624},""time"":1729913651430},{""box"":{""left"":2797,""right"":3023,""top"":3141,""bottom"":4624},""time"":1729913651523},{""box"":{""left"":2797,""right"":3023,""top"":3141,""bottom"":4624},""time"":1729913651678},{""box"":{""left"":2797,""right"":3023,""top"":3141,""bottom"":4624},""time"":1729913651764},{""box"":{""left"":2797,""right"":3023,""top"":3141,""bottom"":4624},""time"":1729913651856},{""box"":{""left"":2797,""right"":3023,""top"":3141,""bottom"":4624},""time"":1729913651953},{""box"":{""left"":2797,""right"":3023,""top"":3141,""bottom"":4624},""time"":1729913652143},{""box"":{""left"":2797,""right"":3023,""top"":3141,""bottom"":4624},""time"":1729913652220},{""box"":{""left"":2797,""right"":3023,""top"":3141,""bottom"":4624},""time"":1729913652473},{""box"":{""left"":2797,""right"":3023,""top"":3141,""bottom"":4624},""time"":1729913652640},{""box"":{""left"":2797,""right"":3023,""top"":3141,""bottom"":4624},""time"":1729913652769},{""box"":{""left"":2797,""right"":3023,""top"":3141,""bottom"":4624},""time"":1729913652902},{""box"":{""left"":2797,""right"":3023,""top"":3141,""bottom"":4624},""time"":1729913653037},{""box"":{""left"":2797,""right"":3023,""top"":3141,""bottom"":4624},""time"":1729913653130},{""box"":{""left"":2797,""right"":3023,""top"":3141,""bottom"":4624},""time"":1729913653223},{""box"":{""left"":2797,""right"":3023,""top"":3141,""bottom"":4624},""time"":1729913653390},{""box"":{""left"":2797,""right"":3023,""top"":3141,""bottom"":4624},""time"":1729913653494},{""box"":{""left"":2797,""right"":3023,""top"":3141,""bottom"":4624},""time"":1729913653609},{""box"":{""left"":2797,""right"":3023,""top"":3141,""bottom"":4624},""time"":1729913653694},{""box"":{""left"":2797,""right"":3023,""top"":3141,""bottom"":4624},""time"":1729913653798},{""box"":{""left"":2797,""right"":3023,""top"":3141,""bottom"":4624},""time"":1729913653940},{""box"":{""left"":2797,""right"":3023,""top"":3141,""bottom"":4624},""time"":1729913654074},{""box"":{""left"":2797,""right"":3023,""top"":3141,""bottom"":4624},""time"":1729913654245},{""box"":{""left"":2797,""right"":3023,""top"":3141,""bottom"":4624},""time"":1729913654389},{""box"":{""left"":2797,""right"":3023,""top"":3141,""bottom"":4624},""time"":1729913654472},{""box"":{""left"":2797,""right"":3023,""top"":3141,""bottom"":4624},""time"":1729913654556},{""box"":{""left"":2797,""right"":3023,""top"":3141,""bottom"":4624},""time"":1729913654846},{""box"":{""left"":2797,""right"":3023,""top"":3141,""bottom"":4624},""time"":1729913654910},{""box"":{""left"":2797,""right"":3023,""top"":3141,""bottom"":4624},""time"":1729913654975},{""box"":{""left"":2797,""right"":3023,""top"":3141,""bottom"":4624},""time"":1729913655049},{""box"":{""left"":2797,""right"":3023,""top"":3141,""bottom"":4624},""time"":1729913655151},{""box"":{""left"":2797,""right"":3023,""top"":3141,""bottom"":4624},""time"":1729913655225},{""box"":{""left"":2797,""right"":3023,""top"":3141,""bottom"":4624},""time"":1729913655298},{""box"":{""left"":2797,""right"":3023,""top"":3141,""bottom"":4624},""time"":1729913655400},{""box"":{""left"":2797,""right"":3023,""top"":3141,""bottom"":4624},""time"":1729913655463},{""box"":{""left"":2797,""right"":3023,""top"":3141,""bottom"":4624},""time"":1729913655527},{""box"":{""left"":2797,""right"":3023,""top"":3141,""bottom"":4624},""time"":1729913655625},{""box"":{""left"":2797,""right"":3023,""top"":3141,""bottom"":4624},""time"":1729913655688},{""box"":{""left"":2797,""right"":3023,""top"":3141,""bottom"":4624},""time"":1729913655751},{""box"":{""left"":2797,""right"":3023,""top"":3141,""bottom"":4624},""time"":1729913655813},{""box"":{""left"":2797,""right"":3023,""top"":3141,""bottom"":4624},""time"":1729913655885},{""box"":{""left"":2797,""right"":3023,""top"":3141,""bottom"":4624},""time"":1729913655968},{""box"":{""left"":2797,""right"":3023,""top"":3141,""bottom"":4624},""time"":1729913656034},{""box"":{""left"":2797,""right"":3023,""top"":3141,""bottom"":4624},""time"":1729913656089},{""box"":{""left"":2797,""right"":3023,""top"":3141,""bottom"":4624},""time"":1729913656152},{""box"":{""left"":2797,""right"":3023,""top"":3141,""bottom"":4624},""time"":1729913656225},{""box"":{""left"":2797,""right"":3023,""top"":3141,""bottom"":4624},""time"":1729913656287},{""box"":{""left"":2797,""right"":3023,""top"":3141,""bottom"":4624},""time"":1729913656742}",,,,,
56992,Face,2024-10-26 12:34:08,2024-10-26 12:34:08,"{""left"":4959,""right"":8427,""top"":5373,""bottom"":9030},{""box"":{""left"":4723,""right"":8529,""top"":5137,""bottom"":9132},""time"":1729913648406}","6,12",male,,,
56993,Face,2024-10-26 12:34:08,2024-10-26 12:34:08,"{""left"":5949,""right"":8049,""top"":6324,""bottom"":8540}","6,12",male,,,
56994,Face,2024-10-26 12:34:11,2024-10-26 12:34:12,"{""left"":3377,""right"":5503,""top"":3762,""bottom"":6003}","18,24",,,,
56995,Person,2024-10-26 12:34:09,2024-10-26 12:34:47,"{""left"":1781,""right"":2241,""top"":2056,""bottom"":4146},{""box"":{""left"":1781,""right"":2241,""top"":2056,""bottom"":4146},""time"":1729913649701},{""box"":{""left"":1781,""right"":2241,""top"":2056,""bottom"":4146},""time"":1729913649793},{""box"":{""left"":1781,""right"":2241,""top"":2056,""bottom"":4146},""time"":1729913649886},{""box"":{""left"":1781,""right"":2241,""top"":2056,""bottom"":4146},""time"":1729913649978},{""box"":{""left"":1781,""right"":2241,""top"":2056,""bottom"":4146},""time"":1729913650294},{""box"":{""left"":1781,""right"":2241,""top"":2056,""bottom"":4146},""time"":1729913650490},{""box"":{""left"":1781,""right"":2241,""top"":2056,""bottom"":4146},""time"":1729913650572},{""box"":{""left"":1781,""right"":2241,""top"":2056,""bottom"":4146},""time"":1729913650665},{""box"":{""left"":1781,""right"":2241,""top"":2056,""bottom"":4146},""time"":1729913650757},{""box"":{""left"":1781,""right"":2241,""top"":2056,""bottom"":4146},""time"":1729913650850},{""box"":{""left"":1781,""right"":2241,""top"":2056,""bottom"":4146},""time"":1729913650985},{""box"":{""left"":1781,""right"":2241,""top"":2056,""bottom"":4146},""time"":1729913651212},{""box"":{""left"":1781,""right"":2241,""top"":2056,""bottom"":4146},""time"":1729913651441},{""box"":{""left"":1781,""right"":2241,""top"":2056,""bottom"":4146},""time"":1729913651533},{""box"":{""left"":1781,""right"":2241,""top"":2056,""bottom"":4146},""time"":1729913651688},{""box"":{""left"":1781,""right"":2241,""top"":2056,""bottom"":4146},""time"":1729913651779},{""box"":{""left"":1781,""right"":2241,""top"":2056,""bottom"":4146},""time"":1729913651876},{""box"":{""left"":1781,""right"":2241,""top"":2056,""bottom"":4146},""time"":1729913652241},{""box"":{""left"":1781,""right"":2241,""top"":2056,""bottom"":4146},""time"":1729913652483},{""box"":{""left"":1781,""right"":2241,""top"":2056,""bottom"":4146},""time"":1729913652650},{""box"":{""left"":1781,""right"":2241,""top"":2056,""bottom"":4146},""time"":1729913652779},{""box"":{""left"":1781,""right"":2241,""top"":2056,""bottom"":4146},""time"":1729913652912},{""box"":{""left"":1781,""right"":2241,""top"":2056,""bottom"":4146},""time"":1729913653046},{""box"":{""left"":1781,""right"":2241,""top"":2056,""bottom"":4146},""time"":1729913653140},{""box"":{""left"":1781,""right"":2241,""top"":2056,""bottom"":4146},""time"":1729913653401},{""box"":{""left"":1781,""right"":2241,""top"":2056,""bottom"":4146},""time"":1729913653505},{""box"":{""left"":1781,""right"":2241,""top"":2056,""bottom"":4146},""time"":1729913653704},{""box"":{""left"":1781,""right"":2241,""top"":2056,""bottom"":4146},""time"":1729913653950},{""box"":{""left"":1781,""right"":2241,""top"":2056,""bottom"":4146},""time"":1729913654084},{""box"":{""left"":1781,""right"":2241,""top"":2056,""bottom"":4146},""time"":1729913654256},{""box"":{""left"":1781,""right"":2241,""top"":2056,""bottom"":4146},""time"":1729913654400},{""box"":{""left"":1781,""right"":2241,""top"":2056,""bottom"":4146},""time"":1729913654483},{""box"":{""left"":1781,""right"":2241,""top"":2056,""bottom"":4146},""time"":1729913654566},{""box"":{""left"":1781,""right"":2241,""top"":2056,""bottom"":4146},""time"":1729913655235},{""box"":{""left"":1781,""right"":2241,""top"":2056,""bottom"":4146},""time"":1729913655896},{""box"":{""left"":1781,""right"":2241,""top"":2056,""bottom"":4146},""time"":1729913656099},{""box"":{""left"":1781,""right"":2241,""top"":2056,""bottom"":4146},""time"":1729913656161},{""box"":{""left"":1781,""right"":2241,""top"":2056,""bottom"":4146},""time"":1729913656235},{""box"":{""left"":1781,""right"":2241,""top"":2056,""bottom"":4146},""time"":1729913656297},{""box"":{""left"":1781,""right"":2241,""top"":2056,""bottom"":4146},""time"":1729913656752},{""box"":{""left"":1781,""right"":2241,""top"":2056,""bottom"":4146},""time"":1729913656815},{""box"":{""left"":1781,""right"":2241,""top"":2056,""bottom"":4146},""time"":1729913657019},{""box"":{""left"":1781,""right"":2241,""top"":2056,""bottom"":4146},""time"":1729913657081},{""box"":{""left"":1781,""right"":2241,""top"":2056,""bottom"":4146},""time"":1729913657144},{""box"":{""left"":1781,""right"":2241,""top"":2056,""bottom"":4146},""time"":1729913657207},{""box"":{""left"":1781,""right"":2241,""top"":2056,""bottom"":4146},""time"":1729913657269},{""box"":{""left"":1781,""right"":2241,""top"":2056,""bottom"":4146},""time"":1729913657418},{""box"":{""left"":1781,""right"":2241,""top"":2056,""bottom"":4146},""time"":1729913657686},{""box"":{""left"":1781,""right"":2241,""top"":2056,""bottom"":4146},""time"":1729913657754},{""box"":{""left"":1781,""right"":2241,""top"":2056,""bottom"":4146},""time"":1729913657817},{""box"":{""left"":1781,""right"":2241,""top"":2056,""bottom"":4146},""time"":1729913657870},{""box"":{""left"":1781,""right"":2241,""top"":2056,""bottom"":4146},""time"":1729913657934},{""box"":{""left"":1781,""right"":2241,""top"":2056,""bottom"":4146},""time"":1729913657986},{""box"":{""left"":1781,""right"":2241,""top"":2056,""bottom"":4146},""time"":1729913658038},{""box"":{""left"":1781,""right"":2241,""top"":2056,""bottom"":4146},""time"":1729913658084},{""box"":{""left"":1781,""right"":2241,""top"":2056,""bottom"":4146},""time"":1729913658346},{""box"":{""left"":1781,""right"":2241,""top"":2056,""bottom"":4146},""time"":1729913658609},{""box"":{""left"":1781,""right"":2241,""top"":2056,""bottom"":4146},""time"":1729913659028},{""box"":{""left"":1781,""right"":2241,""top"":2056,""bottom"":4146},""time"":1729913659081},{""box"":{""left"":1781,""right"":2241,""top"":2056,""bottom"":4146},""time"":1729913659176},{""box"":{""left"":1781,""right"":2241,""top"":2056,""bottom"":4146},""time"":1729913659239},{""box"":{""left"":1781,""right"":2241,""top"":2056,""bottom"":4146},""time"":1729913659375},{""box"":{""left"":1781,""right"":2241,""top"":2056,""bottom"":4146},""time"":1729913659459},{""box"":{""left"":1781,""right"":2241,""top"":2056,""bottom"":4146},""time"":1729913659491},{""box"":{""left"":1781,""right"":2241,""top"":2056,""bottom"":4146},""time"":1729913659550},{""box"":{""left"":1781,""right"":2241,""top"":2056,""bottom"":4146},""time"":1729913659582},{""box"":{""left"":1781,""right"":2241,""top"":2056,""bottom"":4146},""time"":1729913659640},{""box"":{""left"":1781,""right"":2241,""top"":2056,""bottom"":4146},""time"":1729913659670},{""box"":{""left"":1781,""right"":2241,""top"":2056,""bottom"":4146},""time"":1729913659750},{""box"":{""left"":1781,""right"":2241,""top"":2056,""bottom"":4146},""time"":1729913659825},{""box"":{""left"":1781,""right"":2241,""top"":2056,""bottom"":4146},""time"":1729913659867},{""box"":{""left"":1781,""right"":2241,""top"":2056,""bottom"":4146},""time"":1729913659898},{""box"":{""left"":1781,""right"":2241,""top"":2056,""bottom"":4146},""time"":1729913660094},{""box"":{""left"":1781,""right"":2241,""top"":2056,""bottom"":4146},""time"":1729913660126},{""box"":{""left"":1781,""right"":2241,""top"":2056,""bottom"":4146},""time"":1729913660375},{""box"":{""left"":1781,""right"":2241,""top"":2056,""bottom"":4146},""time"":1729913660408},{""box"":{""left"":1781,""right"":2241,""top"":2056,""bottom"":4146},""time"":1729913660665},{""box"":{""left"":1781,""right"":2241,""top"":2056,""bottom"":4146},""time"":1729913660762},{""box"":{""left"":1781,""right"":2241,""top"":2056,""bottom"":4146},""time"":1729913660874},{""box"":{""left"":1781,""right"":2241,""top"":2056,""bottom"":4146},""time"":1729913660946},{""box"":{""left"":1781,""right"":2241,""top"":2056,""bottom"":4146},""time"":1729913660996},{""box"":{""left"":1781,""right"":2241,""top"":2056,""bottom"":4146},""time"":1729913661018},{""box"":{""left"":1781,""right"":2241,""top"":2056,""bottom"":4146},""time"":1729913661082},{""box"":{""left"":1781,""right"":2241,""top"":2056,""bottom"":4146},""time"":1729913661146},{""box"":{""left"":1781,""right"":2241,""top"":2056,""bottom"":4146},""time"":1729913661199},{""box"":{""left"":1781,""right"":2241,""top"":2056,""bottom"":4146},""time"":1729913661221},{""box"":{""left"":1781,""right"":2241,""top"":2056,""bottom"":4146},""time"":1729913661329},{""box"":{""left"":1781,""right"":2241,""top"":2056,""bottom"":4146},""time"":1729913661422},{""box"":{""left"":1781,""right"":2241,""top"":2056,""bottom"":4146},""time"":1729913661512},{""box"":{""left"":1781,""right"":2241,""top"":2056,""bottom"":4146},""time"":1729913661533},{""box"":{""left"":1781,""right"":2241,""top"":2056,""bottom"":4146},""time"":1729913661575},{""box"":{""left"":1781,""right"":2241,""top"":2056,""bottom"":4146},""time"":1729913661597},{""box"":{""left"":1781,""right"":2241,""top"":2056,""bottom"":4146},""time"":1729913661639},{""box"":{""left"":1781,""right"":2241,""top"":2056,""bottom"":4146},""time"":1729913661660},{""box"":{""left"":1781,""right"":2241,""top"":2056,""bottom"":4146},""time"":1729913661702},{""box"":{""left"":1781,""right"":2241,""top"":2056,""bottom"":4146},""time"":1729913661723},{""box"":{""left"":1781,""right"":2241,""top"":2056,""bottom"":4146},""time"":1729913661765},{""box"":{""left"":1781,""right"":2241,""top"":2056,""bottom"":4146},""time"":1729913661786},{""box"":{""left"":1781,""right"":2241,""top"":2056,""bottom"":4146},""time"":1729913661801},{""box"":{""left"":1781,""right"":2241,""top"":2056,""bottom"":4146},""time"":1729913661822},{""box"":{""left"":1781,""right"":2241,""top"":2056,""bottom"":4146},""time"":1729913661864},{""box"":{""left"":1781,""right"":2241,""top"":2056,""bottom"":4146},""time"":1729913661886},{""box"":{""left"":1781,""right"":2241,""top"":2056,""bottom"":4146},""time"":1729913661928},{""box"":{""left"":1781,""right"":2241,""top"":2056,""bottom"":4146},""time"":1729913661949},{""box"":{""left"":1781,""right"":2241,""top"":2056,""bottom"":4146},""time"":1729913661996},{""box"":{""left"":1781,""right"":2241,""top"":2056,""bottom"":4146},""time"":1729913662017},{""box"":{""left"":1781,""right"":2241,""top"":2056,""bottom"":4146},""time"":1729913662069},{""box"":{""left"":1781,""right"":2241,""top"":2056,""bottom"":4146},""time"":1729913662090},{""box"":{""left"":1781,""right"":2241,""top"":2056,""bottom"":4146},""time"":1729913662123},{""box"":{""left"":1781,""right"":2241,""top"":2056,""bottom"":4146},""time"":1729913662144},{""box"":{""left"":1781,""right"":2241,""top"":2056,""bottom"":4146},""time"":1729913662187},{""box"":{""left"":1781,""right"":2241,""top"":2056,""bottom"":4146},""time"":1729913662208},{""box"":{""left"":1781,""right"":2241,""top"":2056,""bottom"":4146},""time"":1729913662240},{""box"":{""left"":1781,""right"":2241,""top"":2056,""bottom"":4146},""time"":1729913662261},{""box"":{""left"":1781,""right"":2241,""top"":2056,""bottom"":4146},""time"":1729913662304},{""box"":{""left"":1781,""right"":2241,""top"":2056,""bottom"":4146},""time"":1729913662326},{""box"":{""left"":1781,""right"":2241,""top"":2056,""bottom"":4146},""time"":1729913662358},{""box"":{""left"":1781,""right"":2241,""top"":2056,""bottom"":4146},""time"":1729913662380},{""box"":{""left"":1781,""right"":2241,""top"":2056,""bottom"":4146},""time"":1729913662629},{""box"":{""left"":1781,""right"":2241,""top"":2056,""bottom"":4146},""time"":1729913663136},{""box"":{""left"":1781,""right"":2241,""top"":2056,""bottom"":4146},""time"":1729913663158},{""box"":{""left"":1781,""right"":2241,""top"":2056,""bottom"":4146},""time"":1729913663311},{""box"":{""left"":1781,""right"":2241,""top"":2056,""bottom"":4146},""time"":1729913663364},{""box"":{""left"":1781,""right"":2241,""top"":2056,""bottom"":4146},""time"":1729913663386},{""box"":{""left"":1781,""right"":2241,""top"":2056,""bottom"":4146},""time"":1729913663477},{""box"":{""left"":1781,""right"":2241,""top"":2056,""bottom"":4146},""time"":1729913663498},{""box"":{""left"":1781,""right"":2241,""top"":2056,""bottom"":4146},""time"":1729913663542},{""box"":{""left"":1781,""right"":2241,""top"":2056,""bottom"":4146},""time"":1729913663564},{""box"":{""left"":1781,""right"":2241,""top"":2056,""bottom"":4146},""time"":1729913663931},{""box"":{""left"":1781,""right"":2241,""top"":2056,""bottom"":4146},""time"":1729913663953},{""box"":{""left"":1781,""right"":2241,""top"":2056,""bottom"":4146},""time"":1729913664107},{""box"":{""left"":1781,""right"":2241,""top"":2056,""bottom"":4146},""time"":1729913664128},{""box"":{""left"":1781,""right"":2241,""top"":2056,""bottom"":4146},""time"":1729913664168},{""box"":{""left"":1781,""right"":2241,""top"":2056,""bottom"":4146},""time"":1729913664201},{""box"":{""left"":1781,""right"":2241,""top"":2056,""bottom"":4146},""time"":1729913664254},{""box"":{""left"":1781,""right"":2241,""top"":2056,""bottom"":4146},""time"":1729913664276},{""box"":{""left"":1781,""right"":2241,""top"":2056,""bottom"":4146},""time"":1729913664404},{""box"":{""left"":1781,""right"":2241,""top"":2056,""bottom"":4146},""time"":1729913664426},{""box"":{""left"":1781,""right"":2241,""top"":2056,""bottom"":4146},""time"":1729913664469},{""box"":{""left"":1781,""right"":2241,""top"":2056,""bottom"":4146},""time"":1729913664491},{""box"":{""left"":1781,""right"":2241,""top"":2056,""bottom"":4146},""time"":1729913664534},{""box"":{""left"":1781,""right"":2241,""top"":2056,""bottom"":4146},""time"":1729913664567},{""box"":{""left"":1781,""right"":2241,""top"":2056,""bottom"":4146},""time"":1729913664620},{""box"":{""left"":1781,""right"":2241,""top"":2056,""bottom"":4146},""time"":1729913664642},{""box"":{""left"":1781,""right"":2241,""top"":2056,""bottom"":4146},""time"":1729913664675},{""box"":{""left"":1781,""right"":2241,""top"":2056,""bottom"":4146},""time"":1729913664696},{""box"":{""left"":1781,""right"":2241,""top"":2056,""bottom"":4146},""time"":1729913664729},{""box"":{""left"":1781,""right"":2241,""top"":2056,""bottom"":4146},""time"":1729913664751},{""box"":{""left"":1781,""right"":2241,""top"":2056,""bottom"":4146},""time"":1729913664819},{""box"":{""left"":1781,""right"":2241,""top"":2056,""bottom"":4146},""time"":1729913664840},{""box"":{""left"":1781,""right"":2241,""top"":2056,""bottom"":4146},""time"":1729913664873},{""box"":{""left"":1781,""right"":2241,""top"":2056,""bottom"":4146},""time"":1729913664895},{""box"":{""left"":1781,""right"":2241,""top"":2056,""bottom"":4146},""time"":1729913664938},{""box"":{""left"":1781,""right"":2241,""top"":2056,""bottom"":4146},""time"":1729913664960},{""box"":{""left"":1781,""right"":2241,""top"":2056,""bottom"":4146},""time"":1729913665036},{""box"":{""left"":1781,""right"":2241,""top"":2056,""bottom"":4146},""time"":1729913665090},{""box"":{""left"":1781,""right"":2241,""top"":2056,""bottom"":4146},""time"":1729913665141},{""box"":{""left"":1781,""right"":2241,""top"":2056,""bottom"":4146},""time"":1729913665204},{""box"":{""left"":1781,""right"":2241,""top"":2056,""bottom"":4146},""time"":1729913665215},{""box"":{""left"":1781,""right"":2241,""top"":2056,""bottom"":4146},""time"":1729913665263},{""box"":{""left"":1781,""right"":2241,""top"":2056,""bottom"":4146},""time"":1729913665326},{""box"":{""left"":1781,""right"":2241,""top"":2056,""bottom"":4146},""time"":1729913665377},{""box"":{""left"":1781,""right"":2241,""top"":2056,""bottom"":4146},""time"":1729913665439},{""box"":{""left"":1781,""right"":2241,""top"":2056,""bottom"":4146},""time"":1729913665450},{""box"":{""left"":1781,""right"":2241,""top"":2056,""bottom"":4146},""time"":1729913665503},{""box"":{""left"":1781,""right"":2241,""top"":2056,""bottom"":4146},""time"":1729913665514},{""box"":{""left"":1781,""right"":2241,""top"":2056,""bottom"":4146},""time"":1729913665567},{""box"":{""left"":1781,""right"":2241,""top"":2056,""bottom"":4146},""time"":1729913665606},{""box"":{""left"":1781,""right"":2241,""top"":2056,""bottom"":4146},""time"":1729913665617},{""box"":{""left"":1781,""right"":2241,""top"":2056,""bottom"":4146},""time"":1729913665671},{""box"":{""left"":1781,""right"":2241,""top"":2056,""bottom"":4146},""time"":1729913665682},{""box"":{""left"":1781,""right"":2241,""top"":2056,""bottom"":4146},""time"":1729913665735},{""box"":{""left"":1781,""right"":2241,""top"":2056,""bottom"":4146},""time"":1729913665746},{""box"":{""left"":1781,""right"":2241,""top"":2056,""bottom"":4146},""time"":1729913665798},{""box"":{""left"":1781,""right"":2241,""top"":2056,""bottom"":4146},""time"":1729913665851},{""box"":{""left"":1781,""right"":2241,""top"":2056,""bottom"":4146},""time"":1729913665862},{""box"":{""left"":1781,""right"":2241,""top"":2056,""bottom"":4146},""time"":1729913665914},{""box"":{""left"":1781,""right"":2241,""top"":2056,""bottom"":4146},""time"":1729913665967},{""box"":{""left"":1781,""right"":2241,""top"":2056,""bottom"":4146},""time"":1729913666010},{""box"":{""left"":1781,""right"":2241,""top"":2056,""bottom"":4146},""time"":1729913666021},{""box"":{""left"":1781,""right"":2241,""top"":2056,""bottom"":4146},""time"":1729913666074},{""box"":{""left"":1781,""right"":2241,""top"":2056,""bottom"":4146},""time"":1729913666126},{""box"":{""left"":1781,""right"":2241,""top"":2056,""bottom"":4146},""time"":1729913666137},{""box"":{""left"":1781,""right"":2241,""top"":2056,""bottom"":4146},""time"":1729913666190},{""box"":{""left"":1781,""right"":2241,""top"":2056,""bottom"":4146},""time"":1729913666243},{""box"":{""left"":1781,""right"":2241,""top"":2056,""bottom"":4146},""time"":1729913666300},{""box"":{""left"":1781,""right"":2241,""top"":2056,""bottom"":4146},""time"":1729913666311},{""box"":{""left"":1781,""right"":2241,""top"":2056,""bottom"":4146},""time"":1729913666363},{""box"":{""left"":1781,""right"":2241,""top"":2056,""bottom"":4146},""time"":1729913666416},{""box"":{""left"":1781,""right"":2241,""top"":2056,""bottom"":4146},""time"":1729913666427},{""box"":{""left"":1781,""right"":2241,""top"":2056,""bottom"":4146},""time"":1729913666480},{""box"":{""left"":1781,""right"":2241,""top"":2056,""bottom"":4146},""time"":1729913666532},{""box"":{""left"":1781,""right"":2241,""top"":2056,""bottom"":4146},""time"":1729913666543},{""box"":{""left"":1781,""right"":2241,""top"":2056,""bottom"":4146},""time"":1729913666596},{""box"":{""left"":1781,""right"":2241,""top"":2056,""bottom"":4146},""time"":1729913666607},{""box"":{""left"":1781,""right"":2241,""top"":2056,""bottom"":4146},""time"":1729913666659},{""box"":{""left"":1781,""right"":2241,""top"":2056,""bottom"":4146},""time"":1729913666712},{""box"":{""left"":1781,""right"":2241,""top"":2056,""bottom"":4146},""time"":1729913666723},{""box"":{""left"":1781,""right"":2241,""top"":2056,""bottom"":4146},""time"":1729913666776},{""box"":{""left"":1781,""right"":2241,""top"":2056,""bottom"":4146},""time"":1729913666815},{""box"":{""left"":1781,""right"":2241,""top"":2056,""bottom"":4146},""time"":1729913666877},{""box"":{""left"":1781,""right"":2241,""top"":2056,""bottom"":4146},""time"":1729913666888},{""box"":{""left"":1781,""right"":2241,""top"":2056,""bottom"":4146},""time"":1729913666941},{""box"":{""left"":1781,""right"":2241,""top"":2056,""bottom"":4146},""time"":1729913666990},{""box"":{""left"":1781,""right"":2241,""top"":2056,""bottom"":4146},""time"":1729913667050},{""box"":{""left"":1781,""right"":2241,""top"":2056,""bottom"":4146},""time"":1729913667061},{""box"":{""left"":1781,""right"":2241,""top"":2056,""bottom"":4146},""time"":1729913667114},{""box"":{""left"":1781,""right"":2241,""top"":2056,""bottom"":4146},""time"":1729913667207},{""box"":{""left"":1781,""right"":2241,""top"":2056,""bottom"":4146},""time"":1729913667218},{""box"":{""left"":1781,""right"":2241,""top"":2056,""bottom"":4146},""time"":1729913667271},{""box"":{""left"":1781,""right"":2241,""top"":2056,""bottom"":4146},""time"":1729913667321},{""box"":{""left"":1781,""right"":2241,""top"":2056,""bottom"":4146},""time"":1729913667332},{""box"":{""left"":1781,""right"":2241,""top"":2056,""bottom"":4146},""time"":1729913667385},{""box"":{""left"":1781,""right"":2241,""top"":2056,""bottom"":4146},""time"":1729913667395},{""box"":{""left"":1781,""right"":2241,""top"":2056,""bottom"":4146},""time"":1729913667448},{""box"":{""left"":1781,""right"":2241,""top"":2056,""bottom"":4146},""time"":1729913667501},{""box"":{""left"":1781,""right"":2241,""top"":2056,""bottom"":4146},""time"":1729913667512},{""box"":{""left"":1781,""right"":2241,""top"":2056,""bottom"":4146},""time"":1729913667564},{""box"":{""left"":1781,""right"":2241,""top"":2056,""bottom"":4146},""time"":1729913667575},{""box"":{""left"":1781,""right"":2241,""top"":2056,""bottom"":4146},""time"":1729913667618},{""box"":{""left"":1781,""right"":2241,""top"":2056,""bottom"":4146},""time"":1729913667628},{""box"":{""left"":1781,""right"":2241,""top"":2056,""bottom"":4146},""time"":1729913667681},{""box"":{""left"":1781,""right"":2241,""top"":2056,""bottom"":4146},""time"":1729913667724},{""box"":{""left"":1781,""right"":2241,""top"":2056,""bottom"":4146},""time"":1729913667735},{""box"":{""left"":1781,""right"":2241,""top"":2056,""bottom"":4146},""time"":1729913667785},{""box"":{""left"":1781,""right"":2241,""top"":2056,""bottom"":4146},""time"":1729913667835},{""box"":{""left"":1781,""right"":2241,""top"":2056,""bottom"":4146},""time"":1729913667898},{""box"":{""left"":1781,""right"":2241,""top"":2056,""bottom"":4146},""time"":1729913667950},{""box"":{""left"":1781,""right"":2241,""top"":2056,""bottom"":4146},""time"":1729913667961},{""box"":{""left"":1781,""right"":2241,""top"":2056,""bottom"":4146},""time"":1729913668010},{""box"":{""left"":1781,""right"":2241,""top"":2056,""bottom"":4146},""time"":1729913668021},{""box"":{""left"":1781,""right"":2241,""top"":2056,""bottom"":4146},""time"":1729913668074},{""box"":{""left"":1781,""right"":2241,""top"":2056,""bottom"":4146},""time"":1729913668085},{""box"":{""left"":1781,""right"":2241,""top"":2056,""bottom"":4146},""time"":1729913668138},{""box"":{""left"":1781,""right"":2241,""top"":2056,""bottom"":4146},""time"":1729913668148},{""box"":{""left"":1781,""right"":2241,""top"":2056,""bottom"":4146},""time"":1729913668201},{""box"":{""left"":1781,""right"":2241,""top"":2056,""bottom"":4146},""time"":1729913668212},{""box"":{""left"":1781,""right"":2241,""top"":2056,""bottom"":4146},""time"":1729913668254},{""box"":{""left"":1781,""right"":2241,""top"":2056,""bottom"":4146},""time"":1729913668265},{""box"":{""left"":1781,""right"":2241,""top"":2056,""bottom"":4146},""time"":1729913668324},{""box"":{""left"":1781,""right"":2241,""top"":2056,""bottom"":4146},""time"":1729913668334},{""box"":{""left"":1781,""right"":2241,""top"":2056,""bottom"":4146},""time"":1729913668397},{""box"":{""left"":1781,""right"":2241,""top"":2056,""bottom"":4146},""time"":1729913668409},{""box"":{""left"":1781,""right"":2241,""top"":2056,""bottom"":4146},""time"":1729913668472},{""box"":{""left"":1781,""right"":2241,""top"":2056,""bottom"":4146},""time"":1729913668483},{""box"":{""left"":1781,""right"":2241,""top"":2056,""bottom"":4146},""time"":1729913668546},{""box"":{""left"":1781,""right"":2241,""top"":2056,""bottom"":4146},""time"":1729913668599},{""box"":{""left"":1781,""right"":2241,""top"":2056,""bottom"":4146},""time"":1729913668610},{""box"":{""left"":1781,""right"":2241,""top"":2056,""bottom"":4146},""time"":1729913668673},{""box"":{""left"":1781,""right"":2241,""top"":2056,""bottom"":4146},""time"":1729913668727},{""box"":{""left"":1781,""right"":2241,""top"":2056,""bottom"":4146},""time"":1729913668780},{""box"":{""left"":1781,""right"":2241,""top"":2056,""bottom"":4146},""time"":1729913668791},{""box"":{""left"":1781,""right"":2241,""top"":2056,""bottom"":4146},""time"":1729913668843},{""box"":{""left"":1781,""right"":2241,""top"":2056,""bottom"":4146},""time"":1729913668886},{""box"":{""left"":1781,""right"":2241,""top"":2056,""bottom"":4146},""time"":1729913668897},{""box"":{""left"":1781,""right"":2241,""top"":2056,""bottom"":4146},""time"":1729913668950},{""box"":{""left"":1781,""right"":2241,""top"":2056,""bottom"":4146},""time"":1729913668961},{""box"":{""left"":1781,""right"":2241,""top"":2056,""bottom"":4146},""time"":1729913669013},{""box"":{""left"":1781,""right"":2241,""top"":2056,""bottom"":4146},""time"":1729913669025},{""box"":{""left"":1781,""right"":2241,""top"":2056,""bottom"":4146},""time"":1729913669077},{""box"":{""left"":1781,""right"":2241,""top"":2056,""bottom"":4146},""time"":1729913669088},{""box"":{""left"":1781,""right"":2241,""top"":2056,""bottom"":4146},""time"":1729913669141},{""box"":{""left"":1781,""right"":2241,""top"":2056,""bottom"":4146},""time"":1729913669194},{""box"":{""left"":1781,""right"":2241,""top"":2056,""bottom"":4146},""time"":1729913669205},{""box"":{""left"":1781,""right"":2241,""top"":2056,""bottom"":4146},""time"":1729913669258},{""box"":{""left"":1781,""right"":2241,""top"":2056,""bottom"":4146},""time"":1729913669269},{""box"":{""left"":1781,""right"":2241,""top"":2056,""bottom"":4146},""time"":1729913669311},{""box"":{""left"":1781,""right"":2241,""top"":2056,""bottom"":4146},""time"":1729913669323},{""box"":{""left"":1781,""right"":2241,""top"":2056,""bottom"":4146},""time"":1729913669365},{""box"":{""left"":1781,""right"":2241,""top"":2056,""bottom"":4146},""time"":1729913669408},{""box"":{""left"":1781,""right"":2241,""top"":2056,""bottom"":4146},""time"":1729913669418},{""box"":{""left"":1781,""right"":2241,""top"":2056,""bottom"":4146},""time"":1729913669461},{""box"":{""left"":1781,""right"":2241,""top"":2056,""bottom"":4146},""time"":1729913669472},{""box"":{""left"":1781,""right"":2241,""top"":2056,""bottom"":4146},""time"":1729913669514},{""box"":{""left"":1781,""right"":2241,""top"":2056,""bottom"":4146},""time"":1729913669525},{""box"":{""left"":1781,""right"":2241,""top"":2056,""bottom"":4146},""time"":1729913669567},{""box"":{""left"":1781,""right"":2241,""top"":2056,""bottom"":4146},""time"":1729913669579},{""box"":{""left"":1781,""right"":2241,""top"":2056,""bottom"":4146},""time"":1729913669621},{""box"":{""left"":1781,""right"":2241,""top"":2056,""bottom"":4146},""time"":1729913669644},{""box"":{""left"":1781,""right"":2241,""top"":2056,""bottom"":4146},""time"":1729913669654},{""box"":{""left"":1781,""right"":2241,""top"":2056,""bottom"":4146},""time"":1729913669697},{""box"":{""left"":1781,""right"":2241,""top"":2056,""bottom"":4146},""time"":1729913669708},{""box"":{""left"":1781,""right"":2241,""top"":2056,""bottom"":4146},""time"":1729913669751},{""box"":{""left"":1781,""right"":2241,""top"":2056,""bottom"":4146},""time"":1729913669761},{""box"":{""left"":1781,""right"":2241,""top"":2056,""bottom"":4146},""time"":1729913669804},{""box"":{""left"":1781,""right"":2241,""top"":2056,""bottom"":4146},""time"":1729913669815},{""box"":{""left"":1781,""right"":2241,""top"":2056,""bottom"":4146},""time"":1729913669858},{""box"":{""left"":1781,""right"":2241,""top"":2056,""bottom"":4146},""time"":1729913669868},{""box"":{""left"":1781,""right"":2241,""top"":2056,""bottom"":4146},""time"":1729913669911},{""box"":{""left"":1781,""right"":2241,""top"":2056,""bottom"":4146},""time"":1729913669922},{""box"":{""left"":1781,""right"":2241,""top"":2056,""bottom"":4146},""time"":1729913669975},{""box"":{""left"":1781,""right"":2241,""top"":2056,""bottom"":4146},""time"":1729913669986},{""box"":{""left"":1781,""right"":2241,""top"":2056,""bottom"":4146},""time"":1729913670029},{""box"":{""left"":1781,""right"":2241,""top"":2056,""bottom"":4146},""time"":1729913670039},{""box"":{""left"":1781,""right"":2241,""top"":2056,""bottom"":4146},""time"":1729913670082},{""box"":{""left"":1781,""right"":2241,""top"":2056,""bottom"":4146},""time"":1729913670093},{""box"":{""left"":1781,""right"":2241,""top"":2056,""bottom"":4146},""time"":1729913670136},{""box"":{""left"":1781,""right"":2241,""top"":2056,""bottom"":4146},""time"":1729913670146},{""box"":{""left"":1781,""right"":2241,""top"":2056,""bottom"":4146},""time"":1729913670189},{""box"":{""left"":1781,""right"":2241,""top"":2056,""bottom"":4146},""time"":1729913670200},{""box"":{""left"":1781,""right"":2241,""top"":2056,""bottom"":4146},""time"":1729913670243},{""box"":{""left"":1781,""right"":2241,""top"":2056,""bottom"":4146},""time"":1729913670253},{""box"":{""left"":1781,""right"":2241,""top"":2056,""bottom"":4146},""time"":1729913670303},{""box"":{""left"":1781,""right"":2241,""top"":2056,""bottom"":4146},""time"":1729913670315},{""box"":{""left"":1781,""right"":2241,""top"":2056,""bottom"":4146},""time"":1729913670366},{""box"":{""left"":1781,""right"":2241,""top"":2056,""bottom"":4146},""time"":1729913670377},{""box"":{""left"":1781,""right"":2241,""top"":2056,""bottom"":4146},""time"":1729913670429},{""box"":{""left"":1781,""right"":2241,""top"":2056,""bottom"":4146},""time"":1729913670440},{""box"":{""left"":1781,""right"":2241,""top"":2056,""bottom"":4146},""time"":1729913670489},{""box"":{""left"":1781,""right"":2241,""top"":2056,""bottom"":4146},""time"":1729913670544},{""box"":{""left"":1781,""right"":2241,""top"":2056,""bottom"":4146},""time"":1729913670607},{""box"":{""left"":1781,""right"":2241,""top"":2056,""bottom"":4146},""time"":1729913670617},{""box"":{""left"":1781,""right"":2241,""top"":2056,""bottom"":4146},""time"":1729913670667},{""box"":{""left"":1781,""right"":2241,""top"":2056,""bottom"":4146},""time"":1729913670721},{""box"":{""left"":1781,""right"":2241,""top"":2056,""bottom"":4146},""time"":1729913670731},{""box"":{""left"":1781,""right"":2241,""top"":2056,""bottom"":4146},""time"":1729913670782},{""box"":{""left"":1781,""right"":2241,""top"":2056,""bottom"":4146},""time"":1729913670794},{""box"":{""left"":1781,""right"":2241,""top"":2056,""bottom"":4146},""time"":1729913670837},{""box"":{""left"":1781,""right"":2241,""top"":2056,""bottom"":4146},""time"":1729913670895},{""box"":{""left"":1781,""right"":2241,""top"":2056,""bottom"":4146},""time"":1729913670906},{""box"":{""left"":1781,""right"":2241,""top"":2056,""bottom"":4146},""time"":1729913670954},{""box"":{""left"":1781,""right"":2241,""top"":2056,""bottom"":4146},""time"":1729913670966},{""box"":{""left"":1781,""right"":2241,""top"":2056,""bottom"":4146},""time"":1729913671009},{""box"":{""left"":1781,""right"":2241,""top"":2056,""bottom"":4146},""time"":1729913671020},{""box"":{""left"":1781,""right"":2241,""top"":2056,""bottom"":4146},""time"":1729913671068},{""box"":{""left"":1781,""right"":2241,""top"":2056,""bottom"":4146},""time"":1729913671120},{""box"":{""left"":1781,""right"":2241,""top"":2056,""bottom"":4146},""time"":1729913671173},{""box"":{""left"":1781,""right"":2241,""top"":2056,""bottom"":4146},""time"":1729913671235},{""box"":{""left"":1781,""right"":2241,""top"":2056,""bottom"":4146},""time"":1729913671246},{""box"":{""left"":1781,""right"":2241,""top"":2056,""bottom"":4146},""time"":1729913671300},{""box"":{""left"":1781,""right"":2241,""top"":2056,""bottom"":4146},""time"":1729913671310},{""box"":{""left"":1781,""right"":2241,""top"":2056,""bottom"":4146},""time"":1729913671364},{""box"":{""left"":1781,""right"":2241,""top"":2056,""bottom"":4146},""time"":1729913671375},{""box"":{""left"":1781,""right"":2241,""top"":2056,""bottom"":4146},""time"":1729913671429},{""box"":{""left"":1781,""right"":2241,""top"":2056,""bottom"":4146},""time"":1729913671440},{""box"":{""left"":1781,""right"":2241,""top"":2056,""bottom"":4146},""time"":1729913671494},{""box"":{""left"":1781,""right"":2241,""top"":2056,""bottom"":4146},""time"":1729913671528},{""box"":{""left"":1781,""right"":2241,""top"":2056,""bottom"":4146},""time"":1729913671582},{""box"":{""left"":1781,""right"":2241,""top"":2056,""bottom"":4146},""time"":1729913671592},{""box"":{""left"":1781,""right"":2241,""top"":2056,""bottom"":4146},""time"":1729913671647},{""box"":{""left"":1781,""right"":2241,""top"":2056,""bottom"":4146},""time"":1729913671700},{""box"":{""left"":1781,""right"":2241,""top"":2056,""bottom"":4146},""time"":1729913671752},{""box"":{""left"":1781,""right"":2241,""top"":2056,""bottom"":4146},""time"":1729913671807},{""box"":{""left"":1781,""right"":2241,""top"":2056,""bottom"":4146},""time"":1729913671817},{""box"":{""left"":1781,""right"":2241,""top"":2056,""bottom"":4146},""time"":1729913671872},{""box"":{""left"":1781,""right"":2241,""top"":2056,""bottom"":4146},""time"":1729913671925},{""box"":{""left"":1781,""right"":2241,""top"":2056,""bottom"":4146},""time"":1729913671947},{""box"":{""left"":1781,""right"":2241,""top"":2056,""bottom"":4146},""time"":1729913672001},{""box"":{""left"":1781,""right"":2241,""top"":2056,""bottom"":4146},""time"":1729913672022},{""box"":{""left"":1781,""right"":2241,""top"":2056,""bottom"":4146},""time"":1729913672043},{""box"":{""left"":1781,""right"":2241,""top"":2056,""bottom"":4146},""time"":1729913672055},{""box"":{""left"":1781,""right"":2241,""top"":2056,""bottom"":4146},""time"":1729913672109},{""box"":{""left"":1781,""right"":2241,""top"":2056,""bottom"":4146},""time"":1729913672156},{""box"":{""left"":1781,""right"":2241,""top"":2056,""bottom"":4146},""time"":1729913672207},{""box"":{""left"":1781,""right"":2241,""top"":2056,""bottom"":4146},""time"":1729913672218},{""box"":{""left"":1781,""right"":2241,""top"":2056,""bottom"":4146},""time"":1729913672272},{""box"":{""left"":1781,""right"":2241,""top"":2056,""bottom"":4146},""time"":1729913672294},{""box"":{""left"":1781,""right"":2241,""top"":2056,""bottom"":4146},""time"":1729913672348},{""box"":{""left"":1781,""right"":2241,""top"":2056,""bottom"":4146},""time"":1729913672359},{""box"":{""left"":1781,""right"":2241,""top"":2056,""bottom"":4146},""time"":1729913672413},{""box"":{""left"":1781,""right"":2241,""top"":2056,""bottom"":4146},""time"":1729913672436},{""box"":{""left"":1781,""right"":2241,""top"":2056,""bottom"":4146},""time"":1729913672498},{""box"":{""left"":1781,""right"":2241,""top"":2056,""bottom"":4146},""time"":1729913672559},{""box"":{""left"":1781,""right"":2241,""top"":2056,""bottom"":4146},""time"":1729913672611},{""box"":{""left"":1781,""right"":2241,""top"":2056,""bottom"":4146},""time"":1729913672671},{""box"":{""left"":1781,""right"":2241,""top"":2056,""bottom"":4146},""time"":1729913672735},{""box"":{""left"":1781,""right"":2241,""top"":2056,""bottom"":4146},""time"":1729913672795},{""box"":{""left"":1781,""right"":2241,""top"":2056,""bottom"":4146},""time"":1729913672849},{""box"":{""left"":1781,""right"":2241,""top"":2056,""bottom"":4146},""time"":1729913672910},{""box"":{""left"":1781,""right"":2241,""top"":2056,""bottom"":4146},""time"":1729913672973},{""box"":{""left"":1781,""right"":2241,""top"":2056,""bottom"":4146},""time"":1729913673026},{""box"":{""left"":1781,""right"":2241,""top"":2056,""bottom"":4146},""time"":1729913673081},{""box"":{""left"":1781,""right"":2241,""top"":2056,""bottom"":4146},""time"":1729913673103},{""box"":{""left"":1781,""right"":2241,""top"":2056,""bottom"":4146},""time"":1729913673157},{""box"":{""left"":1781,""right"":2241,""top"":2056,""bottom"":4146},""time"":1729913673180},{""box"":{""left"":1781,""right"":2241,""top"":2056,""bottom"":4146},""time"":1729913673241},{""box"":{""left"":1781,""right"":2241,""top"":2056,""bottom"":4146},""time"":1729913673263},{""box"":{""left"":1781,""right"":2241,""top"":2056,""bottom"":4146},""time"":1729913673308},{""box"":{""left"":1781,""right"":2241,""top"":2056,""bottom"":4146},""time"":1729913673362},{""box"":{""left"":1781,""right"":2241,""top"":2056,""bottom"":4146},""time"":1729913673406},{""box"":{""left"":1781,""right"":2241,""top"":2056,""bottom"":4146},""time"":1729913673521},{""box"":{""left"":1781,""right"":2241,""top"":2056,""bottom"":4146},""time"":1729913673582},{""box"":{""left"":1781,""right"":2241,""top"":2056,""bottom"":4146},""time"":1729913673644},{""box"":{""left"":1781,""right"":2241,""top"":2056,""bottom"":4146},""time"":1729913673707},{""box"":{""left"":1781,""right"":2241,""top"":2056,""bottom"":4146},""time"":1729913673762},{""box"":{""left"":1781,""right"":2241,""top"":2056,""bottom"":4146},""time"":1729913673773},{""box"":{""left"":1781,""right"":2241,""top"":2056,""bottom"":4146},""time"":1729913673817},{""box"":{""left"":1781,""right"":2241,""top"":2056,""bottom"":4146},""time"":1729913673828},{""box"":{""left"":1781,""right"":2241,""top"":2056,""bottom"":4146},""time"":1729913673872},{""box"":{""left"":1781,""right"":2241,""top"":2056,""bottom"":4146},""time"":1729913673936},{""box"":{""left"":1781,""right"":2241,""top"":2056,""bottom"":4146},""time"":1729913673991},{""box"":{""left"":1781,""right"":2241,""top"":2056,""bottom"":4146},""time"":1729913674002},{""box"":{""left"":1781,""right"":2241,""top"":2056,""bottom"":4146},""time"":1729913674046},{""box"":{""left"":1781,""right"":2241,""top"":2056,""bottom"":4146},""time"":1729913674069},{""box"":{""left"":1781,""right"":2241,""top"":2056,""bottom"":4146},""time"":1729913674102},{""box"":{""left"":1781,""right"":2241,""top"":2056,""bottom"":4146},""time"":1729913674113},{""box"":{""left"":1781,""right"":2241,""top"":2056,""bottom"":4146},""time"":1729913674157},{""box"":{""left"":1781,""right"":2241,""top"":2056,""bottom"":4146},""time"":1729913674169},{""box"":{""left"":1781,""right"":2241,""top"":2056,""bottom"":4146},""time"":1729913674215},{""box"":{""left"":1781,""right"":2241,""top"":2056,""bottom"":4146},""time"":1729913674226},{""box"":{""left"":1781,""right"":2241,""top"":2056,""bottom"":4146},""time"":1729913674274},{""box"":{""left"":1781,""right"":2241,""top"":2056,""bottom"":4146},""time"":1729913674285},{""box"":{""left"":1781,""right"":2241,""top"":2056,""bottom"":4146},""time"":1729913674326},{""box"":{""left"":1781,""right"":2241,""top"":2056,""bottom"":4146},""time"":1729913674338},{""box"":{""left"":1781,""right"":2241,""top"":2056,""bottom"":4146},""time"":1729913674387},{""box"":{""left"":1781,""right"":2241,""top"":2056,""bottom"":4146},""time"":1729913674398},{""box"":{""left"":1781,""right"":2241,""top"":2056,""bottom"":4146},""time"":1729913674440},{""box"":{""left"":1781,""right"":2241,""top"":2056,""bottom"":4146},""time"":1729913674462},{""box"":{""left"":1781,""right"":2241,""top"":2056,""bottom"":4146},""time"":1729913674501},{""box"":{""left"":1781,""right"":2241,""top"":2056,""bottom"":4146},""time"":1729913674512},{""box"":{""left"":1781,""right"":2241,""top"":2056,""bottom"":4146},""time"":1729913674556},{""box"":{""left"":1781,""right"":2241,""top"":2056,""bottom"":4146},""time"":1729913674616},{""box"":{""left"":1781,""right"":2241,""top"":2056,""bottom"":4146},""time"":1729913674675},{""box"":{""left"":1781,""right"":2241,""top"":2056,""bottom"":4146},""time"":1729913674729},{""box"":{""left"":1781,""right"":2241,""top"":2056,""bottom"":4146},""time"":1729913674789},{""box"":{""left"":1781,""right"":2241,""top"":2056,""bottom"":4146},""time"":1729913674840},{""box"":{""left"":1781,""right"":2241,""top"":2056,""bottom"":4146},""time"":1729913674891},{""box"":{""left"":1781,""right"":2241,""top"":2056,""bottom"":4146},""time"":1729913674953},{""box"":{""left"":1781,""right"":2241,""top"":2056,""bottom"":4146},""time"":1729913674965},{""box"":{""left"":1781,""right"":2241,""top"":2056,""bottom"":4146},""time"":1729913675006},{""box"":{""left"":1781,""right"":2241,""top"":2056,""bottom"":4146},""time"":1729913675018},{""box"":{""left"":1781,""right"":2241,""top"":2056,""bottom"":4146},""time"":1729913675068},{""box"":{""left"":1781,""right"":2241,""top"":2056,""bottom"":4146},""time"":1729913675079},{""box"":{""left"":1781,""right"":2241,""top"":2056,""bottom"":4146},""time"":1729913675121},{""box"":{""left"":1781,""right"":2241,""top"":2056,""bottom"":4146},""time"":1729913675132},{""box"":{""left"":1781,""right"":2241,""top"":2056,""bottom"":4146},""time"":1729913675183},{""box"":{""left"":1781,""right"":2241,""top"":2056,""bottom"":4146},""time"":1729913675245},{""box"":{""left"":1781,""right"":2241,""top"":2056,""bottom"":4146},""time"":1729913675296},{""box"":{""left"":1781,""right"":2241,""top"":2056,""bottom"":4146},""time"":1729913675358},{""box"":{""left"":1781,""right"":2241,""top"":2056,""bottom"":4146},""time"":1729913675410},{""box"":{""left"":1781,""right"":2241,""top"":2056,""bottom"":4146},""time"":1729913675421},{""box"":{""left"":1781,""right"":2241,""top"":2056,""bottom"":4146},""time"":1729913675471},{""box"":{""left"":1781,""right"":2241,""top"":2056,""bottom"":4146},""time"":1729913675523},{""box"":{""left"":1781,""right"":2241,""top"":2056,""bottom"":4146},""time"":1729913675534},{""box"":{""left"":1781,""right"":2241,""top"":2056,""bottom"":4146},""time"":1729913675575},{""box"":{""left"":1781,""right"":2241,""top"":2056,""bottom"":4146},""time"":1729913675639},{""box"":{""left"":1781,""right"":2241,""top"":2056,""bottom"":4146},""time"":1729913675689},{""box"":{""left"":1781,""right"":2241,""top"":2056,""bottom"":4146},""time"":1729913675751},{""box"":{""left"":1781,""right"":2241,""top"":2056,""bottom"":4146},""time"":1729913675801},{""box"":{""left"":1781,""right"":2241,""top"":2056,""bottom"":4146},""time"":1729913675855},{""box"":{""left"":1781,""right"":2241,""top"":2056,""bottom"":4146},""time"":1729913675867},{""box"":{""left"":1781,""right"":2241,""top"":2056,""bottom"":4146},""time"":1729913675922},{""box"":{""left"":1781,""right"":2241,""top"":2056,""bottom"":4146},""time"":1729913675967},{""box"":{""left"":1781,""right"":2241,""top"":2056,""bottom"":4146},""time"":1729913675979},{""box"":{""left"":1781,""right"":2241,""top"":2056,""bottom"":4146},""time"":1729913676034},{""box"":{""left"":1781,""right"":2241,""top"":2056,""bottom"":4146},""time"":1729913676081},{""box"":{""left"":1781,""right"":2241,""top"":2056,""bottom"":4146},""time"":1729913676143},{""box"":{""left"":1781,""right"":2241,""top"":2056,""bottom"":4146},""time"":1729913676155},{""box"":{""left"":1781,""right"":2241,""top"":2056,""bottom"":4146},""time"":1729913676206},{""box"":{""left"":1781,""right"":2241,""top"":2056,""bottom"":4146},""time"":1729913676261},{""box"":{""left"":1781,""right"":2241,""top"":2056,""bottom"":4146},""time"":1729913676329},{""box"":{""left"":1781,""right"":2241,""top"":2056,""bottom"":4146},""time"":1729913676384},{""box"":{""left"":1781,""right"":2241,""top"":2056,""bottom"":4146},""time"":1729913676431},{""box"":{""left"":1781,""right"":2241,""top"":2056,""bottom"":4146},""time"":1729913676453},{""box"":{""left"":1781,""right"":2241,""top"":2056,""bottom"":4146},""time"":1729913676498},{""box"":{""left"":1781,""right"":2241,""top"":2056,""bottom"":4146},""time"":1729913676509},{""box"":{""left"":1781,""right"":2241,""top"":2056,""bottom"":4146},""time"":1729913676565},{""box"":{""left"":1781,""right"":2241,""top"":2056,""bottom"":4146},""time"":1729913676609},{""box"":{""left"":1781,""right"":2241,""top"":2056,""bottom"":4146},""time"":1729913676620},{""box"":{""left"":1781,""right"":2241,""top"":2056,""bottom"":4146},""time"":1729913676668},{""box"":{""left"":1781,""right"":2241,""top"":2056,""bottom"":4146},""time"":1729913676719},{""box"":{""left"":1781,""right"":2241,""top"":2056,""bottom"":4146},""time"":1729913676779},{""box"":{""left"":1781,""right"":2241,""top"":2056,""bottom"":4146},""time"":1729913676840},{""box"":{""left"":1781,""right"":2241,""top"":2056,""bottom"":4146},""time"":1729913676852},{""box"":{""left"":1781,""right"":2241,""top"":2056,""bottom"":4146},""time"":1729913676894},{""box"":{""left"":1781,""right"":2241,""top"":2056,""bottom"":4146},""time"":1729913676906},{""box"":{""left"":1781,""right"":2241,""top"":2056,""bottom"":4146},""time"":1729913676955},{""box"":{""left"":1781,""right"":2241,""top"":2056,""bottom"":4146},""time"":1729913677007},{""box"":{""left"":1781,""right"":2241,""top"":2056,""bottom"":4146},""time"":1729913677029},{""box"":{""left"":1781,""right"":2241,""top"":2056,""bottom"":4146},""time"":1729913677069},{""box"":{""left"":1781,""right"":2241,""top"":2056,""bottom"":4146},""time"":1729913677131},{""box"":{""left"":1781,""right"":2241,""top"":2056,""bottom"":4146},""time"":1729913677175},{""box"":{""left"":1781,""right"":2241,""top"":2056,""bottom"":4146},""time"":1729913677197},{""box"":{""left"":1781,""right"":2241,""top"":2056,""bottom"":4146},""time"":1729913677253},{""box"":{""left"":1781,""right"":2241,""top"":2056,""bottom"":4146},""time"":1729913677306},{""box"":{""left"":1781,""right"":2241,""top"":2056,""bottom"":4146},""time"":1729913677355},{""box"":{""left"":1781,""right"":2241,""top"":2056,""bottom"":4146},""time"":1729913677409},{""box"":{""left"":1781,""right"":2241,""top"":2056,""bottom"":4146},""time"":1729913677420},{""box"":{""left"":1781,""right"":2241,""top"":2056,""bottom"":4146},""time"":1729913677480},{""box"":{""left"":1781,""right"":2241,""top"":2056,""bottom"":4146},""time"":1729913677522},{""box"":{""left"":1781,""right"":2241,""top"":2056,""bottom"":4146},""time"":1729913677582},{""box"":{""left"":1781,""right"":2241,""top"":2056,""bottom"":4146},""time"":1729913677634},{""box"":{""left"":1781,""right"":2241,""top"":2056,""bottom"":4146},""time"":1729913677685},{""box"":{""left"":1781,""right"":2241,""top"":2056,""bottom"":4146},""time"":1729913677757},{""box"":{""left"":1781,""right"":2241,""top"":2056,""bottom"":4146},""time"":1729913677806},{""box"":{""left"":1781,""right"":2241,""top"":2056,""bottom"":4146},""time"":1729913677818},{""box"":{""left"":1781,""right"":2241,""top"":2056,""bottom"":4146},""time"":1729913677857},{""box"":{""left"":1781,""right"":2241,""top"":2056,""bottom"":4146},""time"":1729913677880},{""box"":{""left"":1781,""right"":2241,""top"":2056,""bottom"":4146},""time"":1729913677919},{""box"":{""left"":1781,""right"":2241,""top"":2056,""bottom"":4146},""time"":1729913677930},{""box"":{""left"":1781,""right"":2241,""top"":2056,""bottom"":4146},""time"":1729913677972},{""box"":{""left"":1781,""right"":2241,""top"":2056,""bottom"":4146},""time"":1729913677983},{""box"":{""left"":1781,""right"":2241,""top"":2056,""bottom"":4146},""time"":1729913678033},{""box"":{""left"":1781,""right"":2241,""top"":2056,""bottom"":4146},""time"":1729913678086},{""box"":{""left"":1781,""right"":2241,""top"":2056,""bottom"":4146},""time"":1729913678098},{""box"":{""left"":1781,""right"":2241,""top"":2056,""bottom"":4146},""time"":1729913678148},{""box"":{""left"":1781,""right"":2241,""top"":2056,""bottom"":4146},""time"":1729913678160},{""box"":{""left"":1781,""right"":2241,""top"":2056,""bottom"":4146},""time"":1729913678201},{""box"":{""left"":1781,""right"":2241,""top"":2056,""bottom"":4146},""time"":1729913678213},{""box"":{""left"":1781,""right"":2241,""top"":2056,""bottom"":4146},""time"":1729913678263},{""box"":{""left"":1781,""right"":2241,""top"":2056,""bottom"":4146},""time"":1729913678286},{""box"":{""left"":1781,""right"":2241,""top"":2056,""bottom"":4146},""time"":1729913678320},{""box"":{""left"":1781,""right"":2241,""top"":2056,""bottom"":4146},""time"":1729913678331},{""box"":{""left"":1781,""right"":2241,""top"":2056,""bottom"":4146},""time"":1729913678375},{""box"":{""left"":1781,""right"":2241,""top"":2056,""bottom"":4146},""time"":1729913678426},{""box"":{""left"":1781,""right"":2241,""top"":2056,""bottom"":4146},""time"":1729913678449},{""box"":{""left"":1781,""right"":2241,""top"":2056,""bottom"":4146},""time"":1729913678488},{""box"":{""left"":1781,""right"":2241,""top"":2056,""bottom"":4146},""time"":1729913678511},{""box"":{""left"":1781,""right"":2241,""top"":2056,""bottom"":4146},""time"":1729913678561},{""box"":{""left"":1781,""right"":2241,""top"":2056,""bottom"":4146},""time"":1729913678601},{""box"":{""left"":1781,""right"":2241,""top"":2056,""bottom"":4146},""time"":1729913678612},{""box"":{""left"":1781,""right"":2241,""top"":2056,""bottom"":4146},""time"":1729913678653},{""box"":{""left"":1781,""right"":2241,""top"":2056,""bottom"":4146},""time"":1729913678676},{""box"":{""left"":1781,""right"":2241,""top"":2056,""bottom"":4146},""time"":1729913678725},{""box"":{""left"":1781,""right"":2241,""top"":2056,""bottom"":4146},""time"":1729913678766},{""box"":{""left"":1781,""right"":2241,""top"":2056,""bottom"":4146},""time"":1729913678777},{""box"":{""left"":1781,""right"":2241,""top"":2056,""bottom"":4146},""time"":1729913678827},{""box"":{""left"":1781,""right"":2241,""top"":2056,""bottom"":4146},""time"":1729913678839},{""box"":{""left"":1781,""right"":2241,""top"":2056,""bottom"":4146},""time"":1729913678880},{""box"":{""left"":1781,""right"":2241,""top"":2056,""bottom"":4146},""time"":1729913678943},{""box"":{""left"":1781,""right"":2241,""top"":2056,""bottom"":4146},""time"":1729913678954},{""box"":{""left"":1781,""right"":2241,""top"":2056,""bottom"":4146},""time"":1729913679014},{""box"":{""left"":1781,""right"":2241,""top"":2056,""bottom"":4146},""time"":1729913679056},{""box"":{""left"":1781,""right"":2241,""top"":2056,""bottom"":4146},""time"":1729913679068},{""box"":{""left"":1781,""right"":2241,""top"":2056,""bottom"":4146},""time"":1729913679116},{""box"":{""left"":1781,""right"":2241,""top"":2056,""bottom"":4146},""time"":1729913679167},{""box"":{""left"":1781,""right"":2241,""top"":2056,""bottom"":4146},""time"":1729913679179},{""box"":{""left"":1781,""right"":2241,""top"":2056,""bottom"":4146},""time"":1729913679229},{""box"":{""left"":1781,""right"":2241,""top"":2056,""bottom"":4146},""time"":1729913679280},{""box"":{""left"":1781,""right"":2241,""top"":2056,""bottom"":4146},""time"":1729913679352},{""box"":{""left"":1781,""right"":2241,""top"":2056,""bottom"":4146},""time"":1729913679403},{""box"":{""left"":1781,""right"":2241,""top"":2056,""bottom"":4146},""time"":1729913679442},{""box"":{""left"":1781,""right"":2241,""top"":2056,""bottom"":4146},""time"":1729913679454},{""box"":{""left"":1781,""right"":2241,""top"":2056,""bottom"":4146},""time"":1729913679503},{""box"":{""left"":1781,""right"":2241,""top"":2056,""bottom"":4146},""time"":1729913679564},{""box"":{""left"":1781,""right"":2241,""top"":2056,""bottom"":4146},""time"":1729913679575},{""box"":{""left"":1781,""right"":2241,""top"":2056,""bottom"":4146},""time"":1729913679615},{""box"":{""left"":1781,""right"":2241,""top"":2056,""bottom"":4146},""time"":1729913679627},{""box"":{""left"":1781,""right"":2241,""top"":2056,""bottom"":4146},""time"":1729913679688},{""box"":{""left"":1781,""right"":2241,""top"":2056,""bottom"":4146},""time"":1729913679727},{""box"":{""left"":1781,""right"":2241,""top"":2056,""bottom"":4146},""time"":1729913679739},{""box"":{""left"":1781,""right"":2241,""top"":2056,""bottom"":4146},""time"":1729913679790},{""box"":{""left"":1781,""right"":2241,""top"":2056,""bottom"":4146},""time"":1729913679802},{""box"":{""left"":1781,""right"":2241,""top"":2056,""bottom"":4146},""time"":1729913679840},{""box"":{""left"":1781,""right"":2241,""top"":2056,""bottom"":4146},""time"":1729913679852},{""box"":{""left"":1781,""right"":2241,""top"":2056,""bottom"":4146},""time"":1729913679902},{""box"":{""left"":1781,""right"":2241,""top"":2056,""bottom"":4146},""time"":1729913679963},{""box"":{""left"":1781,""right"":2241,""top"":2056,""bottom"":4146},""time"":1729913679975},{""box"":{""left"":1781,""right"":2241,""top"":2056,""bottom"":4146},""time"":1729913680015},{""box"":{""left"":1781,""right"":2241,""top"":2056,""bottom"":4146},""time"":1729913680027},{""box"":{""left"":1781,""right"":2241,""top"":2056,""bottom"":4146},""time"":1729913680087},{""box"":{""left"":1781,""right"":2241,""top"":2056,""bottom"":4146},""time"":1729913680128},{""box"":{""left"":1781,""right"":2241,""top"":2056,""bottom"":4146},""time"":1729913680140},{""box"":{""left"":1781,""right"":2241,""top"":2056,""bottom"":4146},""time"":1729913680201},{""box"":{""left"":1781,""right"":2241,""top"":2056,""bottom"":4146},""time"":1729913680242},{""box"":{""left"":1781,""right"":2241,""top"":2056,""bottom"":4146},""time"":1729913680254},{""box"":{""left"":1781,""right"":2241,""top"":2056,""bottom"":4146},""time"":1729913680302},{""box"":{""left"":1781,""right"":2241,""top"":2056,""bottom"":4146},""time"":1729913680313},{""box"":{""left"":1781,""right"":2241,""top"":2056,""bottom"":4146},""time"":1729913680353},{""box"":{""left"":1781,""right"":2241,""top"":2056,""bottom"":4146},""time"":1729913680365},{""box"":{""left"":1781,""right"":2241,""top"":2056,""bottom"":4146},""time"":1729913680415},{""box"":{""left"":1781,""right"":2241,""top"":2056,""bottom"":4146},""time"":1729913680427},{""box"":{""left"":1781,""right"":2241,""top"":2056,""bottom"":4146},""time"":1729913680476},{""box"":{""left"":1781,""right"":2241,""top"":2056,""bottom"":4146},""time"":1729913680488},{""box"":{""left"":1781,""right"":2241,""top"":2056,""bottom"":4146},""time"":1729913680536},{""box"":{""left"":1781,""right"":2241,""top"":2056,""bottom"":4146},""time"":1729913680548},{""box"":{""left"":1781,""right"":2241,""top"":2056,""bottom"":4146},""time"":1729913680587},{""box"":{""left"":1781,""right"":2241,""top"":2056,""bottom"":4146},""time"":1729913680599},{""box"":{""left"":1781,""right"":2241,""top"":2056,""bottom"":4146},""time"":1729913680650},{""box"":{""left"":1781,""right"":2241,""top"":2056,""bottom"":4146},""time"":1729913680662},{""box"":{""left"":1781,""right"":2241,""top"":2056,""bottom"":4146},""time"":1729913680711},{""box"":{""left"":1781,""right"":2241,""top"":2056,""bottom"":4146},""time"":1729913680723},{""box"":{""left"":1781,""right"":2241,""top"":2056,""bottom"":4146},""time"":1729913680762},{""box"":{""left"":1781,""right"":2241,""top"":2056,""bottom"":4146},""time"":1729913680773},{""box"":{""left"":1781,""right"":2241,""top"":2056,""bottom"":4146},""time"":1729913680823},{""box"":{""left"":1781,""right"":2241,""top"":2056,""bottom"":4146},""time"":1729913680834},{""box"":{""left"":1781,""right"":2241,""top"":2056,""bottom"":4146},""time"":1729913680883},{""box"":{""left"":1781,""right"":2241,""top"":2056,""bottom"":4146},""time"":1729913680895},{""box"":{""left"":1781,""right"":2241,""top"":2056,""bottom"":4146},""time"":1729913680944},{""box"":{""left"":1781,""right"":2241,""top"":2056,""bottom"":4146},""time"":1729913680956},{""box"":{""left"":1781,""right"":2241,""top"":2056,""bottom"":4146},""time"":1729913680996},{""box"":{""left"":1781,""right"":2241,""top"":2056,""bottom"":4146},""time"":1729913681057},{""box"":{""left"":1781,""right"":2241,""top"":2056,""bottom"":4146},""time"":1729913681107},{""box"":{""left"":1781,""right"":2241,""top"":2056,""bottom"":4146},""time"":1729913681119},{""box"":{""left"":1781,""right"":2241,""top"":2056,""bottom"":4146},""time"":1729913681169},{""box"":{""left"":1781,""right"":2241,""top"":2056,""bottom"":4146},""time"":1729913681181},{""box"":{""left"":1781,""right"":2241,""top"":2056,""bottom"":4146},""time"":1729913681229},{""box"":{""left"":1781,""right"":2241,""top"":2056,""bottom"":4146},""time"":1729913681241},{""box"":{""left"":1781,""right"":2241,""top"":2056,""bottom"":4146},""time"":1729913681290},{""box"":{""left"":1781,""right"":2241,""top"":2056,""bottom"":4146},""time"":1729913681302},{""box"":{""left"":1781,""right"":2241,""top"":2056,""bottom"":4146},""time"":1729913681341},{""box"":{""left"":1781,""right"":2241,""top"":2056,""bottom"":4146},""time"":1729913681352},{""box"":{""left"":1781,""right"":2241,""top"":2056,""bottom"":4146},""time"":1729913681402},{""box"":{""left"":1781,""right"":2241,""top"":2056,""bottom"":4146},""time"":1729913681413},{""box"":{""left"":1781,""right"":2241,""top"":2056,""bottom"":4146},""time"":1729913681453},{""box"":{""left"":1781,""right"":2241,""top"":2056,""bottom"":4146},""time"":1729913681465},{""box"":{""left"":1781,""right"":2241,""top"":2056,""bottom"":4146},""time"":1729913681513},{""box"":{""left"":1781,""right"":2241,""top"":2056,""bottom"":4146},""time"":1729913681525},{""box"":{""left"":1781,""right"":2241,""top"":2056,""bottom"":4146},""time"":1729913681567},{""box"":{""left"":1781,""right"":2241,""top"":2056,""bottom"":4146},""time"":1729913681579},{""box"":{""left"":1781,""right"":2241,""top"":2056,""bottom"":4146},""time"":1729913681628},{""box"":{""left"":1781,""right"":2241,""top"":2056,""bottom"":4146},""time"":1729913681640},{""box"":{""left"":1781,""right"":2241,""top"":2056,""bottom"":4146},""time"":1729913681681},{""box"":{""left"":1781,""right"":2241,""top"":2056,""bottom"":4146},""time"":1729913681731},{""box"":{""left"":1781,""right"":2241,""top"":2056,""bottom"":4146},""time"":1729913681743},{""box"":{""left"":1781,""right"":2241,""top"":2056,""bottom"":4146},""time"":1729913681792},{""box"":{""left"":1781,""right"":2241,""top"":2056,""bottom"":4146},""time"":1729913681856},{""box"":{""left"":1781,""right"":2241,""top"":2056,""bottom"":4146},""time"":1729913681868},{""box"":{""left"":1781,""right"":2241,""top"":2056,""bottom"":4146},""time"":1729913681916},{""box"":{""left"":1781,""right"":2241,""top"":2056,""bottom"":4146},""time"":1729913681928},{""box"":{""left"":1781,""right"":2241,""top"":2056,""bottom"":4146},""time"":1729913681967},{""box"":{""left"":1781,""right"":2241,""top"":2056,""bottom"":4146},""time"":1729913681979},{""box"":{""left"":1781,""right"":2241,""top"":2056,""bottom"":4146},""time"":1729913682028},{""box"":{""left"":1781,""right"":2241,""top"":2056,""bottom"":4146},""time"":1729913682040},{""box"":{""left"":1781,""right"":2241,""top"":2056,""bottom"":4146},""time"":1729913682082},{""box"":{""left"":1781,""right"":2241,""top"":2056,""bottom"":4146},""time"":1729913682143},{""box"":{""left"":1781,""right"":2241,""top"":2056,""bottom"":4146},""time"":1729913682155},{""box"":{""left"":1781,""right"":2241,""top"":2056,""bottom"":4146},""time"":1729913682193},{""box"":{""left"":1781,""right"":2241,""top"":2056,""bottom"":4146},""time"":1729913682205},{""box"":{""left"":1781,""right"":2241,""top"":2056,""bottom"":4146},""time"":1729913682256},{""box"":{""left"":1781,""right"":2241,""top"":2056,""bottom"":4146},""time"":1729913682268},{""box"":{""left"":1781,""right"":2241,""top"":2056,""bottom"":4146},""time"":1729913682316},{""box"":{""left"":1781,""right"":2241,""top"":2056,""bottom"":4146},""time"":1729913682328},{""box"":{""left"":1781,""right"":2241,""top"":2056,""bottom"":4146},""time"":1729913682370},{""box"":{""left"":1781,""right"":2241,""top"":2056,""bottom"":4146},""time"":1729913682429},{""box"":{""left"":1781,""right"":2241,""top"":2056,""bottom"":4146},""time"":1729913682441},{""box"":{""left"":1781,""right"":2241,""top"":2056,""bottom"":4146},""time"":1729913682481},{""box"":{""left"":1781,""right"":2241,""top"":2056,""bottom"":4146},""time"":1729913682542},{""box"":{""left"":1781,""right"":2241,""top"":2056,""bottom"":4146},""time"":1729913682554},{""box"":{""left"":1781,""right"":2241,""top"":2056,""bottom"":4146},""time"":1729913682594},{""box"":{""left"":1781,""right"":2241,""top"":2056,""bottom"":4146},""time"":1729913682606},{""box"":{""left"":1781,""right"":2241,""top"":2056,""bottom"":4146},""time"":1729913682656},{""box"":{""left"":1781,""right"":2241,""top"":2056,""bottom"":4146},""time"":1729913682668},{""box"":{""left"":1781,""right"":2241,""top"":2056,""bottom"":4146},""time"":1729913682707},{""box"":{""left"":1781,""right"":2241,""top"":2056,""bottom"":4146},""time"":1729913682719},{""box"":{""left"":1781,""right"":2241,""top"":2056,""bottom"":4146},""time"":1729913682768},{""box"":{""left"":1781,""right"":2241,""top"":2056,""bottom"":4146},""time"":1729913682780},{""box"":{""left"":1781,""right"":2241,""top"":2056,""bottom"":4146},""time"":1729913682819},{""box"":{""left"":1781,""right"":2241,""top"":2056,""bottom"":4146},""time"":1729913682831},{""box"":{""left"":1781,""right"":2241,""top"":2056,""bottom"":4146},""time"":1729913682880},{""box"":{""left"":1781,""right"":2241,""top"":2056,""bottom"":4146},""time"":1729913682892},{""box"":{""left"":1781,""right"":2241,""top"":2056,""bottom"":4146},""time"":1729913682941},{""box"":{""left"":1781,""right"":2241,""top"":2056,""bottom"":4146},""time"":1729913682953},{""box"":{""left"":1781,""right"":2241,""top"":2056,""bottom"":4146},""time"":1729913682992},{""box"":{""left"":1781,""right"":2241,""top"":2056,""bottom"":4146},""time"":1729913683003},{""box"":{""left"":1781,""right"":2241,""top"":2056,""bottom"":4146},""time"":1729913683056},{""box"":{""left"":1781,""right"":2241,""top"":2056,""bottom"":4146},""time"":1729913683068},{""box"":{""left"":1781,""right"":2241,""top"":2056,""bottom"":4146},""time"":1729913683105},{""box"":{""left"":1781,""right"":2241,""top"":2056,""bottom"":4146},""time"":1729913683117},{""box"":{""left"":1781,""right"":2241,""top"":2056,""bottom"":4146},""time"":1729913683167},{""box"":{""left"":1781,""right"":2241,""top"":2056,""bottom"":4146},""time"":1729913683179},{""box"":{""left"":1781,""right"":2241,""top"":2056,""bottom"":4146},""time"":1729913683228},{""box"":{""left"":1781,""right"":2241,""top"":2056,""bottom"":4146},""time"":1729913683240},{""box"":{""left"":1781,""right"":2241,""top"":2056,""bottom"":4146},""time"":1729913683281},{""box"":{""left"":1781,""right"":2241,""top"":2056,""bottom"":4146},""time"":1729913683293},{""box"":{""left"":1781,""right"":2241,""top"":2056,""bottom"":4146},""time"":1729913683343},{""box"":{""left"":1781,""right"":2241,""top"":2056,""bottom"":4146},""time"":1729913683355},{""box"":{""left"":1781,""right"":2241,""top"":2056,""bottom"":4146},""time"":1729913683394},{""box"":{""left"":1781,""right"":2241,""top"":2056,""bottom"":4146},""time"":1729913683406},{""box"":{""left"":1781,""right"":2241,""top"":2056,""bottom"":4146},""time"":1729913683456},{""box"":{""left"":1781,""right"":2241,""top"":2056,""bottom"":4146},""time"":1729913683467},{""box"":{""left"":1781,""right"":2241,""top"":2056,""bottom"":4146},""time"":1729913683516},{""box"":{""left"":1781,""right"":2241,""top"":2056,""bottom"":4146},""time"":1729913683569},{""box"":{""left"":1781,""right"":2241,""top"":2056,""bottom"":4146},""time"":1729913683631},{""box"":{""left"":1781,""right"":2241,""top"":2056,""bottom"":4146},""time"":1729913683681},{""box"":{""left"":1781,""right"":2241,""top"":2056,""bottom"":4146},""time"":1729913683743},{""box"":{""left"":1781,""right"":2241,""top"":2056,""bottom"":4146},""time"":1729913683806},{""box"":{""left"":1781,""right"":2241,""top"":2056,""bottom"":4146},""time"":1729913683857},{""box"":{""left"":1781,""right"":2241,""top"":2056,""bottom"":4146},""time"":1729913683918},{""box"":{""left"":1781,""right"":2241,""top"":2056,""bottom"":4146},""time"":1729913683981},{""box"":{""left"":1781,""right"":2241,""top"":2056,""bottom"":4146},""time"":1729913684042},{""box"":{""left"":1781,""right"":2241,""top"":2056,""bottom"":4146},""time"":1729913684092},{""box"":{""left"":1781,""right"":2241,""top"":2056,""bottom"":4146},""time"":1729913684153},{""box"":{""left"":1781,""right"":2241,""top"":2056,""bottom"":4146},""time"":1729913684165},{""box"":{""left"":1781,""right"":2241,""top"":2056,""bottom"":4146},""time"":1729913684206},{""box"":{""left"":1781,""right"":2241,""top"":2056,""bottom"":4146},""time"":1729913684218},{""box"":{""left"":1781,""right"":2241,""top"":2056,""bottom"":4146},""time"":1729913684267},{""box"":{""left"":1781,""right"":2241,""top"":2056,""bottom"":4146},""time"":1729913684279},{""box"":{""left"":1781,""right"":2241,""top"":2056,""bottom"":4146},""time"":1729913684320},{""box"":{""left"":1781,""right"":2241,""top"":2056,""bottom"":4146},""time"":1729913684332},{""box"":{""left"":1781,""right"":2241,""top"":2056,""bottom"":4146},""time"":1729913684380},{""box"":{""left"":1781,""right"":2241,""top"":2056,""bottom"":4146},""time"":1729913684392},{""box"":{""left"":1781,""right"":2241,""top"":2056,""bottom"":4146},""time"":1729913684443},{""box"":{""left"":1781,""right"":2241,""top"":2056,""bottom"":4146},""time"":1729913684455},{""box"":{""left"":1781,""right"":2241,""top"":2056,""bottom"":4146},""time"":1729913684504},{""box"":{""left"":1781,""right"":2241,""top"":2056,""bottom"":4146},""time"":1729913684555},{""box"":{""left"":1781,""right"":2241,""top"":2056,""bottom"":4146},""time"":1729913684618},{""box"":{""left"":1781,""right"":2241,""top"":2056,""bottom"":4146},""time"":1729913684629},{""box"":{""left"":1781,""right"":2241,""top"":2056,""bottom"":4146},""time"":1729913684679},{""box"":{""left"":1781,""right"":2241,""top"":2056,""bottom"":4146},""time"":1729913684690},{""box"":{""left"":1781,""right"":2241,""top"":2056,""bottom"":4146},""time"":1729913684736},{""box"":{""left"":1781,""right"":2241,""top"":2056,""bottom"":4146},""time"":1729913684748},{""box"":{""left"":1781,""right"":2241,""top"":2056,""bottom"":4146},""time"":1729913684793},{""box"":{""left"":1781,""right"":2241,""top"":2056,""bottom"":4146},""time"":1729913684842},{""box"":{""left"":1781,""right"":2241,""top"":2056,""bottom"":4146},""time"":1729913684854},{""box"":{""left"":1781,""right"":2241,""top"":2056,""bottom"":4146},""time"":1729913684904},{""box"":{""left"":1781,""right"":2241,""top"":2056,""bottom"":4146},""time"":1729913684916},{""box"":{""left"":1781,""right"":2241,""top"":2056,""bottom"":4146},""time"":1729913684965},{""box"":{""left"":1781,""right"":2241,""top"":2056,""bottom"":4146},""time"":1729913684977},{""box"":{""left"":1781,""right"":2241,""top"":2056,""bottom"":4146},""time"":1729913685030},{""box"":{""left"":1781,""right"":2241,""top"":2056,""bottom"":4146},""time"":1729913685078},{""box"":{""left"":1781,""right"":2241,""top"":2056,""bottom"":4146},""time"":1729913685137},{""box"":{""left"":1781,""right"":2241,""top"":2056,""bottom"":4146},""time"":1729913685198},{""box"":{""left"":1781,""right"":2241,""top"":2056,""bottom"":4146},""time"":1729913685251},{""box"":{""left"":1781,""right"":2241,""top"":2056,""bottom"":4146},""time"":1729913685312},{""box"":{""left"":1781,""right"":2241,""top"":2056,""bottom"":4146},""time"":1729913685383},{""box"":{""left"":1781,""right"":2241,""top"":2056,""bottom"":4146},""time"":1729913685434},{""box"":{""left"":1781,""right"":2241,""top"":2056,""bottom"":4146},""time"":1729913685495},{""box"":{""left"":1781,""right"":2241,""top"":2056,""bottom"":4146},""time"":1729913685558},{""box"":{""left"":1781,""right"":2241,""top"":2056,""bottom"":4146},""time"":1729913685609},{""box"":{""left"":1781,""right"":2241,""top"":2056,""bottom"":4146},""time"":1729913685619},{""box"":{""left"":1781,""right"":2241,""top"":2056,""bottom"":4146},""time"":1729913685670},{""box"":{""left"":1781,""right"":2241,""top"":2056,""bottom"":4146},""time"":1729913685681},{""box"":{""left"":1781,""right"":2241,""top"":2056,""bottom"":4146},""time"":1729913685734},{""box"":{""left"":1781,""right"":2241,""top"":2056,""bottom"":4146},""time"":1729913685745},{""box"":{""left"":1781,""right"":2241,""top"":2056,""bottom"":4146},""time"":1729913685795},{""box"":{""left"":1781,""right"":2241,""top"":2056,""bottom"":4146},""time"":1729913685868},{""box"":{""left"":1781,""right"":2241,""top"":2056,""bottom"":4146},""time"":1729913685919},{""box"":{""left"":1781,""right"":2241,""top"":2056,""bottom"":4146},""time"":1729913685972},{""box"":{""left"":1781,""right"":2241,""top"":2056,""bottom"":4146},""time"":1729913685982},{""box"":{""left"":1781,""right"":2241,""top"":2056,""bottom"":4146},""time"":1729913686034},{""box"":{""left"":1781,""right"":2241,""top"":2056,""bottom"":4146},""time"":1729913686095},{""box"":{""left"":1781,""right"":2241,""top"":2056,""bottom"":4146},""time"":1729913686166},{""box"":{""left"":1781,""right"":2241,""top"":2056,""bottom"":4146},""time"":1729913686218},{""box"":{""left"":1781,""right"":2241,""top"":2056,""bottom"":4146},""time"":1729913686279},{""box"":{""left"":1781,""right"":2241,""top"":2056,""bottom"":4146},""time"":1729913686332},{""box"":{""left"":1781,""right"":2241,""top"":2056,""bottom"":4146},""time"":1729913686393},{""box"":{""left"":1781,""right"":2241,""top"":2056,""bottom"":4146},""time"":1729913686446},{""box"":{""left"":1781,""right"":2241,""top"":2056,""bottom"":4146},""time"":1729913686506},{""box"":{""left"":1781,""right"":2241,""top"":2056,""bottom"":4146},""time"":1729913686557},{""box"":{""left"":1781,""right"":2241,""top"":2056,""bottom"":4146},""time"":1729913686619},{""box"":{""left"":1781,""right"":2241,""top"":2056,""bottom"":4146},""time"":1729913686681},{""box"":{""left"":1781,""right"":2241,""top"":2056,""bottom"":4146},""time"":1729913686743},{""box"":{""left"":1781,""right"":2241,""top"":2056,""bottom"":4146},""time"":1729913686804},{""box"":{""left"":1781,""right"":2241,""top"":2056,""bottom"":4146},""time"":1729913686866},{""box"":{""left"":1781,""right"":2241,""top"":2056,""bottom"":4146},""time"":1729913686919},{""box"":{""left"":1781,""right"":2241,""top"":2056,""bottom"":4146},""time"":1729913686979},{""box"":{""left"":1781,""right"":2241,""top"":2056,""bottom"":4146},""time"":1729913687041},{""box"":{""left"":1781,""right"":2241,""top"":2056,""bottom"":4146},""time"":1729913687103},{""box"":{""left"":1781,""right"":2241,""top"":2056,""bottom"":4146},""time"":1729913687164},{""box"":{""left"":1781,""right"":2241,""top"":2056,""bottom"":4146},""time"":1729913687230},{""box"":{""left"":1781,""right"":2241,""top"":2056,""bottom"":4146},""time"":1729913687278},{""box"":{""left"":1781,""right"":2241,""top"":2056,""bottom"":4146},""time"":1729913687336},{""box"":{""left"":1781,""right"":2241,""top"":2056,""bottom"":4146},""time"":1729913687387}",,,,,
56996,Person,2024-10-26 12:34:11,2024-10-26 12:34:12,"{""left"":612,""right"":9145,""top"":1762,""bottom"":9979},{""box"":{""left"":612,""right"":9145,""top"":1762,""bottom"":9979},""time"":1729913652494}",,,,,
56997,Person,2024-10-26 12:34:12,2024-10-26 12:34:24,"{""left"":1762,""right"":2447,""top"":1962,""bottom"":3614},{""box"":{""left"":1762,""right"":2447,""top"":1962,""bottom"":3614},""time"":1729913654266},{""box"":{""left"":1762,""right"":2447,""top"":1962,""bottom"":3614},""time"":1729913656826},{""box"":{""left"":1762,""right"":2447,""top"":1962,""bottom"":3614},""time"":1729913657029},{""box"":{""left"":1762,""right"":2447,""top"":1962,""bottom"":3614},""time"":1729913657091},{""box"":{""left"":1762,""right"":2447,""top"":1962,""bottom"":3614},""time"":1729913657155},{""box"":{""left"":1762,""right"":2447,""top"":1962,""bottom"":3614},""time"":1729913657217},{""box"":{""left"":1762,""right"":2447,""top"":1962,""bottom"":3614},""time"":1729913657279},{""box"":{""left"":1762,""right"":2447,""top"":1962,""bottom"":3614},""time"":1729913657429},{""box"":{""left"":1762,""right"":2447,""top"":1962,""bottom"":3614},""time"":1729913657696},{""box"":{""left"":1762,""right"":2447,""top"":1962,""bottom"":3614},""time"":1729913657764},{""box"":{""left"":1762,""right"":2447,""top"":1962,""bottom"":3614},""time"":1729913657828},{""box"":{""left"":1762,""right"":2447,""top"":1962,""bottom"":3614},""time"":1729913657881},{""box"":{""left"":1762,""right"":2447,""top"":1962,""bottom"":3614},""time"":1729913657944},{""box"":{""left"":1762,""right"":2447,""top"":1962,""bottom"":3614},""time"":1729913657996},{""box"":{""left"":1762,""right"":2447,""top"":1962,""bottom"":3614},""time"":1729913658094},{""box"":{""left"":1762,""right"":2447,""top"":1962,""bottom"":3614},""time"":1729913658157},{""box"":{""left"":1762,""right"":2447,""top"":1962,""bottom"":3614},""time"":1729913658221},{""box"":{""left"":1762,""right"":2447,""top"":1962,""bottom"":3614},""time"":1729913658283},{""box"":{""left"":1762,""right"":2447,""top"":1962,""bottom"":3614},""time"":1729913658357},{""box"":{""left"":1762,""right"":2447,""top"":1962,""bottom"":3614},""time"":1729913658420},{""box"":{""left"":1762,""right"":2447,""top"":1962,""bottom"":3614},""time"":1729913658482},{""box"":{""left"":1762,""right"":2447,""top"":1962,""bottom"":3614},""time"":1729913658546},{""box"":{""left"":1762,""right"":2447,""top"":1962,""bottom"":3614},""time"":1729913658619},{""box"":{""left"":1762,""right"":2447,""top"":1962,""bottom"":3614},""time"":1729913658683},{""box"":{""left"":1762,""right"":2447,""top"":1962,""bottom"":3614},""time"":1729913658745},{""box"":{""left"":1762,""right"":2447,""top"":1962,""bottom"":3614},""time"":1729913658808},{""box"":{""left"":1762,""right"":2447,""top"":1962,""bottom"":3614},""time"":1729913658871},{""box"":{""left"":1762,""right"":2447,""top"":1962,""bottom"":3614},""time"":1729913658934},{""box"":{""left"":1762,""right"":2447,""top"":1962,""bottom"":3614},""time"":1729913658986},{""box"":{""left"":1762,""right"":2447,""top"":1962,""bottom"":3614},""time"":1729913659038},{""box"":{""left"":1762,""right"":2447,""top"":1962,""bottom"":3614},""time"":1729913659091},{""box"":{""left"":1762,""right"":2447,""top"":1962,""bottom"":3614},""time"":1729913659133},{""box"":{""left"":1762,""right"":2447,""top"":1962,""bottom"":3614},""time"":1729913659186},{""box"":{""left"":1762,""right"":2447,""top"":1962,""bottom"":3614},""time"":1729913659250},{""box"":{""left"":1762,""right"":2447,""top"":1962,""bottom"":3614},""time"":1729913659386},{""box"":{""left"":1762,""right"":2447,""top"":1962,""bottom"":3614},""time"":1729913659502},{""box"":{""left"":1762,""right"":2447,""top"":1962,""bottom"":3614},""time"":1729913659592},{""box"":{""left"":1762,""right"":2447,""top"":1962,""bottom"":3614},""time"":1729913659682},{""box"":{""left"":1762,""right"":2447,""top"":1962,""bottom"":3614},""time"":1729913659760},{""box"":{""left"":1762,""right"":2447,""top"":1962,""bottom"":3614},""time"":1729913659909},{""box"":{""left"":1762,""right"":2447,""top"":1962,""bottom"":3614},""time"":1729913660136},{""box"":{""left"":1762,""right"":2447,""top"":1962,""bottom"":3614},""time"":1729913660418},{""box"":{""left"":1762,""right"":2447,""top"":1962,""bottom"":3614},""time"":1729913660696},{""box"":{""left"":1762,""right"":2447,""top"":1962,""bottom"":3614},""time"":1729913660772},{""box"":{""left"":1762,""right"":2447,""top"":1962,""bottom"":3614},""time"":1729913661028},{""box"":{""left"":1762,""right"":2447,""top"":1962,""bottom"":3614},""time"":1729913661093},{""box"":{""left"":1762,""right"":2447,""top"":1962,""bottom"":3614},""time"":1729913661157},{""box"":{""left"":1762,""right"":2447,""top"":1962,""bottom"":3614},""time"":1729913661285},{""box"":{""left"":1762,""right"":2447,""top"":1962,""bottom"":3614},""time"":1729913661339},{""box"":{""left"":1762,""right"":2447,""top"":1962,""bottom"":3614},""time"":1729913661432},{""box"":{""left"":1762,""right"":2447,""top"":1962,""bottom"":3614},""time"":1729913661544},{""box"":{""left"":1762,""right"":2447,""top"":1962,""bottom"":3614},""time"":1729913661608},{""box"":{""left"":1762,""right"":2447,""top"":1962,""bottom"":3614},""time"":1729913661671},{""box"":{""left"":1762,""right"":2447,""top"":1962,""bottom"":3614},""time"":1729913661734},{""box"":{""left"":1762,""right"":2447,""top"":1962,""bottom"":3614},""time"":1729913661833},{""box"":{""left"":1762,""right"":2447,""top"":1962,""bottom"":3614},""time"":1729913661896},{""box"":{""left"":1762,""right"":2447,""top"":1962,""bottom"":3614},""time"":1729913661959},{""box"":{""left"":1762,""right"":2447,""top"":1962,""bottom"":3614},""time"":1729913662027},{""box"":{""left"":1762,""right"":2447,""top"":1962,""bottom"":3614},""time"":1729913662154},{""box"":{""left"":1762,""right"":2447,""top"":1962,""bottom"":3614},""time"":1729913662272},{""box"":{""left"":1762,""right"":2447,""top"":1962,""bottom"":3614},""time"":1729913662607},{""box"":{""left"":1762,""right"":2447,""top"":1962,""bottom"":3614},""time"":1729913662640},{""box"":{""left"":1762,""right"":2447,""top"":1962,""bottom"":3614},""time"":1729913663168},{""box"":{""left"":1762,""right"":2447,""top"":1962,""bottom"":3614},""time"":1729913663322},{""box"":{""left"":1762,""right"":2447,""top"":1962,""bottom"":3614},""time"":1729913663397},{""box"":{""left"":1762,""right"":2447,""top"":1962,""bottom"":3614},""time"":1729913663509},{""box"":{""left"":1762,""right"":2447,""top"":1962,""bottom"":3614},""time"":1729913663574},{""box"":{""left"":1762,""right"":2447,""top"":1962,""bottom"":3614},""time"":1729913663963},{""box"":{""left"":1762,""right"":2447,""top"":1962,""bottom"":3614},""time"":1729913664179},{""box"":{""left"":1762,""right"":2447,""top"":1962,""bottom"":3614},""time"":1729913664211},{""box"":{""left"":1762,""right"":2447,""top"":1962,""bottom"":3614},""time"":1729913664286},{""box"":{""left"":1762,""right"":2447,""top"":1962,""bottom"":3614},""time"":1729913664437},{""box"":{""left"":1762,""right"":2447,""top"":1962,""bottom"":3614},""time"":1729913664501},{""box"":{""left"":1762,""right"":2447,""top"":1962,""bottom"":3614},""time"":1729913664545},{""box"":{""left"":1762,""right"":2447,""top"":1962,""bottom"":3614},""time"":1729913664578},{""box"":{""left"":1762,""right"":2447,""top"":1962,""bottom"":3614},""time"":1729913664762},{""box"":{""left"":1762,""right"":2447,""top"":1962,""bottom"":3614},""time"":1729913664905},{""box"":{""left"":1762,""right"":2447,""top"":1962,""bottom"":3614},""time"":1729913664970}",,,,,
56999,Person,2024-10-26 12:34:17,2024-10-26 12:34:27,"{""left"":1893,""right"":2533,""top"":2131,""bottom"":3939},{""box"":{""left"":1893,""right"":2533,""top"":2131,""bottom"":3939},""time"":1729913658104},{""box"":{""left"":1893,""right"":2533,""top"":2131,""bottom"":3939},""time"":1729913658168},{""box"":{""left"":1893,""right"":2533,""top"":2131,""bottom"":3939},""time"":1729913658231},{""box"":{""left"":1893,""right"":2533,""top"":2131,""bottom"":3939},""time"":1729913658293},{""box"":{""left"":1893,""right"":2533,""top"":2131,""bottom"":3939},""time"":1729913658367},{""box"":{""left"":1893,""right"":2533,""top"":2131,""bottom"":3939},""time"":1729913658430},{""box"":{""left"":1893,""right"":2533,""top"":2131,""bottom"":3939},""time"":1729913658494},{""box"":{""left"":1893,""right"":2533,""top"":2131,""bottom"":3939},""time"":1729913658556},{""box"":{""left"":1893,""right"":2533,""top"":2131,""bottom"":3939},""time"":1729913658629},{""box"":{""left"":1893,""right"":2533,""top"":2131,""bottom"":3939},""time"":1729913658693},{""box"":{""left"":1893,""right"":2533,""top"":2131,""bottom"":3939},""time"":1729913658755},{""box"":{""left"":1893,""right"":2533,""top"":2131,""bottom"":3939},""time"":1729913658818},{""box"":{""left"":1893,""right"":2533,""top"":2131,""bottom"":3939},""time"":1729913658881},{""box"":{""left"":1893,""right"":2533,""top"":2131,""bottom"":3939},""time"":1729913658944},{""box"":{""left"":1893,""right"":2533,""top"":2131,""bottom"":3939},""time"":1729913658996},{""box"":{""left"":1893,""right"":2533,""top"":2131,""bottom"":3939},""time"":1729913659049},{""box"":{""left"":1893,""right"":2533,""top"":2131,""bottom"":3939},""time"":1729913659101},{""box"":{""left"":1893,""right"":2533,""top"":2131,""bottom"":3939},""time"":1729913659143},{""box"":{""left"":1893,""right"":2533,""top"":2131,""bottom"":3939},""time"":1729913659196},{""box"":{""left"":1893,""right"":2533,""top"":2131,""bottom"":3939},""time"":1729913659260},{""box"":{""left"":1893,""right"":2533,""top"":2131,""bottom"":3939},""time"":1729913659396},{""box"":{""left"":1893,""right"":2533,""top"":2131,""bottom"":3939},""time"":1729913659512},{""box"":{""left"":1893,""right"":2533,""top"":2131,""bottom"":3939},""time"":1729913659602},{""box"":{""left"":1893,""right"":2533,""top"":2131,""bottom"":3939},""time"":1729913659692},{""box"":{""left"":1893,""right"":2533,""top"":2131,""bottom"":3939},""time"":1729913659772},{""box"":{""left"":1893,""right"":2533,""top"":2131,""bottom"":3939},""time"":1729913659919},{""box"":{""left"":1893,""right"":2533,""top"":2131,""bottom"":3939},""time"":1729913660147},{""box"":{""left"":1893,""right"":2533,""top"":2131,""bottom"":3939},""time"":1729913660428},{""box"":{""left"":1893,""right"":2533,""top"":2131,""bottom"":3939},""time"":1729913660708},{""box"":{""left"":1893,""right"":2533,""top"":2131,""bottom"":3939},""time"":1729913660783},{""box"":{""left"":1893,""right"":2533,""top"":2131,""bottom"":3939},""time"":1729913661039},{""box"":{""left"":1893,""right"":2533,""top"":2131,""bottom"":3939},""time"":1729913661103},{""box"":{""left"":1893,""right"":2533,""top"":2131,""bottom"":3939},""time"":1729913661167},{""box"":{""left"":1893,""right"":2533,""top"":2131,""bottom"":3939},""time"":1729913661231},{""box"":{""left"":1893,""right"":2533,""top"":2131,""bottom"":3939},""time"":1729913661295},{""box"":{""left"":1893,""right"":2533,""top"":2131,""bottom"":3939},""time"":1729913661350},{""box"":{""left"":1893,""right"":2533,""top"":2131,""bottom"":3939},""time"":1729913661443},{""box"":{""left"":1893,""right"":2533,""top"":2131,""bottom"":3939},""time"":1729913661554},{""box"":{""left"":1893,""right"":2533,""top"":2131,""bottom"":3939},""time"":1729913661618},{""box"":{""left"":1893,""right"":2533,""top"":2131,""bottom"":3939},""time"":1729913661681},{""box"":{""left"":1893,""right"":2533,""top"":2131,""bottom"":3939},""time"":1729913661744},{""box"":{""left"":1893,""right"":2533,""top"":2131,""bottom"":3939},""time"":1729913661843},{""box"":{""left"":1893,""right"":2533,""top"":2131,""bottom"":3939},""time"":1729913661906},{""box"":{""left"":1893,""right"":2533,""top"":2131,""bottom"":3939},""time"":1729913661969},{""box"":{""left"":1893,""right"":2533,""top"":2131,""bottom"":3939},""time"":1729913662038},{""box"":{""left"":1893,""right"":2533,""top"":2131,""bottom"":3939},""time"":1729913662101},{""box"":{""left"":1893,""right"":2533,""top"":2131,""bottom"":3939},""time"":1729913662165},{""box"":{""left"":1893,""right"":2533,""top"":2131,""bottom"":3939},""time"":1729913662219},{""box"":{""left"":1893,""right"":2533,""top"":2131,""bottom"":3939},""time"":1729913662282},{""box"":{""left"":1893,""right"":2533,""top"":2131,""bottom"":3939},""time"":1729913662336},{""box"":{""left"":1893,""right"":2533,""top"":2131,""bottom"":3939},""time"":1729913662390},{""box"":{""left"":1893,""right"":2533,""top"":2131,""bottom"":3939},""time"":1729913662650},{""box"":{""left"":1893,""right"":2533,""top"":2131,""bottom"":3939},""time"":1729913663179},{""box"":{""left"":1893,""right"":2533,""top"":2131,""bottom"":3939},""time"":1729913663407},{""box"":{""left"":1893,""right"":2533,""top"":2131,""bottom"":3939},""time"":1729913663520},{""box"":{""left"":1893,""right"":2533,""top"":2131,""bottom"":3939},""time"":1729913663585},{""box"":{""left"":1893,""right"":2533,""top"":2131,""bottom"":3939},""time"":1729913663974},{""box"":{""left"":1893,""right"":2533,""top"":2131,""bottom"":3939},""time"":1729913664222},{""box"":{""left"":1893,""right"":2533,""top"":2131,""bottom"":3939},""time"":1729913664297},{""box"":{""left"":1893,""right"":2533,""top"":2131,""bottom"":3939},""time"":1729913664447},{""box"":{""left"":1893,""right"":2533,""top"":2131,""bottom"":3939},""time"":1729913664512},{""box"":{""left"":1893,""right"":2533,""top"":2131,""bottom"":3939},""time"":1729913664588},{""box"":{""left"":1893,""right"":2533,""top"":2131,""bottom"":3939},""time"":1729913664652},{""box"":{""left"":1893,""right"":2533,""top"":2131,""bottom"":3939},""time"":1729913664707},{""box"":{""left"":1893,""right"":2533,""top"":2131,""bottom"":3939},""time"":1729913664772},{""box"":{""left"":1893,""right"":2533,""top"":2131,""bottom"":3939},""time"":1729913664851},{""box"":{""left"":1893,""right"":2533,""top"":2131,""bottom"":3939},""time"":1729913664916},{""box"":{""left"":1893,""right"":2533,""top"":2131,""bottom"":3939},""time"":1729913664981},{""box"":{""left"":1893,""right"":2533,""top"":2131,""bottom"":3939},""time"":1729913665225},{""box"":{""left"":1893,""right"":2533,""top"":2131,""bottom"":3939},""time"":1729913665274},{""box"":{""left"":1893,""right"":2533,""top"":2131,""bottom"":3939},""time"":1729913665337},{""box"":{""left"":1893,""right"":2533,""top"":2131,""bottom"":3939},""time"":1729913665388},{""box"":{""left"":1893,""right"":2533,""top"":2131,""bottom"":3939},""time"":1729913665460},{""box"":{""left"":1893,""right"":2533,""top"":2131,""bottom"":3939},""time"":1729913665525},{""box"":{""left"":1893,""right"":2533,""top"":2131,""bottom"":3939},""time"":1729913665578},{""box"":{""left"":1893,""right"":2533,""top"":2131,""bottom"":3939},""time"":1729913665628},{""box"":{""left"":1893,""right"":2533,""top"":2131,""bottom"":3939},""time"":1729913665692},{""box"":{""left"":1893,""right"":2533,""top"":2131,""bottom"":3939},""time"":1729913665756},{""box"":{""left"":1893,""right"":2533,""top"":2131,""bottom"":3939},""time"":1729913665809},{""box"":{""left"":1893,""right"":2533,""top"":2131,""bottom"":3939},""time"":1729913665872},{""box"":{""left"":1893,""right"":2533,""top"":2131,""bottom"":3939},""time"":1729913665925},{""box"":{""left"":1893,""right"":2533,""top"":2131,""bottom"":3939},""time"":1729913665977},{""box"":{""left"":1893,""right"":2533,""top"":2131,""bottom"":3939},""time"":1729913666032},{""box"":{""left"":1893,""right"":2533,""top"":2131,""bottom"":3939},""time"":1729913666084},{""box"":{""left"":1893,""right"":2533,""top"":2131,""bottom"":3939},""time"":1729913666147},{""box"":{""left"":1893,""right"":2533,""top"":2131,""bottom"":3939},""time"":1729913666200},{""box"":{""left"":1893,""right"":2533,""top"":2131,""bottom"":3939},""time"":1729913666253},{""box"":{""left"":1893,""right"":2533,""top"":2131,""bottom"":3939},""time"":1729913666321},{""box"":{""left"":1893,""right"":2533,""top"":2131,""bottom"":3939},""time"":1729913666374},{""box"":{""left"":1893,""right"":2533,""top"":2131,""bottom"":3939},""time"":1729913666438},{""box"":{""left"":1893,""right"":2533,""top"":2131,""bottom"":3939},""time"":1729913666490},{""box"":{""left"":1893,""right"":2533,""top"":2131,""bottom"":3939},""time"":1729913666553},{""box"":{""left"":1893,""right"":2533,""top"":2131,""bottom"":3939},""time"":1729913666617},{""box"":{""left"":1893,""right"":2533,""top"":2131,""bottom"":3939},""time"":1729913666670},{""box"":{""left"":1893,""right"":2533,""top"":2131,""bottom"":3939},""time"":1729913666734},{""box"":{""left"":1893,""right"":2533,""top"":2131,""bottom"":3939},""time"":1729913666786},{""box"":{""left"":1893,""right"":2533,""top"":2131,""bottom"":3939},""time"":1729913666826},{""box"":{""left"":1893,""right"":2533,""top"":2131,""bottom"":3939},""time"":1729913666899},{""box"":{""left"":1893,""right"":2533,""top"":2131,""bottom"":3939},""time"":1729913666951},{""box"":{""left"":1893,""right"":2533,""top"":2131,""bottom"":3939},""time"":1729913667000},{""box"":{""left"":1893,""right"":2533,""top"":2131,""bottom"":3939},""time"":1729913667071},{""box"":{""left"":1893,""right"":2533,""top"":2131,""bottom"":3939},""time"":1729913667124},{""box"":{""left"":1893,""right"":2533,""top"":2131,""bottom"":3939},""time"":1729913667228},{""box"":{""left"":1893,""right"":2533,""top"":2131,""bottom"":3939},""time"":1729913667281},{""box"":{""left"":1893,""right"":2533,""top"":2131,""bottom"":3939},""time"":1729913667343},{""box"":{""left"":1893,""right"":2533,""top"":2131,""bottom"":3939},""time"":1729913667406},{""box"":{""left"":1893,""right"":2533,""top"":2131,""bottom"":3939},""time"":1729913667458},{""box"":{""left"":1893,""right"":2533,""top"":2131,""bottom"":3939},""time"":1729913667522},{""box"":{""left"":1893,""right"":2533,""top"":2131,""bottom"":3939},""time"":1729913667639}",,,,,
57000,Person,2024-10-26 12:34:17,2024-10-26 12:34:34,"{""left"":1890,""right"":4028,""top"":2547,""bottom"":7364},{""box"":{""left"":1890,""right"":4028,""top"":2547,""bottom"":7364},""time"":1729913657901},{""box"":{""left"":1890,""right"":4028,""top"":2547,""bottom"":7364},""time"":1729913657964},{""box"":{""left"":1890,""right"":4028,""top"":2547,""bottom"":7364},""time"":1729913658017},{""box"":{""left"":1890,""right"":4028,""top"":2547,""bottom"":7364},""time"":1729913658115},{""box"":{""left"":1890,""right"":4028,""top"":2547,""bottom"":7364},""time"":1729913658178},{""box"":{""left"":1890,""right"":4028,""top"":2547,""bottom"":7364},""time"":1729913658241},{""box"":{""left"":1890,""right"":4028,""top"":2547,""bottom"":7364},""time"":1729913658305},{""box"":{""left"":1890,""right"":4028,""top"":2547,""bottom"":7364},""time"":1729913658377},{""box"":{""left"":1890,""right"":4028,""top"":2547,""bottom"":7364},""time"":1729913658440},{""box"":{""left"":1890,""right"":4028,""top"":2547,""bottom"":7364},""time"":1729913658504},{""box"":{""left"":1890,""right"":4028,""top"":2547,""bottom"":7364},""time"":1729913658566},{""box"":{""left"":1890,""right"":4028,""top"":2547,""bottom"":7364},""time"":1729913658640},{""box"":{""left"":1890,""right"":4028,""top"":2547,""bottom"":7364},""time"":1729913658703},{""box"":{""left"":1890,""right"":4028,""top"":2547,""bottom"":7364},""time"":1729913658765},{""box"":{""left"":1890,""right"":4028,""top"":2547,""bottom"":7364},""time"":1729913658829},{""box"":{""left"":1890,""right"":4028,""top"":2547,""bottom"":7364},""time"":1729913658891},{""box"":{""left"":1890,""right"":4028,""top"":2547,""bottom"":7364},""time"":1729913658954},{""box"":{""left"":1890,""right"":4028,""top"":2547,""bottom"":7364},""time"":1729913659270},{""box"":{""left"":1890,""right"":4028,""top"":2547,""bottom"":7364},""time"":1729913659522},{""box"":{""left"":1890,""right"":4028,""top"":2547,""bottom"":7364},""time"":1729913659612},{""box"":{""left"":1890,""right"":4028,""top"":2547,""bottom"":7364},""time"":1729913659702},{""box"":{""left"":1890,""right"":4028,""top"":2547,""bottom"":7364},""time"":1729913659929},{""box"":{""left"":1890,""right"":4028,""top"":2547,""bottom"":7364},""time"":1729913660157},{""box"":{""left"":1890,""right"":4028,""top"":2547,""bottom"":7364},""time"":1729913660438},{""box"":{""left"":1890,""right"":4028,""top"":2547,""bottom"":7364},""time"":1729913660718},{""box"":{""left"":1890,""right"":4028,""top"":2547,""bottom"":7364},""time"":1729913661049},{""box"":{""left"":1890,""right"":4028,""top"":2547,""bottom"":7364},""time"":1729913661113},{""box"":{""left"":1890,""right"":4028,""top"":2547,""bottom"":7364},""time"":1729913661177},{""box"":{""left"":1890,""right"":4028,""top"":2547,""bottom"":7364},""time"":1729913661242},{""box"":{""left"":1890,""right"":4028,""top"":2547,""bottom"":7364},""time"":1729913661360},{""box"":{""left"":1890,""right"":4028,""top"":2547,""bottom"":7364},""time"":1729913661453},{""box"":{""left"":1890,""right"":4028,""top"":2547,""bottom"":7364},""time"":1729913661565},{""box"":{""left"":1890,""right"":4028,""top"":2547,""bottom"":7364},""time"":1729913661628},{""box"":{""left"":1890,""right"":4028,""top"":2547,""bottom"":7364},""time"":1729913661691},{""box"":{""left"":1890,""right"":4028,""top"":2547,""bottom"":7364},""time"":1729913661755},{""box"":{""left"":1890,""right"":4028,""top"":2547,""bottom"":7364},""time"":1729913661853},{""box"":{""left"":1890,""right"":4028,""top"":2547,""bottom"":7364},""time"":1729913661916},{""box"":{""left"":1890,""right"":4028,""top"":2547,""bottom"":7364},""time"":1729913661979},{""box"":{""left"":1890,""right"":4028,""top"":2547,""bottom"":7364},""time"":1729913662048},{""box"":{""left"":1890,""right"":4028,""top"":2547,""bottom"":7364},""time"":1729913662111},{""box"":{""left"":1890,""right"":4028,""top"":2547,""bottom"":7364},""time"":1729913662175},{""box"":{""left"":1890,""right"":4028,""top"":2547,""bottom"":7364},""time"":1729913662229},{""box"":{""left"":1890,""right"":4028,""top"":2547,""bottom"":7364},""time"":1729913662293},{""box"":{""left"":1890,""right"":4028,""top"":2547,""bottom"":7364},""time"":1729913662347},{""box"":{""left"":1890,""right"":4028,""top"":2547,""bottom"":7364},""time"":1729913662401},{""box"":{""left"":1890,""right"":4028,""top"":2547,""bottom"":7364},""time"":1729913662660},{""box"":{""left"":1890,""right"":4028,""top"":2547,""bottom"":7364},""time"":1729913663189},{""box"":{""left"":1890,""right"":4028,""top"":2547,""bottom"":7364},""time"":1729913663418},{""box"":{""left"":1890,""right"":4028,""top"":2547,""bottom"":7364},""time"":1729913663530},{""box"":{""left"":1890,""right"":4028,""top"":2547,""bottom"":7364},""time"":1729913663595},{""box"":{""left"":1890,""right"":4028,""top"":2547,""bottom"":7364},""time"":1729913663985},{""box"":{""left"":1890,""right"":4028,""top"":2547,""bottom"":7364},""time"":1729913664232},{""box"":{""left"":1890,""right"":4028,""top"":2547,""bottom"":7364},""time"":1729913664307},{""box"":{""left"":1890,""right"":4028,""top"":2547,""bottom"":7364},""time"":1729913664458},{""box"":{""left"":1890,""right"":4028,""top"":2547,""bottom"":7364},""time"":1729913664523},{""box"":{""left"":1890,""right"":4028,""top"":2547,""bottom"":7364},""time"":1729913664599},{""box"":{""left"":1890,""right"":4028,""top"":2547,""bottom"":7364},""time"":1729913664663},{""box"":{""left"":1890,""right"":4028,""top"":2547,""bottom"":7364},""time"":1729913664717},{""box"":{""left"":1890,""right"":4028,""top"":2547,""bottom"":7364},""time"":1729913664783},{""box"":{""left"":1890,""right"":4028,""top"":2547,""bottom"":7364},""time"":1729913664862},{""box"":{""left"":1890,""right"":4028,""top"":2547,""bottom"":7364},""time"":1729913664926},{""box"":{""left"":1890,""right"":4028,""top"":2547,""bottom"":7364},""time"":1729913664992},{""box"":{""left"":1890,""right"":4028,""top"":2547,""bottom"":7364},""time"":1729913665236},{""box"":{""left"":1890,""right"":4028,""top"":2547,""bottom"":7364},""time"":1729913665285},{""box"":{""left"":1890,""right"":4028,""top"":2547,""bottom"":7364},""time"":1729913665398},{""box"":{""left"":1890,""right"":4028,""top"":2547,""bottom"":7364},""time"":1729913665471},{""box"":{""left"":1890,""right"":4028,""top"":2547,""bottom"":7364},""time"":1729913665535},{""box"":{""left"":1890,""right"":4028,""top"":2547,""bottom"":7364},""time"":1729913665639},{""box"":{""left"":1890,""right"":4028,""top"":2547,""bottom"":7364},""time"":1729913665703},{""box"":{""left"":1890,""right"":4028,""top"":2547,""bottom"":7364},""time"":1729913665766},{""box"":{""left"":1890,""right"":4028,""top"":2547,""bottom"":7364},""time"":1729913665819},{""box"":{""left"":1890,""right"":4028,""top"":2547,""bottom"":7364},""time"":1729913665883},{""box"":{""left"":1890,""right"":4028,""top"":2547,""bottom"":7364},""time"":1729913665935},{""box"":{""left"":1890,""right"":4028,""top"":2547,""bottom"":7364},""time"":1729913666042},{""box"":{""left"":1890,""right"":4028,""top"":2547,""bottom"":7364},""time"":1729913666095},{""box"":{""left"":1890,""right"":4028,""top"":2547,""bottom"":7364},""time"":1729913666158},{""box"":{""left"":1890,""right"":4028,""top"":2547,""bottom"":7364},""time"":1729913666211},{""box"":{""left"":1890,""right"":4028,""top"":2547,""bottom"":7364},""time"":1729913666264},{""box"":{""left"":1890,""right"":4028,""top"":2547,""bottom"":7364},""time"":1729913666332},{""box"":{""left"":1890,""right"":4028,""top"":2547,""bottom"":7364},""time"":1729913666384},{""box"":{""left"":1890,""right"":4028,""top"":2547,""bottom"":7364},""time"":1729913666448},{""box"":{""left"":1890,""right"":4028,""top"":2547,""bottom"":7364},""time"":1729913666501},{""box"":{""left"":1890,""right"":4028,""top"":2547,""bottom"":7364},""time"":1729913666564},{""box"":{""left"":1890,""right"":4028,""top"":2547,""bottom"":7364},""time"":1729913666628},{""box"":{""left"":1890,""right"":4028,""top"":2547,""bottom"":7364},""time"":1729913666680},{""box"":{""left"":1890,""right"":4028,""top"":2547,""bottom"":7364},""time"":1729913666744},{""box"":{""left"":1890,""right"":4028,""top"":2547,""bottom"":7364},""time"":1729913666797},{""box"":{""left"":1890,""right"":4028,""top"":2547,""bottom"":7364},""time"":1729913666836},{""box"":{""left"":1890,""right"":4028,""top"":2547,""bottom"":7364},""time"":1729913666909},{""box"":{""left"":1890,""right"":4028,""top"":2547,""bottom"":7364},""time"":1729913667011},{""box"":{""left"":1890,""right"":4028,""top"":2547,""bottom"":7364},""time"":1729913667082},{""box"":{""left"":1890,""right"":4028,""top"":2547,""bottom"":7364},""time"":1729913667135},{""box"":{""left"":1890,""right"":4028,""top"":2547,""bottom"":7364},""time"":1729913667239},{""box"":{""left"":1890,""right"":4028,""top"":2547,""bottom"":7364},""time"":1729913667353},{""box"":{""left"":1890,""right"":4028,""top"":2547,""bottom"":7364},""time"":1729913667416},{""box"":{""left"":1890,""right"":4028,""top"":2547,""bottom"":7364},""time"":1729913667469},{""box"":{""left"":1890,""right"":4028,""top"":2547,""bottom"":7364},""time"":1729913667533},{""box"":{""left"":1890,""right"":4028,""top"":2547,""bottom"":7364},""time"":1729913667586},{""box"":{""left"":1890,""right"":4028,""top"":2547,""bottom"":7364},""time"":1729913667649},{""box"":{""left"":1890,""right"":4028,""top"":2547,""bottom"":7364},""time"":1729913667691},{""box"":{""left"":1890,""right"":4028,""top"":2547,""bottom"":7364},""time"":1729913667746},{""box"":{""left"":1890,""right"":4028,""top"":2547,""bottom"":7364},""time"":1729913667795},{""box"":{""left"":1890,""right"":4028,""top"":2547,""bottom"":7364},""time"":1729913667846},{""box"":{""left"":1890,""right"":4028,""top"":2547,""bottom"":7364},""time"":1729913667908},{""box"":{""left"":1890,""right"":4028,""top"":2547,""bottom"":7364},""time"":1729913667971},{""box"":{""left"":1890,""right"":4028,""top"":2547,""bottom"":7364},""time"":1729913668032},{""box"":{""left"":1890,""right"":4028,""top"":2547,""bottom"":7364},""time"":1729913668096},{""box"":{""left"":1890,""right"":4028,""top"":2547,""bottom"":7364},""time"":1729913668159},{""box"":{""left"":1890,""right"":4028,""top"":2547,""bottom"":7364},""time"":1729913668223},{""box"":{""left"":1890,""right"":4028,""top"":2547,""bottom"":7364},""time"":1729913668276},{""box"":{""left"":1890,""right"":4028,""top"":2547,""bottom"":7364},""time"":1729913668345},{""box"":{""left"":1890,""right"":4028,""top"":2547,""bottom"":7364},""time"":1729913668419},{""box"":{""left"":1890,""right"":4028,""top"":2547,""bottom"":7364},""time"":1729913668494},{""box"":{""left"":1890,""right"":4028,""top"":2547,""bottom"":7364},""time"":1729913668557},{""box"":{""left"":1890,""right"":4028,""top"":2547,""bottom"":7364},""time"":1729913668621},{""box"":{""left"":1890,""right"":4028,""top"":2547,""bottom"":7364},""time"":1729913668684},{""box"":{""left"":1890,""right"":4028,""top"":2547,""bottom"":7364},""time"":1729913668737},{""box"":{""left"":1890,""right"":4028,""top"":2547,""bottom"":7364},""time"":1729913668801},{""box"":{""left"":1890,""right"":4028,""top"":2547,""bottom"":7364},""time"":1729913668854},{""box"":{""left"":1890,""right"":4028,""top"":2547,""bottom"":7364},""time"":1729913668908},{""box"":{""left"":1890,""right"":4028,""top"":2547,""bottom"":7364},""time"":1729913668971},{""box"":{""left"":1890,""right"":4028,""top"":2547,""bottom"":7364},""time"":1729913669035},{""box"":{""left"":1890,""right"":4028,""top"":2547,""bottom"":7364},""time"":1729913669099},{""box"":{""left"":1890,""right"":4028,""top"":2547,""bottom"":7364},""time"":1729913669152},{""box"":{""left"":1890,""right"":4028,""top"":2547,""bottom"":7364},""time"":1729913669215},{""box"":{""left"":1890,""right"":4028,""top"":2547,""bottom"":7364},""time"":1729913669280},{""box"":{""left"":1890,""right"":4028,""top"":2547,""bottom"":7364},""time"":1729913669333},{""box"":{""left"":1890,""right"":4028,""top"":2547,""bottom"":7364},""time"":1729913669375},{""box"":{""left"":1890,""right"":4028,""top"":2547,""bottom"":7364},""time"":1729913669429},{""box"":{""left"":1890,""right"":4028,""top"":2547,""bottom"":7364},""time"":1729913669482},{""box"":{""left"":1890,""right"":4028,""top"":2547,""bottom"":7364},""time"":1729913669536},{""box"":{""left"":1890,""right"":4028,""top"":2547,""bottom"":7364},""time"":1729913669589},{""box"":{""left"":1890,""right"":4028,""top"":2547,""bottom"":7364},""time"":1729913669631},{""box"":{""left"":1890,""right"":4028,""top"":2547,""bottom"":7364},""time"":1729913669665},{""box"":{""left"":1890,""right"":4028,""top"":2547,""bottom"":7364},""time"":1729913669718},{""box"":{""left"":1890,""right"":4028,""top"":2547,""bottom"":7364},""time"":1729913669772},{""box"":{""left"":1890,""right"":4028,""top"":2547,""bottom"":7364},""time"":1729913669825},{""box"":{""left"":1890,""right"":4028,""top"":2547,""bottom"":7364},""time"":1729913669879},{""box"":{""left"":1890,""right"":4028,""top"":2547,""bottom"":7364},""time"":1729913669932},{""box"":{""left"":1890,""right"":4028,""top"":2547,""bottom"":7364},""time"":1729913669996},{""box"":{""left"":1890,""right"":4028,""top"":2547,""bottom"":7364},""time"":1729913670050},{""box"":{""left"":1890,""right"":4028,""top"":2547,""bottom"":7364},""time"":1729913670103},{""box"":{""left"":1890,""right"":4028,""top"":2547,""bottom"":7364},""time"":1729913670157},{""box"":{""left"":1890,""right"":4028,""top"":2547,""bottom"":7364},""time"":1729913670210},{""box"":{""left"":1890,""right"":4028,""top"":2547,""bottom"":7364},""time"":1729913670264},{""box"":{""left"":1890,""right"":4028,""top"":2547,""bottom"":7364},""time"":1729913670325},{""box"":{""left"":1890,""right"":4028,""top"":2547,""bottom"":7364},""time"":1729913670388},{""box"":{""left"":1890,""right"":4028,""top"":2547,""bottom"":7364},""time"":1729913670451},{""box"":{""left"":1890,""right"":4028,""top"":2547,""bottom"":7364},""time"":1729913670499},{""box"":{""left"":1890,""right"":4028,""top"":2547,""bottom"":7364},""time"":1729913670629},{""box"":{""left"":1890,""right"":4028,""top"":2547,""bottom"":7364},""time"":1729913670743},{""box"":{""left"":1890,""right"":4028,""top"":2547,""bottom"":7364},""time"":1729913670804},{""box"":{""left"":1890,""right"":4028,""top"":2547,""bottom"":7364},""time"":1729913670848},{""box"":{""left"":1890,""right"":4028,""top"":2547,""bottom"":7364},""time"":1729913670916},{""box"":{""left"":1890,""right"":4028,""top"":2547,""bottom"":7364},""time"":1729913670976},{""box"":{""left"":1890,""right"":4028,""top"":2547,""bottom"":7364},""time"":1729913671031},{""box"":{""left"":1890,""right"":4028,""top"":2547,""bottom"":7364},""time"":1729913671079},{""box"":{""left"":1890,""right"":4028,""top"":2547,""bottom"":7364},""time"":1729913671131},{""box"":{""left"":1890,""right"":4028,""top"":2547,""bottom"":7364},""time"":1729913671184},{""box"":{""left"":1890,""right"":4028,""top"":2547,""bottom"":7364},""time"":1729913671257},{""box"":{""left"":1890,""right"":4028,""top"":2547,""bottom"":7364},""time"":1729913671322},{""box"":{""left"":1890,""right"":4028,""top"":2547,""bottom"":7364},""time"":1729913671386},{""box"":{""left"":1890,""right"":4028,""top"":2547,""bottom"":7364},""time"":1729913671451},{""box"":{""left"":1890,""right"":4028,""top"":2547,""bottom"":7364},""time"":1729913671505},{""box"":{""left"":1890,""right"":4028,""top"":2547,""bottom"":7364},""time"":1729913671539},{""box"":{""left"":1890,""right"":4028,""top"":2547,""bottom"":7364},""time"":1729913671604},{""box"":{""left"":1890,""right"":4028,""top"":2547,""bottom"":7364},""time"":1729913671657},{""box"":{""left"":1890,""right"":4028,""top"":2547,""bottom"":7364},""time"":1729913671711},{""box"":{""left"":1890,""right"":4028,""top"":2547,""bottom"":7364},""time"":1729913671763},{""box"":{""left"":1890,""right"":4028,""top"":2547,""bottom"":7364},""time"":1729913671828},{""box"":{""left"":1890,""right"":4028,""top"":2547,""bottom"":7364},""time"":1729913671882},{""box"":{""left"":1890,""right"":4028,""top"":2547,""bottom"":7364},""time"":1729913671958},{""box"":{""left"":1890,""right"":4028,""top"":2547,""bottom"":7364},""time"":1729913672065},{""box"":{""left"":1890,""right"":4028,""top"":2547,""bottom"":7364},""time"":1729913672229},{""box"":{""left"":1890,""right"":4028,""top"":2547,""bottom"":7364},""time"":1729913672305},{""box"":{""left"":1890,""right"":4028,""top"":2547,""bottom"":7364},""time"":1729913672370},{""box"":{""left"":1890,""right"":4028,""top"":2547,""bottom"":7364},""time"":1729913672984},{""box"":{""left"":1890,""right"":4028,""top"":2547,""bottom"":7364},""time"":1729913673037},{""box"":{""left"":1890,""right"":4028,""top"":2547,""bottom"":7364},""time"":1729913673114},{""box"":{""left"":1890,""right"":4028,""top"":2547,""bottom"":7364},""time"":1729913673319},{""box"":{""left"":1890,""right"":4028,""top"":2547,""bottom"":7364},""time"":1729913673718},{""box"":{""left"":1890,""right"":4028,""top"":2547,""bottom"":7364},""time"":1729913673784},{""box"":{""left"":1890,""right"":4028,""top"":2547,""bottom"":7364},""time"":1729913673839},{""box"":{""left"":1890,""right"":4028,""top"":2547,""bottom"":7364},""time"":1729913673947},{""box"":{""left"":1890,""right"":4028,""top"":2547,""bottom"":7364},""time"":1729913674013}",,,,,
57002,Person,2024-10-26 12:34:21,2024-10-26 12:34:40,"{""left"":1825,""right"":3625,""top"":2237,""bottom"":6312},{""box"":{""left"":1825,""right"":3625,""top"":2237,""bottom"":6312},""time"":1729913662671},{""box"":{""left"":1825,""right"":3625,""top"":2237,""bottom"":6312},""time"":1729913664243},{""box"":{""left"":1825,""right"":3625,""top"":2237,""bottom"":6312},""time"":1729913664609},{""box"":{""left"":1825,""right"":3625,""top"":2237,""bottom"":6312},""time"":1729913665247},{""box"":{""left"":1825,""right"":3625,""top"":2237,""bottom"":6312},""time"":1729913665295},{""box"":{""left"":1825,""right"":3625,""top"":2237,""bottom"":6312},""time"":1729913665409},{""box"":{""left"":1825,""right"":3625,""top"":2237,""bottom"":6312},""time"":1729913665482},{""box"":{""left"":1825,""right"":3625,""top"":2237,""bottom"":6312},""time"":1729913665546},{""box"":{""left"":1825,""right"":3625,""top"":2237,""bottom"":6312},""time"":1729913665649},{""box"":{""left"":1825,""right"":3625,""top"":2237,""bottom"":6312},""time"":1729913665713},{""box"":{""left"":1825,""right"":3625,""top"":2237,""bottom"":6312},""time"":1729913665777},{""box"":{""left"":1825,""right"":3625,""top"":2237,""bottom"":6312},""time"":1729913665830},{""box"":{""left"":1825,""right"":3625,""top"":2237,""bottom"":6312},""time"":1729913665893},{""box"":{""left"":1825,""right"":3625,""top"":2237,""bottom"":6312},""time"":1729913665946},{""box"":{""left"":1825,""right"":3625,""top"":2237,""bottom"":6312},""time"":1729913666053},{""box"":{""left"":1825,""right"":3625,""top"":2237,""bottom"":6312},""time"":1729913666105},{""box"":{""left"":1825,""right"":3625,""top"":2237,""bottom"":6312},""time"":1729913666168},{""box"":{""left"":1825,""right"":3625,""top"":2237,""bottom"":6312},""time"":1729913666221},{""box"":{""left"":1825,""right"":3625,""top"":2237,""bottom"":6312},""time"":1729913666274},{""box"":{""left"":1825,""right"":3625,""top"":2237,""bottom"":6312},""time"":1729913666342},{""box"":{""left"":1825,""right"":3625,""top"":2237,""bottom"":6312},""time"":1729913666395},{""box"":{""left"":1825,""right"":3625,""top"":2237,""bottom"":6312},""time"":1729913666458},{""box"":{""left"":1825,""right"":3625,""top"":2237,""bottom"":6312},""time"":1729913666511},{""box"":{""left"":1825,""right"":3625,""top"":2237,""bottom"":6312},""time"":1729913666574},{""box"":{""left"":1825,""right"":3625,""top"":2237,""bottom"":6312},""time"":1729913666638},{""box"":{""left"":1825,""right"":3625,""top"":2237,""bottom"":6312},""time"":1729913666691},{""box"":{""left"":1825,""right"":3625,""top"":2237,""bottom"":6312},""time"":1729913666754},{""box"":{""left"":1825,""right"":3625,""top"":2237,""bottom"":6312},""time"":1729913666847},{""box"":{""left"":1825,""right"":3625,""top"":2237,""bottom"":6312},""time"":1729913666919},{""box"":{""left"":1825,""right"":3625,""top"":2237,""bottom"":6312},""time"":1729913667021},{""box"":{""left"":1825,""right"":3625,""top"":2237,""bottom"":6312},""time"":1729913667092},{""box"":{""left"":1825,""right"":3625,""top"":2237,""bottom"":6312},""time"":1729913667145},{""box"":{""left"":1825,""right"":3625,""top"":2237,""bottom"":6312},""time"":1729913667249},{""box"":{""left"":1825,""right"":3625,""top"":2237,""bottom"":6312},""time"":1729913667364},{""box"":{""left"":1825,""right"":3625,""top"":2237,""bottom"":6312},""time"":1729913667427},{""box"":{""left"":1825,""right"":3625,""top"":2237,""bottom"":6312},""time"":1729913667479},{""box"":{""left"":1825,""right"":3625,""top"":2237,""bottom"":6312},""time"":1729913667543},{""box"":{""left"":1825,""right"":3625,""top"":2237,""bottom"":6312},""time"":1729913667596},{""box"":{""left"":1825,""right"":3625,""top"":2237,""bottom"":6312},""time"":1729913667660},{""box"":{""left"":1825,""right"":3625,""top"":2237,""bottom"":6312},""time"":1729913667702},{""box"":{""left"":1825,""right"":3625,""top"":2237,""bottom"":6312},""time"":1729913667756},{""box"":{""left"":1825,""right"":3625,""top"":2237,""bottom"":6312},""time"":1729913667806},{""box"":{""left"":1825,""right"":3625,""top"":2237,""bottom"":6312},""time"":1729913667856},{""box"":{""left"":1825,""right"":3625,""top"":2237,""bottom"":6312},""time"":1729913667919},{""box"":{""left"":1825,""right"":3625,""top"":2237,""bottom"":6312},""time"":1729913667982},{""box"":{""left"":1825,""right"":3625,""top"":2237,""bottom"":6312},""time"":1729913668042},{""box"":{""left"":1825,""right"":3625,""top"":2237,""bottom"":6312},""time"":1729913668106},{""box"":{""left"":1825,""right"":3625,""top"":2237,""bottom"":6312},""time"":1729913668169},{""box"":{""left"":1825,""right"":3625,""top"":2237,""bottom"":6312},""time"":1729913668233},{""box"":{""left"":1825,""right"":3625,""top"":2237,""bottom"":6312},""time"":1729913668286},{""box"":{""left"":1825,""right"":3625,""top"":2237,""bottom"":6312},""time"":1729913668355},{""box"":{""left"":1825,""right"":3625,""top"":2237,""bottom"":6312},""time"":1729913668430},{""box"":{""left"":1825,""right"":3625,""top"":2237,""bottom"":6312},""time"":1729913668504},{""box"":{""left"":1825,""right"":3625,""top"":2237,""bottom"":6312},""time"":1729913668567},{""box"":{""left"":1825,""right"":3625,""top"":2237,""bottom"":6312},""time"":1729913668631},{""box"":{""left"":1825,""right"":3625,""top"":2237,""bottom"":6312},""time"":1729913668694},{""box"":{""left"":1825,""right"":3625,""top"":2237,""bottom"":6312},""time"":1729913668748},{""box"":{""left"":1825,""right"":3625,""top"":2237,""bottom"":6312},""time"":1729913668812},{""box"":{""left"":1825,""right"":3625,""top"":2237,""bottom"":6312},""time"":1729913668918},{""box"":{""left"":1825,""right"":3625,""top"":2237,""bottom"":6312},""time"":1729913668982},{""box"":{""left"":1825,""right"":3625,""top"":2237,""bottom"":6312},""time"":1729913669046},{""box"":{""left"":1825,""right"":3625,""top"":2237,""bottom"":6312},""time"":1729913669109},{""box"":{""left"":1825,""right"":3625,""top"":2237,""bottom"":6312},""time"":1729913669162},{""box"":{""left"":1825,""right"":3625,""top"":2237,""bottom"":6312},""time"":1729913669226},{""box"":{""left"":1825,""right"":3625,""top"":2237,""bottom"":6312},""time"":1729913669290},{""box"":{""left"":1825,""right"":3625,""top"":2237,""bottom"":6312},""time"":1729913669344},{""box"":{""left"":1825,""right"":3625,""top"":2237,""bottom"":6312},""time"":1729913669386},{""box"":{""left"":1825,""right"":3625,""top"":2237,""bottom"":6312},""time"":1729913669439},{""box"":{""left"":1825,""right"":3625,""top"":2237,""bottom"":6312},""time"":1729913669493},{""box"":{""left"":1825,""right"":3625,""top"":2237,""bottom"":6312},""time"":1729913669546},{""box"":{""left"":1825,""right"":3625,""top"":2237,""bottom"":6312},""time"":1729913669600},{""box"":{""left"":1825,""right"":3625,""top"":2237,""bottom"":6312},""time"":1729913669675},{""box"":{""left"":1825,""right"":3625,""top"":2237,""bottom"":6312},""time"":1729913669729},{""box"":{""left"":1825,""right"":3625,""top"":2237,""bottom"":6312},""time"":1729913669782},{""box"":{""left"":1825,""right"":3625,""top"":2237,""bottom"":6312},""time"":1729913669836},{""box"":{""left"":1825,""right"":3625,""top"":2237,""bottom"":6312},""time"":1729913669889},{""box"":{""left"":1825,""right"":3625,""top"":2237,""bottom"":6312},""time"":1729913669943},{""box"":{""left"":1825,""right"":3625,""top"":2237,""bottom"":6312},""time"":1729913670007},{""box"":{""left"":1825,""right"":3625,""top"":2237,""bottom"":6312},""time"":1729913670060},{""box"":{""left"":1825,""right"":3625,""top"":2237,""bottom"":6312},""time"":1729913670114},{""box"":{""left"":1825,""right"":3625,""top"":2237,""bottom"":6312},""time"":1729913670168},{""box"":{""left"":1825,""right"":3625,""top"":2237,""bottom"":6312},""time"":1729913670221},{""box"":{""left"":1825,""right"":3625,""top"":2237,""bottom"":6312},""time"":1729913670275},{""box"":{""left"":1825,""right"":3625,""top"":2237,""bottom"":6312},""time"":1729913670336},{""box"":{""left"":1825,""right"":3625,""top"":2237,""bottom"":6312},""time"":1729913670461},{""box"":{""left"":1825,""right"":3625,""top"":2237,""bottom"":6312},""time"":1729913670510},{""box"":{""left"":1825,""right"":3625,""top"":2237,""bottom"":6312},""time"":1729913670639},{""box"":{""left"":1825,""right"":3625,""top"":2237,""bottom"":6312},""time"":1729913670753},{""box"":{""left"":1825,""right"":3625,""top"":2237,""bottom"":6312},""time"":1729913670815},{""box"":{""left"":1825,""right"":3625,""top"":2237,""bottom"":6312},""time"":1729913670927},{""box"":{""left"":1825,""right"":3625,""top"":2237,""bottom"":6312},""time"":1729913670987},{""box"":{""left"":1825,""right"":3625,""top"":2237,""bottom"":6312},""time"":1729913671041},{""box"":{""left"":1825,""right"":3625,""top"":2237,""bottom"":6312},""time"":1729913671089},{""box"":{""left"":1825,""right"":3625,""top"":2237,""bottom"":6312},""time"":1729913671194},{""box"":{""left"":1825,""right"":3625,""top"":2237,""bottom"":6312},""time"":1729913671267},{""box"":{""left"":1825,""right"":3625,""top"":2237,""bottom"":6312},""time"":1729913671332},{""box"":{""left"":1825,""right"":3625,""top"":2237,""bottom"":6312},""time"":1729913671397},{""box"":{""left"":1825,""right"":3625,""top"":2237,""bottom"":6312},""time"":1729913671461},{""box"":{""left"":1825,""right"":3625,""top"":2237,""bottom"":6312},""time"":1729913671516},{""box"":{""left"":1825,""right"":3625,""top"":2237,""bottom"":6312},""time"":1729913671549},{""box"":{""left"":1825,""right"":3625,""top"":2237,""bottom"":6312},""time"":1729913671614},{""box"":{""left"":1825,""right"":3625,""top"":2237,""bottom"":6312},""time"":1729913671668},{""box"":{""left"":1825,""right"":3625,""top"":2237,""bottom"":6312},""time"":1729913671773},{""box"":{""left"":1825,""right"":3625,""top"":2237,""bottom"":6312},""time"":1729913671839},{""box"":{""left"":1825,""right"":3625,""top"":2237,""bottom"":6312},""time"":1729913671893},{""box"":{""left"":1825,""right"":3625,""top"":2237,""bottom"":6312},""time"":1729913671936},{""box"":{""left"":1825,""right"":3625,""top"":2237,""bottom"":6312},""time"":1729913671968},{""box"":{""left"":1825,""right"":3625,""top"":2237,""bottom"":6312},""time"":1729913672011},{""box"":{""left"":1825,""right"":3625,""top"":2237,""bottom"":6312},""time"":1729913672076},{""box"":{""left"":1825,""right"":3625,""top"":2237,""bottom"":6312},""time"":1729913672240},{""box"":{""left"":1825,""right"":3625,""top"":2237,""bottom"":6312},""time"":1729913672283},{""box"":{""left"":1825,""right"":3625,""top"":2237,""bottom"":6312},""time"":1729913672316},{""box"":{""left"":1825,""right"":3625,""top"":2237,""bottom"":6312},""time"":1729913672380},{""box"":{""left"":1825,""right"":3625,""top"":2237,""bottom"":6312},""time"":1729913672961},{""box"":{""left"":1825,""right"":3625,""top"":2237,""bottom"":6312},""time"":1729913672994},{""box"":{""left"":1825,""right"":3625,""top"":2237,""bottom"":6312},""time"":1729913673015},{""box"":{""left"":1825,""right"":3625,""top"":2237,""bottom"":6312},""time"":1729913673092},{""box"":{""left"":1825,""right"":3625,""top"":2237,""bottom"":6312},""time"":1729913673252},{""box"":{""left"":1825,""right"":3625,""top"":2237,""bottom"":6312},""time"":1729913673274},{""box"":{""left"":1825,""right"":3625,""top"":2237,""bottom"":6312},""time"":1729913673296},{""box"":{""left"":1825,""right"":3625,""top"":2237,""bottom"":6312},""time"":1729913673329},{""box"":{""left"":1825,""right"":3625,""top"":2237,""bottom"":6312},""time"":1729913673695},{""box"":{""left"":1825,""right"":3625,""top"":2237,""bottom"":6312},""time"":1729913673729},{""box"":{""left"":1825,""right"":3625,""top"":2237,""bottom"":6312},""time"":1729913673795},{""box"":{""left"":1825,""right"":3625,""top"":2237,""bottom"":6312},""time"":1729913673850},{""box"":{""left"":1825,""right"":3625,""top"":2237,""bottom"":6312},""time"":1729913673925},{""box"":{""left"":1825,""right"":3625,""top"":2237,""bottom"":6312},""time"":1729913673958},{""box"":{""left"":1825,""right"":3625,""top"":2237,""bottom"":6312},""time"":1729913674024},{""box"":{""left"":1825,""right"":3625,""top"":2237,""bottom"":6312},""time"":1729913674058},{""box"":{""left"":1825,""right"":3625,""top"":2237,""bottom"":6312},""time"":1729913674080},{""box"":{""left"":1825,""right"":3625,""top"":2237,""bottom"":6312},""time"":1729913674124},{""box"":{""left"":1825,""right"":3625,""top"":2237,""bottom"":6312},""time"":1729913674180},{""box"":{""left"":1825,""right"":3625,""top"":2237,""bottom"":6312},""time"":1729913674238},{""box"":{""left"":1825,""right"":3625,""top"":2237,""bottom"":6312},""time"":1729913674296},{""box"":{""left"":1825,""right"":3625,""top"":2237,""bottom"":6312},""time"":1729913674349},{""box"":{""left"":1825,""right"":3625,""top"":2237,""bottom"":6312},""time"":1729913674409},{""box"":{""left"":1825,""right"":3625,""top"":2237,""bottom"":6312},""time"":1729913674451},{""box"":{""left"":1825,""right"":3625,""top"":2237,""bottom"":6312},""time"":1729913674473},{""box"":{""left"":1825,""right"":3625,""top"":2237,""bottom"":6312},""time"":1729913674523},{""box"":{""left"":1825,""right"":3625,""top"":2237,""bottom"":6312},""time"":1729913674976},{""box"":{""left"":1825,""right"":3625,""top"":2237,""bottom"":6312},""time"":1729913675029},{""box"":{""left"":1825,""right"":3625,""top"":2237,""bottom"":6312},""time"":1729913675090},{""box"":{""left"":1825,""right"":3625,""top"":2237,""bottom"":6312},""time"":1729913675143},{""box"":{""left"":1825,""right"":3625,""top"":2237,""bottom"":6312},""time"":1729913675234},{""box"":{""left"":1825,""right"":3625,""top"":2237,""bottom"":6312},""time"":1729913675256},{""box"":{""left"":1825,""right"":3625,""top"":2237,""bottom"":6312},""time"":1729913675347},{""box"":{""left"":1825,""right"":3625,""top"":2237,""bottom"":6312},""time"":1729913675370},{""box"":{""left"":1825,""right"":3625,""top"":2237,""bottom"":6312},""time"":1729913675432},{""box"":{""left"":1825,""right"":3625,""top"":2237,""bottom"":6312},""time"":1729913675545},{""box"":{""left"":1825,""right"":3625,""top"":2237,""bottom"":6312},""time"":1729913675628},{""box"":{""left"":1825,""right"":3625,""top"":2237,""bottom"":6312},""time"":1729913675650},{""box"":{""left"":1825,""right"":3625,""top"":2237,""bottom"":6312},""time"":1729913675740},{""box"":{""left"":1825,""right"":3625,""top"":2237,""bottom"":6312},""time"":1729913675763},{""box"":{""left"":1825,""right"":3625,""top"":2237,""bottom"":6312},""time"":1729913675878},{""box"":{""left"":1825,""right"":3625,""top"":2237,""bottom"":6312},""time"":1729913675990},{""box"":{""left"":1825,""right"":3625,""top"":2237,""bottom"":6312},""time"":1729913676166},{""box"":{""left"":1825,""right"":3625,""top"":2237,""bottom"":6312},""time"":1729913676195},{""box"":{""left"":1825,""right"":3625,""top"":2237,""bottom"":6312},""time"":1729913676218},{""box"":{""left"":1825,""right"":3625,""top"":2237,""bottom"":6312},""time"":1729913676317},{""box"":{""left"":1825,""right"":3625,""top"":2237,""bottom"":6312},""time"":1729913676340},{""box"":{""left"":1825,""right"":3625,""top"":2237,""bottom"":6312},""time"":1729913676373},{""box"":{""left"":1825,""right"":3625,""top"":2237,""bottom"":6312},""time"":1729913676395},{""box"":{""left"":1825,""right"":3625,""top"":2237,""bottom"":6312},""time"":1729913676442},{""box"":{""left"":1825,""right"":3625,""top"":2237,""bottom"":6312},""time"":1729913676465},{""box"":{""left"":1825,""right"":3625,""top"":2237,""bottom"":6312},""time"":1729913676520},{""box"":{""left"":1825,""right"":3625,""top"":2237,""bottom"":6312},""time"":1729913676553},{""box"":{""left"":1825,""right"":3625,""top"":2237,""bottom"":6312},""time"":1729913676576},{""box"":{""left"":1825,""right"":3625,""top"":2237,""bottom"":6312},""time"":1729913676631},{""box"":{""left"":1825,""right"":3625,""top"":2237,""bottom"":6312},""time"":1729913676863},{""box"":{""left"":1825,""right"":3625,""top"":2237,""bottom"":6312},""time"":1729913676917},{""box"":{""left"":1825,""right"":3625,""top"":2237,""bottom"":6312},""time"":1729913677018},{""box"":{""left"":1825,""right"":3625,""top"":2237,""bottom"":6312},""time"":1729913677040},{""box"":{""left"":1825,""right"":3625,""top"":2237,""bottom"":6312},""time"":1729913677058},{""box"":{""left"":1825,""right"":3625,""top"":2237,""bottom"":6312},""time"":1729913677080},{""box"":{""left"":1825,""right"":3625,""top"":2237,""bottom"":6312},""time"":1729913677119},{""box"":{""left"":1825,""right"":3625,""top"":2237,""bottom"":6312},""time"":1729913677142},{""box"":{""left"":1825,""right"":3625,""top"":2237,""bottom"":6312},""time"":1729913677186},{""box"":{""left"":1825,""right"":3625,""top"":2237,""bottom"":6312},""time"":1729913677209},{""box"":{""left"":1825,""right"":3625,""top"":2237,""bottom"":6312},""time"":1729913677242},{""box"":{""left"":1825,""right"":3625,""top"":2237,""bottom"":6312},""time"":1729913677295},{""box"":{""left"":1825,""right"":3625,""top"":2237,""bottom"":6312},""time"":1729913677318},{""box"":{""left"":1825,""right"":3625,""top"":2237,""bottom"":6312},""time"":1729913677431},{""box"":{""left"":1825,""right"":3625,""top"":2237,""bottom"":6312},""time"":1729913677468},{""box"":{""left"":1825,""right"":3625,""top"":2237,""bottom"":6312},""time"":1729913677491},{""box"":{""left"":1825,""right"":3625,""top"":2237,""bottom"":6312},""time"":1729913677746},{""box"":{""left"":1825,""right"":3625,""top"":2237,""bottom"":6312},""time"":1729913677769},{""box"":{""left"":1825,""right"":3625,""top"":2237,""bottom"":6312},""time"":1729913677829},{""box"":{""left"":1825,""right"":3625,""top"":2237,""bottom"":6312},""time"":1729913677869},{""box"":{""left"":1825,""right"":3625,""top"":2237,""bottom"":6312},""time"":1729913677891},{""box"":{""left"":1825,""right"":3625,""top"":2237,""bottom"":6312},""time"":1729913677941},{""box"":{""left"":1825,""right"":3625,""top"":2237,""bottom"":6312},""time"":1729913677995},{""box"":{""left"":1825,""right"":3625,""top"":2237,""bottom"":6312},""time"":1729913678109},{""box"":{""left"":1825,""right"":3625,""top"":2237,""bottom"":6312},""time"":1729913678171},{""box"":{""left"":1825,""right"":3625,""top"":2237,""bottom"":6312},""time"":1729913678224},{""box"":{""left"":1825,""right"":3625,""top"":2237,""bottom"":6312},""time"":1729913678274},{""box"":{""left"":1825,""right"":3625,""top"":2237,""bottom"":6312},""time"":1729913678297},{""box"":{""left"":1825,""right"":3625,""top"":2237,""bottom"":6312},""time"":1729913678342},{""box"":{""left"":1825,""right"":3625,""top"":2237,""bottom"":6312},""time"":1729913678438},{""box"":{""left"":1825,""right"":3625,""top"":2237,""bottom"":6312},""time"":1729913678460},{""box"":{""left"":1825,""right"":3625,""top"":2237,""bottom"":6312},""time"":1729913678500},{""box"":{""left"":1825,""right"":3625,""top"":2237,""bottom"":6312},""time"":1729913678522},{""box"":{""left"":1825,""right"":3625,""top"":2237,""bottom"":6312},""time"":1729913678549},{""box"":{""left"":1825,""right"":3625,""top"":2237,""bottom"":6312},""time"":1729913678572},{""box"":{""left"":1825,""right"":3625,""top"":2237,""bottom"":6312},""time"":1729913678623},{""box"":{""left"":1825,""right"":3625,""top"":2237,""bottom"":6312},""time"":1729913678665},{""box"":{""left"":1825,""right"":3625,""top"":2237,""bottom"":6312},""time"":1729913678687},{""box"":{""left"":1825,""right"":3625,""top"":2237,""bottom"":6312},""time"":1729913678713},{""box"":{""left"":1825,""right"":3625,""top"":2237,""bottom"":6312},""time"":1729913678736},{""box"":{""left"":1825,""right"":3625,""top"":2237,""bottom"":6312},""time"":1729913678789},{""box"":{""left"":1825,""right"":3625,""top"":2237,""bottom"":6312},""time"":1729913678850},{""box"":{""left"":1825,""right"":3625,""top"":2237,""bottom"":6312},""time"":1729913678965},{""box"":{""left"":1825,""right"":3625,""top"":2237,""bottom"":6312},""time"":1729913679003},{""box"":{""left"":1825,""right"":3625,""top"":2237,""bottom"":6312},""time"":1729913679026},{""box"":{""left"":1825,""right"":3625,""top"":2237,""bottom"":6312},""time"":1729913679079},{""box"":{""left"":1825,""right"":3625,""top"":2237,""bottom"":6312},""time"":1729913679190},{""box"":{""left"":1825,""right"":3625,""top"":2237,""bottom"":6312},""time"":1729913679218},{""box"":{""left"":1825,""right"":3625,""top"":2237,""bottom"":6312},""time"":1729913679240},{""box"":{""left"":1825,""right"":3625,""top"":2237,""bottom"":6312},""time"":1729913679341},{""box"":{""left"":1825,""right"":3625,""top"":2237,""bottom"":6312},""time"":1729913679363},{""box"":{""left"":1825,""right"":3625,""top"":2237,""bottom"":6312},""time"":1729913679391},{""box"":{""left"":1825,""right"":3625,""top"":2237,""bottom"":6312},""time"":1729913679414},{""box"":{""left"":1825,""right"":3625,""top"":2237,""bottom"":6312},""time"":1729913679465},{""box"":{""left"":1825,""right"":3625,""top"":2237,""bottom"":6312},""time"":1729913679587},{""box"":{""left"":1825,""right"":3625,""top"":2237,""bottom"":6312},""time"":1729913679638},{""box"":{""left"":1825,""right"":3625,""top"":2237,""bottom"":6312},""time"":1729913679676},{""box"":{""left"":1825,""right"":3625,""top"":2237,""bottom"":6312},""time"":1729913679699},{""box"":{""left"":1825,""right"":3625,""top"":2237,""bottom"":6312},""time"":1729913679750},{""box"":{""left"":1825,""right"":3625,""top"":2237,""bottom"":6312},""time"":1729913679813},{""box"":{""left"":1825,""right"":3625,""top"":2237,""bottom"":6312},""time"":1729913679863},{""box"":{""left"":1825,""right"":3625,""top"":2237,""bottom"":6312},""time"":1729913679986},{""box"":{""left"":1825,""right"":3625,""top"":2237,""bottom"":6312},""time"":1729913680038},{""box"":{""left"":1825,""right"":3625,""top"":2237,""bottom"":6312},""time"":1729913680076},{""box"":{""left"":1825,""right"":3625,""top"":2237,""bottom"":6312},""time"":1729913680098},{""box"":{""left"":1825,""right"":3625,""top"":2237,""bottom"":6312},""time"":1729913680151},{""box"":{""left"":1825,""right"":3625,""top"":2237,""bottom"":6312},""time"":1729913680190},{""box"":{""left"":1825,""right"":3625,""top"":2237,""bottom"":6312},""time"":1729913680212},{""box"":{""left"":1825,""right"":3625,""top"":2237,""bottom"":6312},""time"":1729913680265}",,,,,
57004,Person,2024-10-26 12:34:25,2024-10-26 12:34:29,"{""left"":1781,""right"":2770,""top"":2087,""bottom"":4281},{""box"":{""left"":1781,""right"":2770,""top"":2087,""bottom"":4281},""time"":1729913665787},{""box"":{""left"":1781,""right"":2770,""top"":2087,""bottom"":4281},""time"":1729913665840},{""box"":{""left"":1781,""right"":2770,""top"":2087,""bottom"":4281},""time"":1729913665904},{""box"":{""left"":1781,""right"":2770,""top"":2087,""bottom"":4281},""time"":1729913665956},{""box"":{""left"":1781,""right"":2770,""top"":2087,""bottom"":4281},""time"":1729913666063},{""box"":{""left"":1781,""right"":2770,""top"":2087,""bottom"":4281},""time"":1729913666116},{""box"":{""left"":1781,""right"":2770,""top"":2087,""bottom"":4281},""time"":1729913666179},{""box"":{""left"":1781,""right"":2770,""top"":2087,""bottom"":4281},""time"":1729913666231},{""box"":{""left"":1781,""right"":2770,""top"":2087,""bottom"":4281},""time"":1729913666284},{""box"":{""left"":1781,""right"":2770,""top"":2087,""bottom"":4281},""time"":1729913666353},{""box"":{""left"":1781,""right"":2770,""top"":2087,""bottom"":4281},""time"":1729913666405},{""box"":{""left"":1781,""right"":2770,""top"":2087,""bottom"":4281},""time"":1729913666469},{""box"":{""left"":1781,""right"":2770,""top"":2087,""bottom"":4281},""time"":1729913666522},{""box"":{""left"":1781,""right"":2770,""top"":2087,""bottom"":4281},""time"":1729913666585},{""box"":{""left"":1781,""right"":2770,""top"":2087,""bottom"":4281},""time"":1729913666649},{""box"":{""left"":1781,""right"":2770,""top"":2087,""bottom"":4281},""time"":1729913666701},{""box"":{""left"":1781,""right"":2770,""top"":2087,""bottom"":4281},""time"":1729913666765},{""box"":{""left"":1781,""right"":2770,""top"":2087,""bottom"":4281},""time"":1729913666857},{""box"":{""left"":1781,""right"":2770,""top"":2087,""bottom"":4281},""time"":1729913666930},{""box"":{""left"":1781,""right"":2770,""top"":2087,""bottom"":4281},""time"":1729913667032},{""box"":{""left"":1781,""right"":2770,""top"":2087,""bottom"":4281},""time"":1729913667103},{""box"":{""left"":1781,""right"":2770,""top"":2087,""bottom"":4281},""time"":1729913667155},{""box"":{""left"":1781,""right"":2770,""top"":2087,""bottom"":4281},""time"":1729913667259},{""box"":{""left"":1781,""right"":2770,""top"":2087,""bottom"":4281},""time"":1729913667374},{""box"":{""left"":1781,""right"":2770,""top"":2087,""bottom"":4281},""time"":1729913667437},{""box"":{""left"":1781,""right"":2770,""top"":2087,""bottom"":4281},""time"":1729913667490},{""box"":{""left"":1781,""right"":2770,""top"":2087,""bottom"":4281},""time"":1729913667554},{""box"":{""left"":1781,""right"":2770,""top"":2087,""bottom"":4281},""time"":1729913667606},{""box"":{""left"":1781,""right"":2770,""top"":2087,""bottom"":4281},""time"":1729913667670},{""box"":{""left"":1781,""right"":2770,""top"":2087,""bottom"":4281},""time"":1729913667712},{""box"":{""left"":1781,""right"":2770,""top"":2087,""bottom"":4281},""time"":1729913667767},{""box"":{""left"":1781,""right"":2770,""top"":2087,""bottom"":4281},""time"":1729913667816},{""box"":{""left"":1781,""right"":2770,""top"":2087,""bottom"":4281},""time"":1729913667867},{""box"":{""left"":1781,""right"":2770,""top"":2087,""bottom"":4281},""time"":1729913667929},{""box"":{""left"":1781,""right"":2770,""top"":2087,""bottom"":4281},""time"":1729913667992},{""box"":{""left"":1781,""right"":2770,""top"":2087,""bottom"":4281},""time"":1729913668053},{""box"":{""left"":1781,""right"":2770,""top"":2087,""bottom"":4281},""time"":1729913668117},{""box"":{""left"":1781,""right"":2770,""top"":2087,""bottom"":4281},""time"":1729913668180},{""box"":{""left"":1781,""right"":2770,""top"":2087,""bottom"":4281},""time"":1729913668297},{""box"":{""left"":1781,""right"":2770,""top"":2087,""bottom"":4281},""time"":1729913668366},{""box"":{""left"":1781,""right"":2770,""top"":2087,""bottom"":4281},""time"":1729913668440},{""box"":{""left"":1781,""right"":2770,""top"":2087,""bottom"":4281},""time"":1729913668515},{""box"":{""left"":1781,""right"":2770,""top"":2087,""bottom"":4281},""time"":1729913668642},{""box"":{""left"":1781,""right"":2770,""top"":2087,""bottom"":4281},""time"":1729913668705},{""box"":{""left"":1781,""right"":2770,""top"":2087,""bottom"":4281},""time"":1729913668758},{""box"":{""left"":1781,""right"":2770,""top"":2087,""bottom"":4281},""time"":1729913668864},{""box"":{""left"":1781,""right"":2770,""top"":2087,""bottom"":4281},""time"":1729913668992},{""box"":{""left"":1781,""right"":2770,""top"":2087,""bottom"":4281},""time"":1729913669953}",,,,,
57005,Person,2024-10-26 12:34:27,2024-10-26 12:34:34,"{""left"":87,""right"":8291,""top"":1637,""bottom"":10000},{""box"":{""left"":87,""right"":8291,""top"":1637,""bottom"":10000},""time"":1729913667877},{""box"":{""left"":87,""right"":8291,""top"":1637,""bottom"":10000},""time"":1729913667940},{""box"":{""left"":87,""right"":8291,""top"":1637,""bottom"":10000},""time"":1729913668063},{""box"":{""left"":87,""right"":8291,""top"":1637,""bottom"":10000},""time"":1729913668127},{""box"":{""left"":87,""right"":8291,""top"":1637,""bottom"":10000},""time"":1729913668190},{""box"":{""left"":87,""right"":8291,""top"":1637,""bottom"":10000},""time"":1729913668244},{""box"":{""left"":87,""right"":8291,""top"":1637,""bottom"":10000},""time"":1729913668307},{""box"":{""left"":87,""right"":8291,""top"":1637,""bottom"":10000},""time"":1729913668376},{""box"":{""left"":87,""right"":8291,""top"":1637,""bottom"":10000},""time"":1729913668451},{""box"":{""left"":87,""right"":8291,""top"":1637,""bottom"":10000},""time"":1729913668525},{""box"":{""left"":87,""right"":8291,""top"":1637,""bottom"":10000},""time"":1729913668578},{""box"":{""left"":87,""right"":8291,""top"":1637,""bottom"":10000},""time"":1729913668652},{""box"":{""left"":87,""right"":8291,""top"":1637,""bottom"":10000},""time"":1729913668715},{""box"":{""left"":87,""right"":8291,""top"":1637,""bottom"":10000},""time"":1729913668769},{""box"":{""left"":87,""right"":8291,""top"":1637,""bottom"":10000},""time"":1729913668822},{""box"":{""left"":87,""right"":8291,""top"":1637,""bottom"":10000},""time"":1729913668875},{""box"":{""left"":87,""right"":8291,""top"":1637,""bottom"":10000},""time"":1729913668929},{""box"":{""left"":87,""right"":8291,""top"":1637,""bottom"":10000},""time"":1729913669003},{""box"":{""left"":87,""right"":8291,""top"":1637,""bottom"":10000},""time"":1729913669056},{""box"":{""left"":87,""right"":8291,""top"":1637,""bottom"":10000},""time"":1729913669120},{""box"":{""left"":87,""right"":8291,""top"":1637,""bottom"":10000},""time"":1729913669173},{""box"":{""left"":87,""right"":8291,""top"":1637,""bottom"":10000},""time"":1729913669237},{""box"":{""left"":87,""right"":8291,""top"":1637,""bottom"":10000},""time"":1729913669301},{""box"":{""left"":87,""right"":8291,""top"":1637,""bottom"":10000},""time"":1729913669354},{""box"":{""left"":87,""right"":8291,""top"":1637,""bottom"":10000},""time"":1729913669397},{""box"":{""left"":87,""right"":8291,""top"":1637,""bottom"":10000},""time"":1729913669450},{""box"":{""left"":87,""right"":8291,""top"":1637,""bottom"":10000},""time"":1729913669503},{""box"":{""left"":87,""right"":8291,""top"":1637,""bottom"":10000},""time"":1729913669557},{""box"":{""left"":87,""right"":8291,""top"":1637,""bottom"":10000},""time"":1729913669610},{""box"":{""left"":87,""right"":8291,""top"":1637,""bottom"":10000},""time"":1729913669686},{""box"":{""left"":87,""right"":8291,""top"":1637,""bottom"":10000},""time"":1729913669740},{""box"":{""left"":87,""right"":8291,""top"":1637,""bottom"":10000},""time"":1729913669793},{""box"":{""left"":87,""right"":8291,""top"":1637,""bottom"":10000},""time"":1729913669846},{""box"":{""left"":87,""right"":8291,""top"":1637,""bottom"":10000},""time"":1729913669900},{""box"":{""left"":87,""right"":8291,""top"":1637,""bottom"":10000},""time"":1729913669964},{""box"":{""left"":87,""right"":8291,""top"":1637,""bottom"":10000},""time"":1729913670018},{""box"":{""left"":87,""right"":8291,""top"":1637,""bottom"":10000},""time"":1729913670071},{""box"":{""left"":87,""right"":8291,""top"":1637,""bottom"":10000},""time"":1729913670125},{""box"":{""left"":87,""right"":8291,""top"":1637,""bottom"":10000},""time"":1729913670178},{""box"":{""left"":87,""right"":8291,""top"":1637,""bottom"":10000},""time"":1729913670232},{""box"":{""left"":87,""right"":8291,""top"":1637,""bottom"":10000},""time"":1729913670285},{""box"":{""left"":87,""right"":8291,""top"":1637,""bottom"":10000},""time"":1729913670346},{""box"":{""left"":87,""right"":8291,""top"":1637,""bottom"":10000},""time"":1729913670472},{""box"":{""left"":87,""right"":8291,""top"":1637,""bottom"":10000},""time"":1729913670520},{""box"":{""left"":87,""right"":8291,""top"":1637,""bottom"":10000},""time"":1729913670650},{""box"":{""left"":87,""right"":8291,""top"":1637,""bottom"":10000},""time"":1729913670764},{""box"":{""left"":87,""right"":8291,""top"":1637,""bottom"":10000},""time"":1729913670826},{""box"":{""left"":87,""right"":8291,""top"":1637,""bottom"":10000},""time"":1729913670938},{""box"":{""left"":87,""right"":8291,""top"":1637,""bottom"":10000},""time"":1729913670998},{""box"":{""left"":87,""right"":8291,""top"":1637,""bottom"":10000},""time"":1729913671052},{""box"":{""left"":87,""right"":8291,""top"":1637,""bottom"":10000},""time"":1729913671100},{""box"":{""left"":87,""right"":8291,""top"":1637,""bottom"":10000},""time"":1729913671205},{""box"":{""left"":87,""right"":8291,""top"":1637,""bottom"":10000},""time"":1729913671278},{""box"":{""left"":87,""right"":8291,""top"":1637,""bottom"":10000},""time"":1729913671343},{""box"":{""left"":87,""right"":8291,""top"":1637,""bottom"":10000},""time"":1729913671408},{""box"":{""left"":87,""right"":8291,""top"":1637,""bottom"":10000},""time"":1729913671472},{""box"":{""left"":87,""right"":8291,""top"":1637,""bottom"":10000},""time"":1729913671560},{""box"":{""left"":87,""right"":8291,""top"":1637,""bottom"":10000},""time"":1729913671625},{""box"":{""left"":87,""right"":8291,""top"":1637,""bottom"":10000},""time"":1729913671678},{""box"":{""left"":87,""right"":8291,""top"":1637,""bottom"":10000},""time"":1729913671784},{""box"":{""left"":87,""right"":8291,""top"":1637,""bottom"":10000},""time"":1729913671850},{""box"":{""left"":87,""right"":8291,""top"":1637,""bottom"":10000},""time"":1729913671903},{""box"":{""left"":87,""right"":8291,""top"":1637,""bottom"":10000},""time"":1729913671979},{""box"":{""left"":87,""right"":8291,""top"":1637,""bottom"":10000},""time"":1729913672087},{""box"":{""left"":87,""right"":8291,""top"":1637,""bottom"":10000},""time"":1729913672250},{""box"":{""left"":87,""right"":8291,""top"":1637,""bottom"":10000},""time"":1729913672327},{""box"":{""left"":87,""right"":8291,""top"":1637,""bottom"":10000},""time"":1729913672391},{""box"":{""left"":87,""right"":8291,""top"":1637,""bottom"":10000},""time"":1729913673048},{""box"":{""left"":87,""right"":8291,""top"":1637,""bottom"":10000},""time"":1729913673125},{""box"":{""left"":87,""right"":8291,""top"":1637,""bottom"":10000},""time"":1729913673340},{""box"":{""left"":87,""right"":8291,""top"":1637,""bottom"":10000},""time"":1729913673739},{""box"":{""left"":87,""right"":8291,""top"":1637,""bottom"":10000},""time"":1729913673806},{""box"":{""left"":87,""right"":8291,""top"":1637,""bottom"":10000},""time"":1729913673861},{""box"":{""left"":87,""right"":8291,""top"":1637,""bottom"":10000},""time"":1729913673969},{""box"":{""left"":87,""right"":8291,""top"":1637,""bottom"":10000},""time"":1729913674035},{""box"":{""left"":87,""right"":8291,""top"":1637,""bottom"":10000},""time"":1729913674135},{""box"":{""left"":87,""right"":8291,""top"":1637,""bottom"":10000},""time"":1729913674191},{""box"":{""left"":87,""right"":8291,""top"":1637,""bottom"":10000},""time"":1729913674359},{""box"":{""left"":87,""right"":8291,""top"":1637,""bottom"":10000},""time"":1729913674534}",,,,,
57006,Person,2024-10-26 12:34:28,2024-10-26 12:34:29,"{""left"":62,""right"":8291,""top"":1287,""bottom"":10000},{""box"":{""left"":62,""right"":8291,""top"":1287,""bottom"":10000},""time"":1729913668461},{""box"":{""left"":62,""right"":8291,""top"":1287,""bottom"":10000},""time"":1729913668535},{""box"":{""left"":62,""right"":8291,""top"":1287,""bottom"":10000},""time"":1729913668588},{""box"":{""left"":62,""right"":8291,""top"":1287,""bottom"":10000},""time"":1729913668663},{""box"":{""left"":62,""right"":8291,""top"":1287,""bottom"":10000},""time"":1729913668833},{""box"":{""left"":62,""right"":8291,""top"":1287,""bottom"":10000},""time"":1729913669067},{""box"":{""left"":62,""right"":8291,""top"":1287,""bottom"":10000},""time"":1729913669130},{""box"":{""left"":62,""right"":8291,""top"":1287,""bottom"":10000},""time"":1729913669183},{""box"":{""left"":62,""right"":8291,""top"":1287,""bottom"":10000},""time"":1729913669247}",,,,,
57007,Face,2024-10-26 12:34:30,2024-10-26 12:34:30,"{""left"":4753,""right"":7952,""top"":5167,""bottom"":8594}","6,12",male,,,
57008,Person,2024-10-26 12:34:30,2024-10-26 12:34:33,"{""left"":1787,""right"":2791,""top"":2087,""bottom"":4312},{""box"":{""left"":1787,""right"":2791,""top"":2087,""bottom"":4312},""time"":1729913671216},{""box"":{""left"":1787,""right"":2791,""top"":2087,""bottom"":4312},""time"":1729913671288},{""box"":{""left"":1787,""right"":2791,""top"":2087,""bottom"":4312},""time"":1729913671353},{""box"":{""left"":1787,""right"":2791,""top"":2087,""bottom"":4312},""time"":1729913671418},{""box"":{""left"":1787,""right"":2791,""top"":2087,""bottom"":4312},""time"":1729913671483},{""box"":{""left"":1787,""right"":2791,""top"":2087,""bottom"":4312},""time"":1729913671570},{""box"":{""left"":1787,""right"":2791,""top"":2087,""bottom"":4312},""time"":1729913671635},{""box"":{""left"":1787,""right"":2791,""top"":2087,""bottom"":4312},""time"":1729913671689},{""box"":{""left"":1787,""right"":2791,""top"":2087,""bottom"":4312},""time"":1729913671794},{""box"":{""left"":1787,""right"":2791,""top"":2087,""bottom"":4312},""time"":1729913671860},{""box"":{""left"":1787,""right"":2791,""top"":2087,""bottom"":4312},""time"":1729913671914},{""box"":{""left"":1787,""right"":2791,""top"":2087,""bottom"":4312},""time"":1729913671990},{""box"":{""left"":1787,""right"":2791,""top"":2087,""bottom"":4312},""time"":1729913672098},{""box"":{""left"":1787,""right"":2791,""top"":2087,""bottom"":4312},""time"":1729913672261},{""box"":{""left"":1787,""right"":2791,""top"":2087,""bottom"":4312},""time"":1729913672337},{""box"":{""left"":1787,""right"":2791,""top"":2087,""bottom"":4312},""time"":1729913672402},{""box"":{""left"":1787,""right"":2791,""top"":2087,""bottom"":4312},""time"":1729913673059},{""box"":{""left"":1787,""right"":2791,""top"":2087,""bottom"":4312},""time"":1729913673135}",,,,,
57009,Person,2024-10-26 12:34:33,2024-10-26 12:34:38,"{""left"":7042,""right"":7171,""top"":8221,""bottom"":10000},{""box"":{""left"":7042,""right"":7171,""top"":8221,""bottom"":10000},""time"":1729913673285},{""box"":{""left"":7042,""right"":7171,""top"":8221,""bottom"":10000},""time"":1729913673351},{""box"":{""left"":7042,""right"":7171,""top"":8221,""bottom"":10000},""time"":1729913673750},{""box"":{""left"":7042,""right"":7171,""top"":8221,""bottom"":10000},""time"":1729913673980},{""box"":{""left"":7042,""right"":7171,""top"":8221,""bottom"":10000},""time"":1729913674091},{""box"":{""left"":7042,""right"":7171,""top"":8221,""bottom"":10000},""time"":1729913674146},{""box"":{""left"":7042,""right"":7171,""top"":8221,""bottom"":10000},""time"":1729913674201},{""box"":{""left"":7042,""right"":7171,""top"":8221,""bottom"":10000},""time"":1729913674249},{""box"":{""left"":7042,""right"":7171,""top"":8221,""bottom"":10000},""time"":1729913674307},{""box"":{""left"":7042,""right"":7171,""top"":8221,""bottom"":10000},""time"":1729913674370},{""box"":{""left"":7042,""right"":7171,""top"":8221,""bottom"":10000},""time"":1729913674484},{""box"":{""left"":7042,""right"":7171,""top"":8221,""bottom"":10000},""time"":1729913674545},{""box"":{""left"":7042,""right"":7171,""top"":8221,""bottom"":10000},""time"":1729913674987},{""box"":{""left"":7042,""right"":7171,""top"":8221,""bottom"":10000},""time"":1729913675040},{""box"":{""left"":7042,""right"":7171,""top"":8221,""bottom"":10000},""time"":1729913675101},{""box"":{""left"":7042,""right"":7171,""top"":8221,""bottom"":10000},""time"":1729913675154},{""box"":{""left"":7042,""right"":7171,""top"":8221,""bottom"":10000},""time"":1729913675267},{""box"":{""left"":7042,""right"":7171,""top"":8221,""bottom"":10000},""time"":1729913675380},{""box"":{""left"":7042,""right"":7171,""top"":8221,""bottom"":10000},""time"":1729913675443},{""box"":{""left"":7042,""right"":7171,""top"":8221,""bottom"":10000},""time"":1729913675661},{""box"":{""left"":7042,""right"":7171,""top"":8221,""bottom"":10000},""time"":1729913675889},{""box"":{""left"":7042,""right"":7171,""top"":8221,""bottom"":10000},""time"":1729913676001},{""box"":{""left"":7042,""right"":7171,""top"":8221,""bottom"":10000},""time"":1729913676228},{""box"":{""left"":7042,""right"":7171,""top"":8221,""bottom"":10000},""time"":1729913676351},{""box"":{""left"":7042,""right"":7171,""top"":8221,""bottom"":10000},""time"":1729913676406},{""box"":{""left"":7042,""right"":7171,""top"":8221,""bottom"":10000},""time"":1729913676531},{""box"":{""left"":7042,""right"":7171,""top"":8221,""bottom"":10000},""time"":1729913676587},{""box"":{""left"":7042,""right"":7171,""top"":8221,""bottom"":10000},""time"":1729913678120}",,,,,
57010,Person,2024-10-26 12:34:35,2024-10-26 12:34:37,"{""left"":88,""right"":8243,""top"":1048,""bottom"":10000}",,,,,
57011,Person,2024-10-26 12:34:35,2024-10-26 12:34:39,"{""left"":7900,""right"":6735,""top"":9320,""bottom"":9965},{""box"":{""left"":7900,""right"":6735,""top"":9320,""bottom"":9965},""time"":1729913676250},{""box"":{""left"":7900,""right"":6735,""top"":9320,""bottom"":9965},""time"":1729913676417},{""box"":{""left"":7900,""right"":6735,""top"":9320,""bottom"":9965},""time"":1729913676486},{""box"":{""left"":7900,""right"":6735,""top"":9320,""bottom"":9965},""time"":1729913676542},{""box"":{""left"":7900,""right"":6735,""top"":9320,""bottom"":9965},""time"":1729913676598},{""box"":{""left"":7900,""right"":6735,""top"":9320,""bottom"":9965},""time"":1729913676642},{""box"":{""left"":7900,""right"":6735,""top"":9320,""bottom"":9965},""time"":1729913676874},{""box"":{""left"":7900,""right"":6735,""top"":9320,""bottom"":9965},""time"":1729913676928},{""box"":{""left"":7900,""right"":6735,""top"":9320,""bottom"":9965},""time"":1729913677102},{""box"":{""left"":7900,""right"":6735,""top"":9320,""bottom"":9965},""time"":1729913677163},{""box"":{""left"":7900,""right"":6735,""top"":9320,""bottom"":9965},""time"":1729913677230},{""box"":{""left"":7900,""right"":6735,""top"":9320,""bottom"":9965},""time"":1729913677329},{""box"":{""left"":7900,""right"":6735,""top"":9320,""bottom"":9965},""time"":1729913677442},{""box"":{""left"":7900,""right"":6735,""top"":9320,""bottom"":9965},""time"":1729913677502},{""box"":{""left"":7900,""right"":6735,""top"":9320,""bottom"":9965},""time"":1729913677780},{""box"":{""left"":7900,""right"":6735,""top"":9320,""bottom"":9965},""time"":1729913677840},{""box"":{""left"":7900,""right"":6735,""top"":9320,""bottom"":9965},""time"":1729913677902},{""box"":{""left"":7900,""right"":6735,""top"":9320,""bottom"":9965},""time"":1729913677952},{""box"":{""left"":7900,""right"":6735,""top"":9320,""bottom"":9965},""time"":1729913678006},{""box"":{""left"":7900,""right"":6735,""top"":9320,""bottom"":9965},""time"":1729913678131},{""box"":{""left"":7900,""right"":6735,""top"":9320,""bottom"":9965},""time"":1729913678182},{""box"":{""left"":7900,""right"":6735,""top"":9320,""bottom"":9965},""time"":1729913678235},{""box"":{""left"":7900,""right"":6735,""top"":9320,""bottom"":9965},""time"":1729913678308},{""box"":{""left"":7900,""right"":6735,""top"":9320,""bottom"":9965},""time"":1729913678471},{""box"":{""left"":7900,""right"":6735,""top"":9320,""bottom"":9965},""time"":1729913678533},{""box"":{""left"":7900,""right"":6735,""top"":9320,""bottom"":9965},""time"":1729913678583},{""box"":{""left"":7900,""right"":6735,""top"":9320,""bottom"":9965},""time"":1729913678634},{""box"":{""left"":7900,""right"":6735,""top"":9320,""bottom"":9965},""time"":1729913678698},{""box"":{""left"":7900,""right"":6735,""top"":9320,""bottom"":9965},""time"":1729913678747},{""box"":{""left"":7900,""right"":6735,""top"":9320,""bottom"":9965},""time"":1729913678800},{""box"":{""left"":7900,""right"":6735,""top"":9320,""bottom"":9965},""time"":1729913678861},{""box"":{""left"":7900,""right"":6735,""top"":9320,""bottom"":9965},""time"":1729913678976},{""box"":{""left"":7900,""right"":6735,""top"":9320,""bottom"":9965},""time"":1729913679037}",,,,,
57012,Person,2024-10-26 12:34:39,2024-10-26 12:34:42,"{""left"":8762,""right"":6437,""top"":10000,""bottom"":9979},{""box"":{""left"":8762,""right"":6437,""top"":10000,""bottom"":9979},""time"":1729913680846},{""box"":{""left"":8762,""right"":6437,""top"":10000,""bottom"":9979},""time"":1729913680968},{""box"":{""left"":8762,""right"":6437,""top"":10000,""bottom"":9979},""time"":1729913681007},{""box"":{""left"":8762,""right"":6437,""top"":10000,""bottom"":9979},""time"":1729913681425},{""box"":{""left"":8762,""right"":6437,""top"":10000,""bottom"":9979},""time"":1729913681476},{""box"":{""left"":8762,""right"":6437,""top"":10000,""bottom"":9979},""time"":1729913681537},{""box"":{""left"":8762,""right"":6437,""top"":10000,""bottom"":9979},""time"":1729913681939},{""box"":{""left"":8762,""right"":6437,""top"":10000,""bottom"":9979},""time"":1729913681991},{""box"":{""left"":8762,""right"":6437,""top"":10000,""bottom"":9979},""time"":1729913682052}",,,,,
57013,Person,2024-10-26 12:34:40,2024-10-26 12:34:40,"{""left"":6406,""right"":2187,""top"":6656,""bottom"":3291},{""box"":{""left"":6406,""right"":2187,""top"":6656,""bottom"":3291},""time"":1729913680560}",,,,,
57014,Person,2024-10-26 12:34:40,2024-10-26 12:34:48,"{""left"":4487,""right"":8187,""top"":5811,""bottom"":10000},{""box"":{""left"":4487,""right"":8187,""top"":5811,""bottom"":10000},""time"":1729913680734},{""box"":{""left"":4487,""right"":8187,""top"":5811,""bottom"":10000},""time"":1729913680785},{""box"":{""left"":4487,""right"":8187,""top"":5811,""bottom"":10000},""time"":1729913680857},{""box"":{""left"":4487,""right"":8187,""top"":5811,""bottom"":10000},""time"":1729913680906},{""box"":{""left"":4487,""right"":8187,""top"":5811,""bottom"":10000},""time"":1729913680979},{""box"":{""left"":4487,""right"":8187,""top"":5811,""bottom"":10000},""time"":1729913681018},{""box"":{""left"":4487,""right"":8187,""top"":5811,""bottom"":10000},""time"":1729913681068},{""box"":{""left"":4487,""right"":8187,""top"":5811,""bottom"":10000},""time"":1729913681131},{""box"":{""left"":4487,""right"":8187,""top"":5811,""bottom"":10000},""time"":1729913681192},{""box"":{""left"":4487,""right"":8187,""top"":5811,""bottom"":10000},""time"":1729913681252},{""box"":{""left"":4487,""right"":8187,""top"":5811,""bottom"":10000},""time"":1729913681313},{""box"":{""left"":4487,""right"":8187,""top"":5811,""bottom"":10000},""time"":1729913681364},{""box"":{""left"":4487,""right"":8187,""top"":5811,""bottom"":10000},""time"":1729913681436},{""box"":{""left"":4487,""right"":8187,""top"":5811,""bottom"":10000},""time"":1729913681487},{""box"":{""left"":4487,""right"":8187,""top"":5811,""bottom"":10000},""time"":1729913681548},{""box"":{""left"":4487,""right"":8187,""top"":5811,""bottom"":10000},""time"":1729913681590},{""box"":{""left"":4487,""right"":8187,""top"":5811,""bottom"":10000},""time"":1729913681651},{""box"":{""left"":4487,""right"":8187,""top"":5811,""bottom"":10000},""time"":1729913681755},{""box"":{""left"":4487,""right"":8187,""top"":5811,""bottom"":10000},""time"":1729913681804},{""box"":{""left"":4487,""right"":8187,""top"":5811,""bottom"":10000},""time"":1729913681879},{""box"":{""left"":4487,""right"":8187,""top"":5811,""bottom"":10000},""time"":1729913681950},{""box"":{""left"":4487,""right"":8187,""top"":5811,""bottom"":10000},""time"":1729913682002},{""box"":{""left"":4487,""right"":8187,""top"":5811,""bottom"":10000},""time"":1729913682063},{""box"":{""left"":4487,""right"":8187,""top"":5811,""bottom"":10000},""time"":1729913682167},{""box"":{""left"":4487,""right"":8187,""top"":5811,""bottom"":10000},""time"":1729913682216},{""box"":{""left"":4487,""right"":8187,""top"":5811,""bottom"":10000},""time"":1729913682279},{""box"":{""left"":4487,""right"":8187,""top"":5811,""bottom"":10000},""time"":1729913682340},{""box"":{""left"":4487,""right"":8187,""top"":5811,""bottom"":10000},""time"":1729913682381},{""box"":{""left"":4487,""right"":8187,""top"":5811,""bottom"":10000},""time"":1729913682452},{""box"":{""left"":4487,""right"":8187,""top"":5811,""bottom"":10000},""time"":1729913682565},{""box"":{""left"":4487,""right"":8187,""top"":5811,""bottom"":10000},""time"":1729913682618},{""box"":{""left"":4487,""right"":8187,""top"":5811,""bottom"":10000},""time"":1729913682680},{""box"":{""left"":4487,""right"":8187,""top"":5811,""bottom"":10000},""time"":1729913682730},{""box"":{""left"":4487,""right"":8187,""top"":5811,""bottom"":10000},""time"":1729913682792},{""box"":{""left"":4487,""right"":8187,""top"":5811,""bottom"":10000},""time"":1729913682842},{""box"":{""left"":4487,""right"":8187,""top"":5811,""bottom"":10000},""time"":1729913682904},{""box"":{""left"":4487,""right"":8187,""top"":5811,""bottom"":10000},""time"":1729913682964},{""box"":{""left"":4487,""right"":8187,""top"":5811,""bottom"":10000},""time"":1729913683015},{""box"":{""left"":4487,""right"":8187,""top"":5811,""bottom"":10000},""time"":1729913683079},{""box"":{""left"":4487,""right"":8187,""top"":5811,""bottom"":10000},""time"":1729913683129},{""box"":{""left"":4487,""right"":8187,""top"":5811,""bottom"":10000},""time"":1729913683191},{""box"":{""left"":4487,""right"":8187,""top"":5811,""bottom"":10000},""time"":1729913683252},{""box"":{""left"":4487,""right"":8187,""top"":5811,""bottom"":10000},""time"":1729913683304},{""box"":{""left"":4487,""right"":8187,""top"":5811,""bottom"":10000},""time"":1729913683366},{""box"":{""left"":4487,""right"":8187,""top"":5811,""bottom"":10000},""time"":1729913683418},{""box"":{""left"":4487,""right"":8187,""top"":5811,""bottom"":10000},""time"":1729913683479},{""box"":{""left"":4487,""right"":8187,""top"":5811,""bottom"":10000},""time"":1729913683528},{""box"":{""left"":4487,""right"":8187,""top"":5811,""bottom"":10000},""time"":1729913683581},{""box"":{""left"":4487,""right"":8187,""top"":5811,""bottom"":10000},""time"":1729913683642},{""box"":{""left"":4487,""right"":8187,""top"":5811,""bottom"":10000},""time"":1729913683693},{""box"":{""left"":4487,""right"":8187,""top"":5811,""bottom"":10000},""time"":1729913683754},{""box"":{""left"":4487,""right"":8187,""top"":5811,""bottom"":10000},""time"":1729913683818},{""box"":{""left"":4487,""right"":8187,""top"":5811,""bottom"":10000},""time"":1729913683869},{""box"":{""left"":4487,""right"":8187,""top"":5811,""bottom"":10000},""time"":1729913683930},{""box"":{""left"":4487,""right"":8187,""top"":5811,""bottom"":10000},""time"":1729913683992},{""box"":{""left"":4487,""right"":8187,""top"":5811,""bottom"":10000},""time"":1729913684053},{""box"":{""left"":4487,""right"":8187,""top"":5811,""bottom"":10000},""time"":1729913684104},{""box"":{""left"":4487,""right"":8187,""top"":5811,""bottom"":10000},""time"":1729913684177},{""box"":{""left"":4487,""right"":8187,""top"":5811,""bottom"":10000},""time"":1729913684230},{""box"":{""left"":4487,""right"":8187,""top"":5811,""bottom"":10000},""time"":1729913684291},{""box"":{""left"":4487,""right"":8187,""top"":5811,""bottom"":10000},""time"":1729913684344},{""box"":{""left"":4487,""right"":8187,""top"":5811,""bottom"":10000},""time"":1729913684404},{""box"":{""left"":4487,""right"":8187,""top"":5811,""bottom"":10000},""time"":1729913684466},{""box"":{""left"":4487,""right"":8187,""top"":5811,""bottom"":10000},""time"":1729913684516},{""box"":{""left"":4487,""right"":8187,""top"":5811,""bottom"":10000},""time"":1729913684567},{""box"":{""left"":4487,""right"":8187,""top"":5811,""bottom"":10000},""time"":1729913684641},{""box"":{""left"":4487,""right"":8187,""top"":5811,""bottom"":10000},""time"":1729913684702},{""box"":{""left"":4487,""right"":8187,""top"":5811,""bottom"":10000},""time"":1729913684759},{""box"":{""left"":4487,""right"":8187,""top"":5811,""bottom"":10000},""time"":1729913684805},{""box"":{""left"":4487,""right"":8187,""top"":5811,""bottom"":10000},""time"":1729913684865},{""box"":{""left"":4487,""right"":8187,""top"":5811,""bottom"":10000},""time"":1729913684927},{""box"":{""left"":4487,""right"":8187,""top"":5811,""bottom"":10000},""time"":1729913684989},{""box"":{""left"":4487,""right"":8187,""top"":5811,""bottom"":10000},""time"":1729913685040},{""box"":{""left"":4487,""right"":8187,""top"":5811,""bottom"":10000},""time"":1729913685147},{""box"":{""left"":4487,""right"":8187,""top"":5811,""bottom"":10000},""time"":1729913685568},{""box"":{""left"":4487,""right"":8187,""top"":5811,""bottom"":10000},""time"":1729913685629},{""box"":{""left"":4487,""right"":8187,""top"":5811,""bottom"":10000},""time"":1729913685690},{""box"":{""left"":4487,""right"":8187,""top"":5811,""bottom"":10000},""time"":1729913685754},{""box"":{""left"":4487,""right"":8187,""top"":5811,""bottom"":10000},""time"":1729913685878},{""box"":{""left"":4487,""right"":8187,""top"":5811,""bottom"":10000},""time"":1729913685992},{""box"":{""left"":4487,""right"":8187,""top"":5811,""bottom"":10000},""time"":1729913686105},{""box"":{""left"":4487,""right"":8187,""top"":5811,""bottom"":10000},""time"":1729913686176},{""box"":{""left"":4487,""right"":8187,""top"":5811,""bottom"":10000},""time"":1729913686402},{""box"":{""left"":4487,""right"":8187,""top"":5811,""bottom"":10000},""time"":1729913686456},{""box"":{""left"":4487,""right"":8187,""top"":5811,""bottom"":10000},""time"":1729913686516},{""box"":{""left"":4487,""right"":8187,""top"":5811,""bottom"":10000},""time"":1729913686567},{""box"":{""left"":4487,""right"":8187,""top"":5811,""bottom"":10000},""time"":1729913686629},{""box"":{""left"":4487,""right"":8187,""top"":5811,""bottom"":10000},""time"":1729913686691},{""box"":{""left"":4487,""right"":8187,""top"":5811,""bottom"":10000},""time"":1729913686753},{""box"":{""left"":4487,""right"":8187,""top"":5811,""bottom"":10000},""time"":1729913686814},{""box"":{""left"":4487,""right"":8187,""top"":5811,""bottom"":10000},""time"":1729913686876},{""box"":{""left"":4487,""right"":8187,""top"":5811,""bottom"":10000},""time"":1729913686989},{""box"":{""left"":4487,""right"":8187,""top"":5811,""bottom"":10000},""time"":1729913687051},{""box"":{""left"":4487,""right"":8187,""top"":5811,""bottom"":10000},""time"":1729913687112},{""box"":{""left"":4487,""right"":8187,""top"":5811,""bottom"":10000},""time"":1729913687174},{""box"":{""left"":4487,""right"":8187,""top"":5811,""bottom"":10000},""time"":1729913687240},{""box"":{""left"":4487,""right"":8187,""top"":5811,""bottom"":10000},""time"":1729913687287},{""box"":{""left"":4487,""right"":8187,""top"":5811,""bottom"":10000},""time"":1729913687346},{""box"":{""left"":4487,""right"":8187,""top"":5811,""bottom"":10000},""time"":1729913688133}",,,,,
57015,Person,2024-10-26 12:34:42,2024-10-26 12:34:54,"{""left"":650,""right"":8000,""top"":1787,""bottom"":10000},{""box"":{""left"":650,""right"":8000,""top"":1787,""bottom"":10000},""time"":1729913682392},{""box"":{""left"":650,""right"":8000,""top"":1787,""bottom"":10000},""time"":1729913682464},{""box"":{""left"":650,""right"":8000,""top"":1787,""bottom"":10000},""time"":1729913682577},{""box"":{""left"":650,""right"":8000,""top"":1787,""bottom"":10000},""time"":1729913682629},{""box"":{""left"":650,""right"":8000,""top"":1787,""bottom"":10000},""time"":1729913682691},{""box"":{""left"":650,""right"":8000,""top"":1787,""bottom"":10000},""time"":1729913682741},{""box"":{""left"":650,""right"":8000,""top"":1787,""bottom"":10000},""time"":1729913682803},{""box"":{""left"":650,""right"":8000,""top"":1787,""bottom"":10000},""time"":1729913682853},{""box"":{""left"":650,""right"":8000,""top"":1787,""bottom"":10000},""time"":1729913682915},{""box"":{""left"":650,""right"":8000,""top"":1787,""bottom"":10000},""time"":1729913682976},{""box"":{""left"":650,""right"":8000,""top"":1787,""bottom"":10000},""time"":1729913683091},{""box"":{""left"":650,""right"":8000,""top"":1787,""bottom"":10000},""time"":1729913683140},{""box"":{""left"":650,""right"":8000,""top"":1787,""bottom"":10000},""time"":1729913683202},{""box"":{""left"":650,""right"":8000,""top"":1787,""bottom"":10000},""time"":1729913683263},{""box"":{""left"":650,""right"":8000,""top"":1787,""bottom"":10000},""time"":1729913683316},{""box"":{""left"":650,""right"":8000,""top"":1787,""bottom"":10000},""time"":1729913683377},{""box"":{""left"":650,""right"":8000,""top"":1787,""bottom"":10000},""time"":1729913683429},{""box"":{""left"":650,""right"":8000,""top"":1787,""bottom"":10000},""time"":1729913683489},{""box"":{""left"":650,""right"":8000,""top"":1787,""bottom"":10000},""time"":1729913683539},{""box"":{""left"":650,""right"":8000,""top"":1787,""bottom"":10000},""time"":1729913683592},{""box"":{""left"":650,""right"":8000,""top"":1787,""bottom"":10000},""time"":1729913683653},{""box"":{""left"":650,""right"":8000,""top"":1787,""bottom"":10000},""time"":1729913683704},{""box"":{""left"":650,""right"":8000,""top"":1787,""bottom"":10000},""time"":1729913683766},{""box"":{""left"":650,""right"":8000,""top"":1787,""bottom"":10000},""time"":1729913683829},{""box"":{""left"":650,""right"":8000,""top"":1787,""bottom"":10000},""time"":1729913683880},{""box"":{""left"":650,""right"":8000,""top"":1787,""bottom"":10000},""time"":1729913683941},{""box"":{""left"":650,""right"":8000,""top"":1787,""bottom"":10000},""time"":1729913684003},{""box"":{""left"":650,""right"":8000,""top"":1787,""bottom"":10000},""time"":1729913684064},{""box"":{""left"":650,""right"":8000,""top"":1787,""bottom"":10000},""time"":1729913684115},{""box"":{""left"":650,""right"":8000,""top"":1787,""bottom"":10000},""time"":1729913684188},{""box"":{""left"":650,""right"":8000,""top"":1787,""bottom"":10000},""time"":1729913684241},{""box"":{""left"":650,""right"":8000,""top"":1787,""bottom"":10000},""time"":1729913684302},{""box"":{""left"":650,""right"":8000,""top"":1787,""bottom"":10000},""time"":1729913684355},{""box"":{""left"":650,""right"":8000,""top"":1787,""bottom"":10000},""time"":1729913684415},{""box"":{""left"":650,""right"":8000,""top"":1787,""bottom"":10000},""time"":1729913684478},{""box"":{""left"":650,""right"":8000,""top"":1787,""bottom"":10000},""time"":1729913684527},{""box"":{""left"":650,""right"":8000,""top"":1787,""bottom"":10000},""time"":1729913684578},{""box"":{""left"":650,""right"":8000,""top"":1787,""bottom"":10000},""time"":1729913684652},{""box"":{""left"":650,""right"":8000,""top"":1787,""bottom"":10000},""time"":1729913684713},{""box"":{""left"":650,""right"":8000,""top"":1787,""bottom"":10000},""time"":1729913684771},{""box"":{""left"":650,""right"":8000,""top"":1787,""bottom"":10000},""time"":1729913684816},{""box"":{""left"":650,""right"":8000,""top"":1787,""bottom"":10000},""time"":1729913684876},{""box"":{""left"":650,""right"":8000,""top"":1787,""bottom"":10000},""time"":1729913685000},{""box"":{""left"":650,""right"":8000,""top"":1787,""bottom"":10000},""time"":1729913685050},{""box"":{""left"":650,""right"":8000,""top"":1787,""bottom"":10000},""time"":1729913685156},{""box"":{""left"":650,""right"":8000,""top"":1787,""bottom"":10000},""time"":1729913685578},{""box"":{""left"":650,""right"":8000,""top"":1787,""bottom"":10000},""time"":1729913685638},{""box"":{""left"":650,""right"":8000,""top"":1787,""bottom"":10000},""time"":1729913685700},{""box"":{""left"":650,""right"":8000,""top"":1787,""bottom"":10000},""time"":1729913685764},{""box"":{""left"":650,""right"":8000,""top"":1787,""bottom"":10000},""time"":1729913685887},{""box"":{""left"":650,""right"":8000,""top"":1787,""bottom"":10000},""time"":1729913686001},{""box"":{""left"":650,""right"":8000,""top"":1787,""bottom"":10000},""time"":1729913686114},{""box"":{""left"":650,""right"":8000,""top"":1787,""bottom"":10000},""time"":1729913686186},{""box"":{""left"":650,""right"":8000,""top"":1787,""bottom"":10000},""time"":1729913686929},{""box"":{""left"":650,""right"":8000,""top"":1787,""bottom"":10000},""time"":1729913687122},{""box"":{""left"":650,""right"":8000,""top"":1787,""bottom"":10000},""time"":1729913687249},{""box"":{""left"":650,""right"":8000,""top"":1787,""bottom"":10000},""time"":1729913687397},{""box"":{""left"":650,""right"":8000,""top"":1787,""bottom"":10000},""time"":1729913687440},{""box"":{""left"":650,""right"":8000,""top"":1787,""bottom"":10000},""time"":1729913687500},{""box"":{""left"":650,""right"":8000,""top"":1787,""bottom"":10000},""time"":1729913687560},{""box"":{""left"":650,""right"":8000,""top"":1787,""bottom"":10000},""time"":1729913687613},{""box"":{""left"":650,""right"":8000,""top"":1787,""bottom"":10000},""time"":1729913687673},{""box"":{""left"":650,""right"":8000,""top"":1787,""bottom"":10000},""time"":1729913687724},{""box"":{""left"":650,""right"":8000,""top"":1787,""bottom"":10000},""time"":1729913687785},{""box"":{""left"":650,""right"":8000,""top"":1787,""bottom"":10000},""time"":1729913687836},{""box"":{""left"":650,""right"":8000,""top"":1787,""bottom"":10000},""time"":1729913687896},{""box"":{""left"":650,""right"":8000,""top"":1787,""bottom"":10000},""time"":1729913687958},{""box"":{""left"":650,""right"":8000,""top"":1787,""bottom"":10000},""time"":1729913688019},{""box"":{""left"":650,""right"":8000,""top"":1787,""bottom"":10000},""time"":1729913688070},{""box"":{""left"":650,""right"":8000,""top"":1787,""bottom"":10000},""time"":1729913688142},{""box"":{""left"":650,""right"":8000,""top"":1787,""bottom"":10000},""time"":1729913688192},{""box"":{""left"":650,""right"":8000,""top"":1787,""bottom"":10000},""time"":1729913688244},{""box"":{""left"":650,""right"":8000,""top"":1787,""bottom"":10000},""time"":1729913688305},{""box"":{""left"":650,""right"":8000,""top"":1787,""bottom"":10000},""time"":1729913688366},{""box"":{""left"":650,""right"":8000,""top"":1787,""bottom"":10000},""time"":1729913688418},{""box"":{""left"":650,""right"":8000,""top"":1787,""bottom"":10000},""time"":1729913688469},{""box"":{""left"":650,""right"":8000,""top"":1787,""bottom"":10000},""time"":1729913688531},{""box"":{""left"":650,""right"":8000,""top"":1787,""bottom"":10000},""time"":1729913688591},{""box"":{""left"":650,""right"":8000,""top"":1787,""bottom"":10000},""time"":1729913688642},{""box"":{""left"":650,""right"":8000,""top"":1787,""bottom"":10000},""time"":1729913688703},{""box"":{""left"":650,""right"":8000,""top"":1787,""bottom"":10000},""time"":1729913688754},{""box"":{""left"":650,""right"":8000,""top"":1787,""bottom"":10000},""time"":1729913688805},{""box"":{""left"":650,""right"":8000,""top"":1787,""bottom"":10000},""time"":1729913688866},{""box"":{""left"":650,""right"":8000,""top"":1787,""bottom"":10000},""time"":1729913688918},{""box"":{""left"":650,""right"":8000,""top"":1787,""bottom"":10000},""time"":1729913688978},{""box"":{""left"":650,""right"":8000,""top"":1787,""bottom"":10000},""time"":1729913689039},{""box"":{""left"":650,""right"":8000,""top"":1787,""bottom"":10000},""time"":1729913689091},{""box"":{""left"":650,""right"":8000,""top"":1787,""bottom"":10000},""time"":1729913689151},{""box"":{""left"":650,""right"":8000,""top"":1787,""bottom"":10000},""time"":1729913689201},{""box"":{""left"":650,""right"":8000,""top"":1787,""bottom"":10000},""time"":1729913689263},{""box"":{""left"":650,""right"":8000,""top"":1787,""bottom"":10000},""time"":1729913689313},{""box"":{""left"":650,""right"":8000,""top"":1787,""bottom"":10000},""time"":1729913689374},{""box"":{""left"":650,""right"":8000,""top"":1787,""bottom"":10000},""time"":1729913689435},{""box"":{""left"":650,""right"":8000,""top"":1787,""bottom"":10000},""time"":1729913689495},{""box"":{""left"":650,""right"":8000,""top"":1787,""bottom"":10000},""time"":1729913689547},{""box"":{""left"":650,""right"":8000,""top"":1787,""bottom"":10000},""time"":1729913689597},{""box"":{""left"":650,""right"":8000,""top"":1787,""bottom"":10000},""time"":1729913689668},{""box"":{""left"":650,""right"":8000,""top"":1787,""bottom"":10000},""time"":1729913689719},{""box"":{""left"":650,""right"":8000,""top"":1787,""bottom"":10000},""time"":1729913689772},{""box"":{""left"":650,""right"":8000,""top"":1787,""bottom"":10000},""time"":1729913689831},{""box"":{""left"":650,""right"":8000,""top"":1787,""bottom"":10000},""time"":1729913689884},{""box"":{""left"":650,""right"":8000,""top"":1787,""bottom"":10000},""time"":1729913689945},{""box"":{""left"":650,""right"":8000,""top"":1787,""bottom"":10000},""time"":1729913689995},{""box"":{""left"":650,""right"":8000,""top"":1787,""bottom"":10000},""time"":1729913690060},{""box"":{""left"":650,""right"":8000,""top"":1787,""bottom"":10000},""time"":1729913690118},{""box"":{""left"":650,""right"":8000,""top"":1787,""bottom"":10000},""time"":1729913690168},{""box"":{""left"":650,""right"":8000,""top"":1787,""bottom"":10000},""time"":1729913690229},{""box"":{""left"":650,""right"":8000,""top"":1787,""bottom"":10000},""time"":1729913690293},{""box"":{""left"":650,""right"":8000,""top"":1787,""bottom"":10000},""time"":1729913690352},{""box"":{""left"":650,""right"":8000,""top"":1787,""bottom"":10000},""time"":1729913690403},{""box"":{""left"":650,""right"":8000,""top"":1787,""bottom"":10000},""time"":1729913690465},{""box"":{""left"":650,""right"":8000,""top"":1787,""bottom"":10000},""time"":1729913690516},{""box"":{""left"":650,""right"":8000,""top"":1787,""bottom"":10000},""time"":1729913690578},{""box"":{""left"":650,""right"":8000,""top"":1787,""bottom"":10000},""time"":1729913690628},{""box"":{""left"":650,""right"":8000,""top"":1787,""bottom"":10000},""time"":1729913690690},{""box"":{""left"":650,""right"":8000,""top"":1787,""bottom"":10000},""time"":1729913690751},{""box"":{""left"":650,""right"":8000,""top"":1787,""bottom"":10000},""time"":1729913690803},{""box"":{""left"":650,""right"":8000,""top"":1787,""bottom"":10000},""time"":1729913690864},{""box"":{""left"":650,""right"":8000,""top"":1787,""bottom"":10000},""time"":1729913690915},{""box"":{""left"":650,""right"":8000,""top"":1787,""bottom"":10000},""time"":1729913690968},{""box"":{""left"":650,""right"":8000,""top"":1787,""bottom"":10000},""time"":1729913691029},{""box"":{""left"":650,""right"":8000,""top"":1787,""bottom"":10000},""time"":1729913691080},{""box"":{""left"":650,""right"":8000,""top"":1787,""bottom"":10000},""time"":1729913691142},{""box"":{""left"":650,""right"":8000,""top"":1787,""bottom"":10000},""time"":1729913691191},{""box"":{""left"":650,""right"":8000,""top"":1787,""bottom"":10000},""time"":1729913691253},{""box"":{""left"":650,""right"":8000,""top"":1787,""bottom"":10000},""time"":1729913691303},{""box"":{""left"":650,""right"":8000,""top"":1787,""bottom"":10000},""time"":1729913691364},{""box"":{""left"":650,""right"":8000,""top"":1787,""bottom"":10000},""time"":1729913691415},{""box"":{""left"":650,""right"":8000,""top"":1787,""bottom"":10000},""time"":1729913691476},{""box"":{""left"":650,""right"":8000,""top"":1787,""bottom"":10000},""time"":1729913691528},{""box"":{""left"":650,""right"":8000,""top"":1787,""bottom"":10000},""time"":1729913691578},{""box"":{""left"":650,""right"":8000,""top"":1787,""bottom"":10000},""time"":1729913691639},{""box"":{""left"":650,""right"":8000,""top"":1787,""bottom"":10000},""time"":1729913691691},{""box"":{""left"":650,""right"":8000,""top"":1787,""bottom"":10000},""time"":1729913691751},{""box"":{""left"":650,""right"":8000,""top"":1787,""bottom"":10000},""time"":1729913691802},{""box"":{""left"":650,""right"":8000,""top"":1787,""bottom"":10000},""time"":1729913691863},{""box"":{""left"":650,""right"":8000,""top"":1787,""bottom"":10000},""time"":1729913691914},{""box"":{""left"":650,""right"":8000,""top"":1787,""bottom"":10000},""time"":1729913691976},{""box"":{""left"":650,""right"":8000,""top"":1787,""bottom"":10000},""time"":1729913692026},{""box"":{""left"":650,""right"":8000,""top"":1787,""bottom"":10000},""time"":1729913692087},{""box"":{""left"":650,""right"":8000,""top"":1787,""bottom"":10000},""time"":1729913692148},{""box"":{""left"":650,""right"":8000,""top"":1787,""bottom"":10000},""time"":1729913692201},{""box"":{""left"":650,""right"":8000,""top"":1787,""bottom"":10000},""time"":1729913692264},{""box"":{""left"":650,""right"":8000,""top"":1787,""bottom"":10000},""time"":1729913692320},{""box"":{""left"":650,""right"":8000,""top"":1787,""bottom"":10000},""time"":1729913692384},{""box"":{""left"":650,""right"":8000,""top"":1787,""bottom"":10000},""time"":1729913692438},{""box"":{""left"":650,""right"":8000,""top"":1787,""bottom"":10000},""time"":1729913692489},{""box"":{""left"":650,""right"":8000,""top"":1787,""bottom"":10000},""time"":1729913692550},{""box"":{""left"":650,""right"":8000,""top"":1787,""bottom"":10000},""time"":1729913692603},{""box"":{""left"":650,""right"":8000,""top"":1787,""bottom"":10000},""time"":1729913692663},{""box"":{""left"":650,""right"":8000,""top"":1787,""bottom"":10000},""time"":1729913692714},{""box"":{""left"":650,""right"":8000,""top"":1787,""bottom"":10000},""time"":1729913692777},{""box"":{""left"":650,""right"":8000,""top"":1787,""bottom"":10000},""time"":1729913692828},{""box"":{""left"":650,""right"":8000,""top"":1787,""bottom"":10000},""time"":1729913692890},{""box"":{""left"":650,""right"":8000,""top"":1787,""bottom"":10000},""time"":1729913692941},{""box"":{""left"":650,""right"":8000,""top"":1787,""bottom"":10000},""time"":1729913693001},{""box"":{""left"":650,""right"":8000,""top"":1787,""bottom"":10000},""time"":1729913693054},{""box"":{""left"":650,""right"":8000,""top"":1787,""bottom"":10000},""time"":1729913693114},{""box"":{""left"":650,""right"":8000,""top"":1787,""bottom"":10000},""time"":1729913693165},{""box"":{""left"":650,""right"":8000,""top"":1787,""bottom"":10000},""time"":1729913693226},{""box"":{""left"":650,""right"":8000,""top"":1787,""bottom"":10000},""time"":1729913693279},{""box"":{""left"":650,""right"":8000,""top"":1787,""bottom"":10000},""time"":1729913693340},{""box"":{""left"":650,""right"":8000,""top"":1787,""bottom"":10000},""time"":1729913693401},{""box"":{""left"":650,""right"":8000,""top"":1787,""bottom"":10000},""time"":1729913693463},{""box"":{""left"":650,""right"":8000,""top"":1787,""bottom"":10000},""time"":1729913693514},{""box"":{""left"":650,""right"":8000,""top"":1787,""bottom"":10000},""time"":1729913693575},{""box"":{""left"":650,""right"":8000,""top"":1787,""bottom"":10000},""time"":1729913693585},{""box"":{""left"":650,""right"":8000,""top"":1787,""bottom"":10000},""time"":1729913693625},{""box"":{""left"":650,""right"":8000,""top"":1787,""bottom"":10000},""time"":1729913693635},{""box"":{""left"":650,""right"":8000,""top"":1787,""bottom"":10000},""time"":1729913693688},{""box"":{""left"":650,""right"":8000,""top"":1787,""bottom"":10000},""time"":1729913693699},{""box"":{""left"":650,""right"":8000,""top"":1787,""bottom"":10000},""time"":1729913693749},{""box"":{""left"":650,""right"":8000,""top"":1787,""bottom"":10000},""time"":1729913693800},{""box"":{""left"":650,""right"":8000,""top"":1787,""bottom"":10000},""time"":1729913693862},{""box"":{""left"":650,""right"":8000,""top"":1787,""bottom"":10000},""time"":1729913693923},{""box"":{""left"":650,""right"":8000,""top"":1787,""bottom"":10000},""time"":1729913693974},{""box"":{""left"":650,""right"":8000,""top"":1787,""bottom"":10000},""time"":1729913694035},{""box"":{""left"":650,""right"":8000,""top"":1787,""bottom"":10000},""time"":1729913694086},{""box"":{""left"":650,""right"":8000,""top"":1787,""bottom"":10000},""time"":1729913694147},{""box"":{""left"":650,""right"":8000,""top"":1787,""bottom"":10000},""time"":1729913694200},{""box"":{""left"":650,""right"":8000,""top"":1787,""bottom"":10000},""time"":1729913694262},{""box"":{""left"":650,""right"":8000,""top"":1787,""bottom"":10000},""time"":1729913694323},{""box"":{""left"":650,""right"":8000,""top"":1787,""bottom"":10000},""time"":1729913694374},{""box"":{""left"":650,""right"":8000,""top"":1787,""bottom"":10000},""time"":1729913694436}",,,,,
57017,Person,2024-10-26 12:34:44,2024-10-26 12:35:01,"{""left"":3912,""right"":8875,""top"":4837,""bottom"":10000},{""box"":{""left"":3912,""right"":8875,""top"":4837,""bottom"":10000},""time"":1729913684589},{""box"":{""left"":3912,""right"":8875,""top"":4837,""bottom"":10000},""time"":1729913684663},{""box"":{""left"":3912,""right"":8875,""top"":4837,""bottom"":10000},""time"":1729913684724},{""box"":{""left"":3912,""right"":8875,""top"":4837,""bottom"":10000},""time"":1729913684782},{""box"":{""left"":3912,""right"":8875,""top"":4837,""bottom"":10000},""time"":1729913684827},{""box"":{""left"":3912,""right"":8875,""top"":4837,""bottom"":10000},""time"":1729913684888},{""box"":{""left"":3912,""right"":8875,""top"":4837,""bottom"":10000},""time"":1729913684939},{""box"":{""left"":3912,""right"":8875,""top"":4837,""bottom"":10000},""time"":1729913685011},{""box"":{""left"":3912,""right"":8875,""top"":4837,""bottom"":10000},""time"":1729913685059},{""box"":{""left"":3912,""right"":8875,""top"":4837,""bottom"":10000},""time"":1729913685165},{""box"":{""left"":3912,""right"":8875,""top"":4837,""bottom"":10000},""time"":1729913685587},{""box"":{""left"":3912,""right"":8875,""top"":4837,""bottom"":10000},""time"":1729913685648},{""box"":{""left"":3912,""right"":8875,""top"":4837,""bottom"":10000},""time"":1729913685709},{""box"":{""left"":3912,""right"":8875,""top"":4837,""bottom"":10000},""time"":1729913685773},{""box"":{""left"":3912,""right"":8875,""top"":4837,""bottom"":10000},""time"":1729913685897},{""box"":{""left"":3912,""right"":8875,""top"":4837,""bottom"":10000},""time"":1729913686124},{""box"":{""left"":3912,""right"":8875,""top"":4837,""bottom"":10000},""time"":1729913686195},{""box"":{""left"":3912,""right"":8875,""top"":4837,""bottom"":10000},""time"":1729913686938},{""box"":{""left"":3912,""right"":8875,""top"":4837,""bottom"":10000},""time"":1729913687131},{""box"":{""left"":3912,""right"":8875,""top"":4837,""bottom"":10000},""time"":1729913687259},{""box"":{""left"":3912,""right"":8875,""top"":4837,""bottom"":10000},""time"":1729913687449},{""box"":{""left"":3912,""right"":8875,""top"":4837,""bottom"":10000},""time"":1729913687509},{""box"":{""left"":3912,""right"":8875,""top"":4837,""bottom"":10000},""time"":1729913687570},{""box"":{""left"":3912,""right"":8875,""top"":4837,""bottom"":10000},""time"":1729913687622},{""box"":{""left"":3912,""right"":8875,""top"":4837,""bottom"":10000},""time"":1729913687682},{""box"":{""left"":3912,""right"":8875,""top"":4837,""bottom"":10000},""time"":1729913687733},{""box"":{""left"":3912,""right"":8875,""top"":4837,""bottom"":10000},""time"":1729913687794},{""box"":{""left"":3912,""right"":8875,""top"":4837,""bottom"":10000},""time"":1729913687845},{""box"":{""left"":3912,""right"":8875,""top"":4837,""bottom"":10000},""time"":1729913687905},{""box"":{""left"":3912,""right"":8875,""top"":4837,""bottom"":10000},""time"":1729913687968},{""box"":{""left"":3912,""right"":8875,""top"":4837,""bottom"":10000},""time"":1729913688028},{""box"":{""left"":3912,""right"":8875,""top"":4837,""bottom"":10000},""time"":1729913688079},{""box"":{""left"":3912,""right"":8875,""top"":4837,""bottom"":10000},""time"":1729913688152},{""box"":{""left"":3912,""right"":8875,""top"":4837,""bottom"":10000},""time"":1729913688201},{""box"":{""left"":3912,""right"":8875,""top"":4837,""bottom"":10000},""time"":1729913688253},{""box"":{""left"":3912,""right"":8875,""top"":4837,""bottom"":10000},""time"":1729913688314},{""box"":{""left"":3912,""right"":8875,""top"":4837,""bottom"":10000},""time"":1729913688376},{""box"":{""left"":3912,""right"":8875,""top"":4837,""bottom"":10000},""time"":1729913688428},{""box"":{""left"":3912,""right"":8875,""top"":4837,""bottom"":10000},""time"":1729913688479},{""box"":{""left"":3912,""right"":8875,""top"":4837,""bottom"":10000},""time"":1729913688540},{""box"":{""left"":3912,""right"":8875,""top"":4837,""bottom"":10000},""time"":1729913688600},{""box"":{""left"":3912,""right"":8875,""top"":4837,""bottom"":10000},""time"":1729913688652},{""box"":{""left"":3912,""right"":8875,""top"":4837,""bottom"":10000},""time"":1729913688712},{""box"":{""left"":3912,""right"":8875,""top"":4837,""bottom"":10000},""time"":1729913688763},{""box"":{""left"":3912,""right"":8875,""top"":4837,""bottom"":10000},""time"":1729913688814},{""box"":{""left"":3912,""right"":8875,""top"":4837,""bottom"":10000},""time"":1729913688875},{""box"":{""left"":3912,""right"":8875,""top"":4837,""bottom"":10000},""time"":1729913688928},{""box"":{""left"":3912,""right"":8875,""top"":4837,""bottom"":10000},""time"":1729913688987},{""box"":{""left"":3912,""right"":8875,""top"":4837,""bottom"":10000},""time"":1729913689048},{""box"":{""left"":3912,""right"":8875,""top"":4837,""bottom"":10000},""time"":1729913689100},{""box"":{""left"":3912,""right"":8875,""top"":4837,""bottom"":10000},""time"":1729913689160},{""box"":{""left"":3912,""right"":8875,""top"":4837,""bottom"":10000},""time"":1729913689211},{""box"":{""left"":3912,""right"":8875,""top"":4837,""bottom"":10000},""time"":1729913689273},{""box"":{""left"":3912,""right"":8875,""top"":4837,""bottom"":10000},""time"":1729913689322},{""box"":{""left"":3912,""right"":8875,""top"":4837,""bottom"":10000},""time"":1729913689384},{""box"":{""left"":3912,""right"":8875,""top"":4837,""bottom"":10000},""time"":1729913689444},{""box"":{""left"":3912,""right"":8875,""top"":4837,""bottom"":10000},""time"":1729913689505},{""box"":{""left"":3912,""right"":8875,""top"":4837,""bottom"":10000},""time"":1729913689556},{""box"":{""left"":3912,""right"":8875,""top"":4837,""bottom"":10000},""time"":1729913689607},{""box"":{""left"":3912,""right"":8875,""top"":4837,""bottom"":10000},""time"":1729913689677},{""box"":{""left"":3912,""right"":8875,""top"":4837,""bottom"":10000},""time"":1729913689728},{""box"":{""left"":3912,""right"":8875,""top"":4837,""bottom"":10000},""time"":1729913689781},{""box"":{""left"":3912,""right"":8875,""top"":4837,""bottom"":10000},""time"":1729913689841},{""box"":{""left"":3912,""right"":8875,""top"":4837,""bottom"":10000},""time"":1729913689893},{""box"":{""left"":3912,""right"":8875,""top"":4837,""bottom"":10000},""time"":1729913689954},{""box"":{""left"":3912,""right"":8875,""top"":4837,""bottom"":10000},""time"":1729913690004},{""box"":{""left"":3912,""right"":8875,""top"":4837,""bottom"":10000},""time"":1729913690069},{""box"":{""left"":3912,""right"":8875,""top"":4837,""bottom"":10000},""time"":1729913690127},{""box"":{""left"":3912,""right"":8875,""top"":4837,""bottom"":10000},""time"":1729913690178},{""box"":{""left"":3912,""right"":8875,""top"":4837,""bottom"":10000},""time"":1729913690238},{""box"":{""left"":3912,""right"":8875,""top"":4837,""bottom"":10000},""time"":1729913690303},{""box"":{""left"":3912,""right"":8875,""top"":4837,""bottom"":10000},""time"":1729913690362},{""box"":{""left"":3912,""right"":8875,""top"":4837,""bottom"":10000},""time"":1729913690413},{""box"":{""left"":3912,""right"":8875,""top"":4837,""bottom"":10000},""time"":1729913690475},{""box"":{""left"":3912,""right"":8875,""top"":4837,""bottom"":10000},""time"":1729913690526},{""box"":{""left"":3912,""right"":8875,""top"":4837,""bottom"":10000},""time"":1729913690588},{""box"":{""left"":3912,""right"":8875,""top"":4837,""bottom"":10000},""time"":1729913690638},{""box"":{""left"":3912,""right"":8875,""top"":4837,""bottom"":10000},""time"":1729913690700},{""box"":{""left"":3912,""right"":8875,""top"":4837,""bottom"":10000},""time"":1729913690760},{""box"":{""left"":3912,""right"":8875,""top"":4837,""bottom"":10000},""time"":1729913690813},{""box"":{""left"":3912,""right"":8875,""top"":4837,""bottom"":10000},""time"":1729913690873},{""box"":{""left"":3912,""right"":8875,""top"":4837,""bottom"":10000},""time"":1729913690925},{""box"":{""left"":3912,""right"":8875,""top"":4837,""bottom"":10000},""time"":1729913690977},{""box"":{""left"":3912,""right"":8875,""top"":4837,""bottom"":10000},""time"":1729913691038},{""box"":{""left"":3912,""right"":8875,""top"":4837,""bottom"":10000},""time"":1729913691089},{""box"":{""left"":3912,""right"":8875,""top"":4837,""bottom"":10000},""time"":1729913691151},{""box"":{""left"":3912,""right"":8875,""top"":4837,""bottom"":10000},""time"":1729913691201},{""box"":{""left"":3912,""right"":8875,""top"":4837,""bottom"":10000},""time"":1729913691262},{""box"":{""left"":3912,""right"":8875,""top"":4837,""bottom"":10000},""time"":1729913691313},{""box"":{""left"":3912,""right"":8875,""top"":4837,""bottom"":10000},""time"":1729913691374},{""box"":{""left"":3912,""right"":8875,""top"":4837,""bottom"":10000},""time"":1729913691424},{""box"":{""left"":3912,""right"":8875,""top"":4837,""bottom"":10000},""time"":1729913691486},{""box"":{""left"":3912,""right"":8875,""top"":4837,""bottom"":10000},""time"":1729913691537},{""box"":{""left"":3912,""right"":8875,""top"":4837,""bottom"":10000},""time"":1729913691588},{""box"":{""left"":3912,""right"":8875,""top"":4837,""bottom"":10000},""time"":1729913691649},{""box"":{""left"":3912,""right"":8875,""top"":4837,""bottom"":10000},""time"":1729913691700},{""box"":{""left"":3912,""right"":8875,""top"":4837,""bottom"":10000},""time"":1729913691761},{""box"":{""left"":3912,""right"":8875,""top"":4837,""bottom"":10000},""time"":1729913691811},{""box"":{""left"":3912,""right"":8875,""top"":4837,""bottom"":10000},""time"":1729913691872},{""box"":{""left"":3912,""right"":8875,""top"":4837,""bottom"":10000},""time"":1729913691924},{""box"":{""left"":3912,""right"":8875,""top"":4837,""bottom"":10000},""time"":1729913691985},{""box"":{""left"":3912,""right"":8875,""top"":4837,""bottom"":10000},""time"":1729913692036},{""box"":{""left"":3912,""right"":8875,""top"":4837,""bottom"":10000},""time"":1729913692097},{""box"":{""left"":3912,""right"":8875,""top"":4837,""bottom"":10000},""time"":1729913692158},{""box"":{""left"":3912,""right"":8875,""top"":4837,""bottom"":10000},""time"":1729913692210},{""box"":{""left"":3912,""right"":8875,""top"":4837,""bottom"":10000},""time"":1729913692273},{""box"":{""left"":3912,""right"":8875,""top"":4837,""bottom"":10000},""time"":1729913692336},{""box"":{""left"":3912,""right"":8875,""top"":4837,""bottom"":10000},""time"":1729913692400},{""box"":{""left"":3912,""right"":8875,""top"":4837,""bottom"":10000},""time"":1729913692447},{""box"":{""left"":3912,""right"":8875,""top"":4837,""bottom"":10000},""time"":1729913692499},{""box"":{""left"":3912,""right"":8875,""top"":4837,""bottom"":10000},""time"":1729913692560},{""box"":{""left"":3912,""right"":8875,""top"":4837,""bottom"":10000},""time"":1729913692612},{""box"":{""left"":3912,""right"":8875,""top"":4837,""bottom"":10000},""time"":1729913692673},{""box"":{""left"":3912,""right"":8875,""top"":4837,""bottom"":10000},""time"":1729913692724},{""box"":{""left"":3912,""right"":8875,""top"":4837,""bottom"":10000},""time"":1729913692787},{""box"":{""left"":3912,""right"":8875,""top"":4837,""bottom"":10000},""time"":1729913692838},{""box"":{""left"":3912,""right"":8875,""top"":4837,""bottom"":10000},""time"":1729913692900},{""box"":{""left"":3912,""right"":8875,""top"":4837,""bottom"":10000},""time"":1729913692950},{""box"":{""left"":3912,""right"":8875,""top"":4837,""bottom"":10000},""time"":1729913693011},{""box"":{""left"":3912,""right"":8875,""top"":4837,""bottom"":10000},""time"":1729913693063},{""box"":{""left"":3912,""right"":8875,""top"":4837,""bottom"":10000},""time"":1729913693123},{""box"":{""left"":3912,""right"":8875,""top"":4837,""bottom"":10000},""time"":1729913693175},{""box"":{""left"":3912,""right"":8875,""top"":4837,""bottom"":10000},""time"":1729913693236},{""box"":{""left"":3912,""right"":8875,""top"":4837,""bottom"":10000},""time"":1729913693289},{""box"":{""left"":3912,""right"":8875,""top"":4837,""bottom"":10000},""time"":1729913693350},{""box"":{""left"":3912,""right"":8875,""top"":4837,""bottom"":10000},""time"":1729913693411},{""box"":{""left"":3912,""right"":8875,""top"":4837,""bottom"":10000},""time"":1729913693472},{""box"":{""left"":3912,""right"":8875,""top"":4837,""bottom"":10000},""time"":1729913693523},{""box"":{""left"":3912,""right"":8875,""top"":4837,""bottom"":10000},""time"":1729913693594},{""box"":{""left"":3912,""right"":8875,""top"":4837,""bottom"":10000},""time"":1729913693645},{""box"":{""left"":3912,""right"":8875,""top"":4837,""bottom"":10000},""time"":1729913693708},{""box"":{""left"":3912,""right"":8875,""top"":4837,""bottom"":10000},""time"":1729913693759},{""box"":{""left"":3912,""right"":8875,""top"":4837,""bottom"":10000},""time"":1729913693809},{""box"":{""left"":3912,""right"":8875,""top"":4837,""bottom"":10000},""time"":1729913693871},{""box"":{""left"":3912,""right"":8875,""top"":4837,""bottom"":10000},""time"":1729913693932},{""box"":{""left"":3912,""right"":8875,""top"":4837,""bottom"":10000},""time"":1729913693983},{""box"":{""left"":3912,""right"":8875,""top"":4837,""bottom"":10000},""time"":1729913694044},{""box"":{""left"":3912,""right"":8875,""top"":4837,""bottom"":10000},""time"":1729913694096},{""box"":{""left"":3912,""right"":8875,""top"":4837,""bottom"":10000},""time"":1729913694157},{""box"":{""left"":3912,""right"":8875,""top"":4837,""bottom"":10000},""time"":1729913694209},{""box"":{""left"":3912,""right"":8875,""top"":4837,""bottom"":10000},""time"":1729913694271},{""box"":{""left"":3912,""right"":8875,""top"":4837,""bottom"":10000},""time"":1729913694332},{""box"":{""left"":3912,""right"":8875,""top"":4837,""bottom"":10000},""time"":1729913694384},{""box"":{""left"":3912,""right"":8875,""top"":4837,""bottom"":10000},""time"":1729913694445},{""box"":{""left"":3912,""right"":8875,""top"":4837,""bottom"":10000},""time"":1729913694489},{""box"":{""left"":3912,""right"":8875,""top"":4837,""bottom"":10000},""time"":1729913694549},{""box"":{""left"":3912,""right"":8875,""top"":4837,""bottom"":10000},""time"":1729913694600},{""box"":{""left"":3912,""right"":8875,""top"":4837,""bottom"":10000},""time"":1729913694663},{""box"":{""left"":3912,""right"":8875,""top"":4837,""bottom"":10000},""time"":1729913694713},{""box"":{""left"":3912,""right"":8875,""top"":4837,""bottom"":10000},""time"":1729913694774},{""box"":{""left"":3912,""right"":8875,""top"":4837,""bottom"":10000},""time"":1729913694835},{""box"":{""left"":3912,""right"":8875,""top"":4837,""bottom"":10000},""time"":1729913694888},{""box"":{""left"":3912,""right"":8875,""top"":4837,""bottom"":10000},""time"":1729913694947},{""box"":{""left"":3912,""right"":8875,""top"":4837,""bottom"":10000},""time"":1729913695000},{""box"":{""left"":3912,""right"":8875,""top"":4837,""bottom"":10000},""time"":1729913695062},{""box"":{""left"":3912,""right"":8875,""top"":4837,""bottom"":10000},""time"":1729913695113},{""box"":{""left"":3912,""right"":8875,""top"":4837,""bottom"":10000},""time"":1729913695165},{""box"":{""left"":3912,""right"":8875,""top"":4837,""bottom"":10000},""time"":1729913695229},{""box"":{""left"":3912,""right"":8875,""top"":4837,""bottom"":10000},""time"":1729913695278},{""box"":{""left"":3912,""right"":8875,""top"":4837,""bottom"":10000},""time"":1729913695338},{""box"":{""left"":3912,""right"":8875,""top"":4837,""bottom"":10000},""time"":1729913695399},{""box"":{""left"":3912,""right"":8875,""top"":4837,""bottom"":10000},""time"":1729913695449},{""box"":{""left"":3912,""right"":8875,""top"":4837,""bottom"":10000},""time"":1729913695510},{""box"":{""left"":3912,""right"":8875,""top"":4837,""bottom"":10000},""time"":1729913695561},{""box"":{""left"":3912,""right"":8875,""top"":4837,""bottom"":10000},""time"":1729913695624},{""box"":{""left"":3912,""right"":8875,""top"":4837,""bottom"":10000},""time"":1729913695674},{""box"":{""left"":3912,""right"":8875,""top"":4837,""bottom"":10000},""time"":1729913695735},{""box"":{""left"":3912,""right"":8875,""top"":4837,""bottom"":10000},""time"":1729913695796},{""box"":{""left"":3912,""right"":8875,""top"":4837,""bottom"":10000},""time"":1729913695849},{""box"":{""left"":3912,""right"":8875,""top"":4837,""bottom"":10000},""time"":1729913695910},{""box"":{""left"":3912,""right"":8875,""top"":4837,""bottom"":10000},""time"":1729913695962},{""box"":{""left"":3912,""right"":8875,""top"":4837,""bottom"":10000},""time"":1729913696073},{""box"":{""left"":3912,""right"":8875,""top"":4837,""bottom"":10000},""time"":1729913696134},{""box"":{""left"":3912,""right"":8875,""top"":4837,""bottom"":10000},""time"":1729913696195},{""box"":{""left"":3912,""right"":8875,""top"":4837,""bottom"":10000},""time"":1729913696247},{""box"":{""left"":3912,""right"":8875,""top"":4837,""bottom"":10000},""time"":1729913696308},{""box"":{""left"":3912,""right"":8875,""top"":4837,""bottom"":10000},""time"":1729913696359},{""box"":{""left"":3912,""right"":8875,""top"":4837,""bottom"":10000},""time"":1729913696369},{""box"":{""left"":3912,""right"":8875,""top"":4837,""bottom"":10000},""time"":1729913696422},{""box"":{""left"":3912,""right"":8875,""top"":4837,""bottom"":10000},""time"":1729913696432},{""box"":{""left"":3912,""right"":8875,""top"":4837,""bottom"":10000},""time"":1729913696473},{""box"":{""left"":3912,""right"":8875,""top"":4837,""bottom"":10000},""time"":1729913696535},{""box"":{""left"":3912,""right"":8875,""top"":4837,""bottom"":10000},""time"":1729913696545},{""box"":{""left"":3912,""right"":8875,""top"":4837,""bottom"":10000},""time"":1729913696595},{""box"":{""left"":3912,""right"":8875,""top"":4837,""bottom"":10000},""time"":1729913696606},{""box"":{""left"":3912,""right"":8875,""top"":4837,""bottom"":10000},""time"":1729913696649},{""box"":{""left"":3912,""right"":8875,""top"":4837,""bottom"":10000},""time"":1729913696659},{""box"":{""left"":3912,""right"":8875,""top"":4837,""bottom"":10000},""time"":1729913696708},{""box"":{""left"":3912,""right"":8875,""top"":4837,""bottom"":10000},""time"":1729913696760},{""box"":{""left"":3912,""right"":8875,""top"":4837,""bottom"":10000},""time"":1729913696821},{""box"":{""left"":3912,""right"":8875,""top"":4837,""bottom"":10000},""time"":1729913696882},{""box"":{""left"":3912,""right"":8875,""top"":4837,""bottom"":10000},""time"":1729913696892},{""box"":{""left"":3912,""right"":8875,""top"":4837,""bottom"":10000},""time"":1729913696934},{""box"":{""left"":3912,""right"":8875,""top"":4837,""bottom"":10000},""time"":1729913696944},{""box"":{""left"":3912,""right"":8875,""top"":4837,""bottom"":10000},""time"":1729913696994},{""box"":{""left"":3912,""right"":8875,""top"":4837,""bottom"":10000},""time"":1729913697045},{""box"":{""left"":3912,""right"":8875,""top"":4837,""bottom"":10000},""time"":1729913697055},{""box"":{""left"":3912,""right"":8875,""top"":4837,""bottom"":10000},""time"":1729913697106},{""box"":{""left"":3912,""right"":8875,""top"":4837,""bottom"":10000},""time"":1729913697168},{""box"":{""left"":3912,""right"":8875,""top"":4837,""bottom"":10000},""time"":1729913697177},{""box"":{""left"":3912,""right"":8875,""top"":4837,""bottom"":10000},""time"":1729913697219},{""box"":{""left"":3912,""right"":8875,""top"":4837,""bottom"":10000},""time"":1729913697280},{""box"":{""left"":3912,""right"":8875,""top"":4837,""bottom"":10000},""time"":1729913697290},{""box"":{""left"":3912,""right"":8875,""top"":4837,""bottom"":10000},""time"":1729913697341},{""box"":{""left"":3912,""right"":8875,""top"":4837,""bottom"":10000},""time"":1729913697393},{""box"":{""left"":3912,""right"":8875,""top"":4837,""bottom"":10000},""time"":1729913697403},{""box"":{""left"":3912,""right"":8875,""top"":4837,""bottom"":10000},""time"":1729913697454},{""box"":{""left"":3912,""right"":8875,""top"":4837,""bottom"":10000},""time"":1729913697465},{""box"":{""left"":3912,""right"":8875,""top"":4837,""bottom"":10000},""time"":1729913697505},{""box"":{""left"":3912,""right"":8875,""top"":4837,""bottom"":10000},""time"":1729913697515},{""box"":{""left"":3912,""right"":8875,""top"":4837,""bottom"":10000},""time"":1729913697568},{""box"":{""left"":3912,""right"":8875,""top"":4837,""bottom"":10000},""time"":1729913697629},{""box"":{""left"":3912,""right"":8875,""top"":4837,""bottom"":10000},""time"":1729913697639},{""box"":{""left"":3912,""right"":8875,""top"":4837,""bottom"":10000},""time"":1729913697683},{""box"":{""left"":3912,""right"":8875,""top"":4837,""bottom"":10000},""time"":1729913697692},{""box"":{""left"":3912,""right"":8875,""top"":4837,""bottom"":10000},""time"":1729913697744},{""box"":{""left"":3912,""right"":8875,""top"":4837,""bottom"":10000},""time"":1729913697754},{""box"":{""left"":3912,""right"":8875,""top"":4837,""bottom"":10000},""time"":1729913697796},{""box"":{""left"":3912,""right"":8875,""top"":4837,""bottom"":10000},""time"":1729913697806},{""box"":{""left"":3912,""right"":8875,""top"":4837,""bottom"":10000},""time"":1729913697857},{""box"":{""left"":3912,""right"":8875,""top"":4837,""bottom"":10000},""time"":1729913697867},{""box"":{""left"":3912,""right"":8875,""top"":4837,""bottom"":10000},""time"":1729913697907},{""box"":{""left"":3912,""right"":8875,""top"":4837,""bottom"":10000},""time"":1729913697970},{""box"":{""left"":3912,""right"":8875,""top"":4837,""bottom"":10000},""time"":1729913698020},{""box"":{""left"":3912,""right"":8875,""top"":4837,""bottom"":10000},""time"":1729913698084},{""box"":{""left"":3912,""right"":8875,""top"":4837,""bottom"":10000},""time"":1729913698145},{""box"":{""left"":3912,""right"":8875,""top"":4837,""bottom"":10000},""time"":1729913698195},{""box"":{""left"":3912,""right"":8875,""top"":4837,""bottom"":10000},""time"":1729913698247},{""box"":{""left"":3912,""right"":8875,""top"":4837,""bottom"":10000},""time"":1729913698257},{""box"":{""left"":3912,""right"":8875,""top"":4837,""bottom"":10000},""time"":1729913698308},{""box"":{""left"":3912,""right"":8875,""top"":4837,""bottom"":10000},""time"":1729913698361},{""box"":{""left"":3912,""right"":8875,""top"":4837,""bottom"":10000},""time"":1729913698371},{""box"":{""left"":3912,""right"":8875,""top"":4837,""bottom"":10000},""time"":1729913698423},{""box"":{""left"":3912,""right"":8875,""top"":4837,""bottom"":10000},""time"":1729913698475},{""box"":{""left"":3912,""right"":8875,""top"":4837,""bottom"":10000},""time"":1729913698536},{""box"":{""left"":3912,""right"":8875,""top"":4837,""bottom"":10000},""time"":1729913698546},{""box"":{""left"":3912,""right"":8875,""top"":4837,""bottom"":10000},""time"":1729913698587},{""box"":{""left"":3912,""right"":8875,""top"":4837,""bottom"":10000},""time"":1729913698597},{""box"":{""left"":3912,""right"":8875,""top"":4837,""bottom"":10000},""time"":1729913698648},{""box"":{""left"":3912,""right"":8875,""top"":4837,""bottom"":10000},""time"":1729913698699},{""box"":{""left"":3912,""right"":8875,""top"":4837,""bottom"":10000},""time"":1729913698709},{""box"":{""left"":3912,""right"":8875,""top"":4837,""bottom"":10000},""time"":1729913698761},{""box"":{""left"":3912,""right"":8875,""top"":4837,""bottom"":10000},""time"":1729913698771},{""box"":{""left"":3912,""right"":8875,""top"":4837,""bottom"":10000},""time"":1729913698820},{""box"":{""left"":3912,""right"":8875,""top"":4837,""bottom"":10000},""time"":1729913698874},{""box"":{""left"":3912,""right"":8875,""top"":4837,""bottom"":10000},""time"":1729913698935},{""box"":{""left"":3912,""right"":8875,""top"":4837,""bottom"":10000},""time"":1729913698986},{""box"":{""left"":3912,""right"":8875,""top"":4837,""bottom"":10000},""time"":1729913699048},{""box"":{""left"":3912,""right"":8875,""top"":4837,""bottom"":10000},""time"":1729913699100},{""box"":{""left"":3912,""right"":8875,""top"":4837,""bottom"":10000},""time"":1729913699162},{""box"":{""left"":3912,""right"":8875,""top"":4837,""bottom"":10000},""time"":1729913699172},{""box"":{""left"":3912,""right"":8875,""top"":4837,""bottom"":10000},""time"":1729913699225},{""box"":{""left"":3912,""right"":8875,""top"":4837,""bottom"":10000},""time"":1729913699274},{""box"":{""left"":3912,""right"":8875,""top"":4837,""bottom"":10000},""time"":1729913699328},{""box"":{""left"":3912,""right"":8875,""top"":4837,""bottom"":10000},""time"":1729913699390},{""box"":{""left"":3912,""right"":8875,""top"":4837,""bottom"":10000},""time"":1729913699441},{""box"":{""left"":3912,""right"":8875,""top"":4837,""bottom"":10000},""time"":1729913699451},{""box"":{""left"":3912,""right"":8875,""top"":4837,""bottom"":10000},""time"":1729913699518},{""box"":{""left"":3912,""right"":8875,""top"":4837,""bottom"":10000},""time"":1729913699528},{""box"":{""left"":3912,""right"":8875,""top"":4837,""bottom"":10000},""time"":1729913699595},{""box"":{""left"":3912,""right"":8875,""top"":4837,""bottom"":10000},""time"":1729913699605},{""box"":{""left"":3912,""right"":8875,""top"":4837,""bottom"":10000},""time"":1729913699673},{""box"":{""left"":3912,""right"":8875,""top"":4837,""bottom"":10000},""time"":1729913699683},{""box"":{""left"":3912,""right"":8875,""top"":4837,""bottom"":10000},""time"":1729913699750},{""box"":{""left"":3912,""right"":8875,""top"":4837,""bottom"":10000},""time"":1729913699760},{""box"":{""left"":3912,""right"":8875,""top"":4837,""bottom"":10000},""time"":1729913699828},{""box"":{""left"":3912,""right"":8875,""top"":4837,""bottom"":10000},""time"":1729913699837},{""box"":{""left"":3912,""right"":8875,""top"":4837,""bottom"":10000},""time"":1729913699889},{""box"":{""left"":3912,""right"":8875,""top"":4837,""bottom"":10000},""time"":1729913699940},{""box"":{""left"":3912,""right"":8875,""top"":4837,""bottom"":10000},""time"":1729913699990},{""box"":{""left"":3912,""right"":8875,""top"":4837,""bottom"":10000},""time"":1729913700040},{""box"":{""left"":3912,""right"":8875,""top"":4837,""bottom"":10000},""time"":1729913700089},{""box"":{""left"":3912,""right"":8875,""top"":4837,""bottom"":10000},""time"":1729913700100},{""box"":{""left"":3912,""right"":8875,""top"":4837,""bottom"":10000},""time"":1729913700150},{""box"":{""left"":3912,""right"":8875,""top"":4837,""bottom"":10000},""time"":1729913700160},{""box"":{""left"":3912,""right"":8875,""top"":4837,""bottom"":10000},""time"":1729913700208},{""box"":{""left"":3912,""right"":8875,""top"":4837,""bottom"":10000},""time"":1729913700218},{""box"":{""left"":3912,""right"":8875,""top"":4837,""bottom"":10000},""time"":1729913700283},{""box"":{""left"":3912,""right"":8875,""top"":4837,""bottom"":10000},""time"":1729913700293},{""box"":{""left"":3912,""right"":8875,""top"":4837,""bottom"":10000},""time"":1729913700357},{""box"":{""left"":3912,""right"":8875,""top"":4837,""bottom"":10000},""time"":1729913700367},{""box"":{""left"":3912,""right"":8875,""top"":4837,""bottom"":10000},""time"":1729913700415},{""box"":{""left"":3912,""right"":8875,""top"":4837,""bottom"":10000},""time"":1729913700464},{""box"":{""left"":3912,""right"":8875,""top"":4837,""bottom"":10000},""time"":1729913700503},{""box"":{""left"":3912,""right"":8875,""top"":4837,""bottom"":10000},""time"":1729913700541},{""box"":{""left"":3912,""right"":8875,""top"":4837,""bottom"":10000},""time"":1729913700591},{""box"":{""left"":3912,""right"":8875,""top"":4837,""bottom"":10000},""time"":1729913700642},{""box"":{""left"":3912,""right"":8875,""top"":4837,""bottom"":10000},""time"":1729913700706},{""box"":{""left"":3912,""right"":8875,""top"":4837,""bottom"":10000},""time"":1729913700766},{""box"":{""left"":3912,""right"":8875,""top"":4837,""bottom"":10000},""time"":1729913700818},{""box"":{""left"":3912,""right"":8875,""top"":4837,""bottom"":10000},""time"":1729913700828},{""box"":{""left"":3912,""right"":8875,""top"":4837,""bottom"":10000},""time"":1729913700880},{""box"":{""left"":3912,""right"":8875,""top"":4837,""bottom"":10000},""time"":1729913700900},{""box"":{""left"":3912,""right"":8875,""top"":4837,""bottom"":10000},""time"":1729913700933},{""box"":{""left"":3912,""right"":8875,""top"":4837,""bottom"":10000},""time"":1729913700953},{""box"":{""left"":3912,""right"":8875,""top"":4837,""bottom"":10000},""time"":1729913700994},{""box"":{""left"":3912,""right"":8875,""top"":4837,""bottom"":10000},""time"":1729913701014},{""box"":{""left"":3912,""right"":8875,""top"":4837,""bottom"":10000},""time"":1729913701063},{""box"":{""left"":3912,""right"":8875,""top"":4837,""bottom"":10000},""time"":1729913701083},{""box"":{""left"":3912,""right"":8875,""top"":4837,""bottom"":10000},""time"":1729913701131},{""box"":{""left"":3912,""right"":8875,""top"":4837,""bottom"":10000},""time"":1729913701151},{""box"":{""left"":3912,""right"":8875,""top"":4837,""bottom"":10000},""time"":1729913701192},{""box"":{""left"":3912,""right"":8875,""top"":4837,""bottom"":10000},""time"":1729913701211},{""box"":{""left"":3912,""right"":8875,""top"":4837,""bottom"":10000},""time"":1729913701252},{""box"":{""left"":3912,""right"":8875,""top"":4837,""bottom"":10000},""time"":1729913701272}",,,,,
57018,Face,2024-10-26 12:34:45,2024-10-26 12:34:46,"{""left"":5789,""right"":5617,""top"":6132,""bottom"":6117},{""box"":{""left"":6121,""right"":6205,""top"":6530,""bottom"":6775},""time"":1729913685858},{""box"":{""left"":6234,""right"":6474,""top"":6643,""bottom"":7044},""time"":1729913686157}","6,12",female,,,
57019,Face,2024-10-26 12:34:47,2024-10-26 12:34:47,"{""left"":7365,""right"":8971,""top"":7806,""bottom"":9574}","6,12",female,,,
57020,Person,2024-10-26 12:34:51,2024-10-26 12:35:17,"{""left"":6308,""right"":2562,""top"":6632,""bottom"":4186},{""box"":{""left"":6308,""right"":2562,""top"":6632,""bottom"":4186},""time"":1729913691210},{""box"":{""left"":6308,""right"":2562,""top"":6632,""bottom"":4186},""time"":1729913691272},{""box"":{""left"":6308,""right"":2562,""top"":6632,""bottom"":4186},""time"":1729913691322},{""box"":{""left"":6308,""right"":2562,""top"":6632,""bottom"":4186},""time"":1729913691383},{""box"":{""left"":6308,""right"":2562,""top"":6632,""bottom"":4186},""time"":1729913691434},{""box"":{""left"":6308,""right"":2562,""top"":6632,""bottom"":4186},""time"":1729913691495},{""box"":{""left"":6308,""right"":2562,""top"":6632,""bottom"":4186},""time"":1729913691658},{""box"":{""left"":6308,""right"":2562,""top"":6632,""bottom"":4186},""time"":1729913693020},{""box"":{""left"":6308,""right"":2562,""top"":6632,""bottom"":4186},""time"":1729913693073},{""box"":{""left"":6308,""right"":2562,""top"":6632,""bottom"":4186},""time"":1729913693133},{""box"":{""left"":6308,""right"":2562,""top"":6632,""bottom"":4186},""time"":1729913693184},{""box"":{""left"":6308,""right"":2562,""top"":6632,""bottom"":4186},""time"":1729913693245},{""box"":{""left"":6308,""right"":2562,""top"":6632,""bottom"":4186},""time"":1729913693298},{""box"":{""left"":6308,""right"":2562,""top"":6632,""bottom"":4186},""time"":1729913693359},{""box"":{""left"":6308,""right"":2562,""top"":6632,""bottom"":4186},""time"":1729913693420},{""box"":{""left"":6308,""right"":2562,""top"":6632,""bottom"":4186},""time"":1729913693533},{""box"":{""left"":6308,""right"":2562,""top"":6632,""bottom"":4186},""time"":1729913693604},{""box"":{""left"":6308,""right"":2562,""top"":6632,""bottom"":4186},""time"":1729913693654},{""box"":{""left"":6308,""right"":2562,""top"":6632,""bottom"":4186},""time"":1729913693717},{""box"":{""left"":6308,""right"":2562,""top"":6632,""bottom"":4186},""time"":1729913693768},{""box"":{""left"":6308,""right"":2562,""top"":6632,""bottom"":4186},""time"":1729913693819},{""box"":{""left"":6308,""right"":2562,""top"":6632,""bottom"":4186},""time"":1729913693881},{""box"":{""left"":6308,""right"":2562,""top"":6632,""bottom"":4186},""time"":1729913693942},{""box"":{""left"":6308,""right"":2562,""top"":6632,""bottom"":4186},""time"":1729913693993},{""box"":{""left"":6308,""right"":2562,""top"":6632,""bottom"":4186},""time"":1729913694054},{""box"":{""left"":6308,""right"":2562,""top"":6632,""bottom"":4186},""time"":1729913694106},{""box"":{""left"":6308,""right"":2562,""top"":6632,""bottom"":4186},""time"":1729913694166},{""box"":{""left"":6308,""right"":2562,""top"":6632,""bottom"":4186},""time"":1729913694219},{""box"":{""left"":6308,""right"":2562,""top"":6632,""bottom"":4186},""time"":1729913694281},{""box"":{""left"":6308,""right"":2562,""top"":6632,""bottom"":4186},""time"":1729913694342},{""box"":{""left"":6308,""right"":2562,""top"":6632,""bottom"":4186},""time"":1729913694393},{""box"":{""left"":6308,""right"":2562,""top"":6632,""bottom"":4186},""time"":1729913694455},{""box"":{""left"":6308,""right"":2562,""top"":6632,""bottom"":4186},""time"":1729913694499},{""box"":{""left"":6308,""right"":2562,""top"":6632,""bottom"":4186},""time"":1729913694558},{""box"":{""left"":6308,""right"":2562,""top"":6632,""bottom"":4186},""time"":1729913694610},{""box"":{""left"":6308,""right"":2562,""top"":6632,""bottom"":4186},""time"":1729913694673},{""box"":{""left"":6308,""right"":2562,""top"":6632,""bottom"":4186},""time"":1729913694723},{""box"":{""left"":6308,""right"":2562,""top"":6632,""bottom"":4186},""time"":1729913694784},{""box"":{""left"":6308,""right"":2562,""top"":6632,""bottom"":4186},""time"":1729913694844},{""box"":{""left"":6308,""right"":2562,""top"":6632,""bottom"":4186},""time"":1729913694897},{""box"":{""left"":6308,""right"":2562,""top"":6632,""bottom"":4186},""time"":1729913694957},{""box"":{""left"":6308,""right"":2562,""top"":6632,""bottom"":4186},""time"":1729913695009},{""box"":{""left"":6308,""right"":2562,""top"":6632,""bottom"":4186},""time"":1729913695071},{""box"":{""left"":6308,""right"":2562,""top"":6632,""bottom"":4186},""time"":1729913695123},{""box"":{""left"":6308,""right"":2562,""top"":6632,""bottom"":4186},""time"":1729913695174},{""box"":{""left"":6308,""right"":2562,""top"":6632,""bottom"":4186},""time"":1729913695239},{""box"":{""left"":6308,""right"":2562,""top"":6632,""bottom"":4186},""time"":1729913695288},{""box"":{""left"":6308,""right"":2562,""top"":6632,""bottom"":4186},""time"":1729913695347},{""box"":{""left"":6308,""right"":2562,""top"":6632,""bottom"":4186},""time"":1729913695408},{""box"":{""left"":6308,""right"":2562,""top"":6632,""bottom"":4186},""time"":1729913695459},{""box"":{""left"":6308,""right"":2562,""top"":6632,""bottom"":4186},""time"":1729913695520},{""box"":{""left"":6308,""right"":2562,""top"":6632,""bottom"":4186},""time"":1729913695571},{""box"":{""left"":6308,""right"":2562,""top"":6632,""bottom"":4186},""time"":1729913695633},{""box"":{""left"":6308,""right"":2562,""top"":6632,""bottom"":4186},""time"":1729913695684},{""box"":{""left"":6308,""right"":2562,""top"":6632,""bottom"":4186},""time"":1729913695745},{""box"":{""left"":6308,""right"":2562,""top"":6632,""bottom"":4186},""time"":1729913695806},{""box"":{""left"":6308,""right"":2562,""top"":6632,""bottom"":4186},""time"":1729913695858},{""box"":{""left"":6308,""right"":2562,""top"":6632,""bottom"":4186},""time"":1729913695919},{""box"":{""left"":6308,""right"":2562,""top"":6632,""bottom"":4186},""time"":1729913695971},{""box"":{""left"":6308,""right"":2562,""top"":6632,""bottom"":4186},""time"":1729913696023},{""box"":{""left"":6308,""right"":2562,""top"":6632,""bottom"":4186},""time"":1729913696083},{""box"":{""left"":6308,""right"":2562,""top"":6632,""bottom"":4186},""time"":1729913696144},{""box"":{""left"":6308,""right"":2562,""top"":6632,""bottom"":4186},""time"":1729913696204},{""box"":{""left"":6308,""right"":2562,""top"":6632,""bottom"":4186},""time"":1729913696257},{""box"":{""left"":6308,""right"":2562,""top"":6632,""bottom"":4186},""time"":1729913696317},{""box"":{""left"":6308,""right"":2562,""top"":6632,""bottom"":4186},""time"":1729913696379},{""box"":{""left"":6308,""right"":2562,""top"":6632,""bottom"":4186},""time"":1729913696442},{""box"":{""left"":6308,""right"":2562,""top"":6632,""bottom"":4186},""time"":1729913696483},{""box"":{""left"":6308,""right"":2562,""top"":6632,""bottom"":4186},""time"":1729913696554},{""box"":{""left"":6308,""right"":2562,""top"":6632,""bottom"":4186},""time"":1729913696615},{""box"":{""left"":6308,""right"":2562,""top"":6632,""bottom"":4186},""time"":1729913696668},{""box"":{""left"":6308,""right"":2562,""top"":6632,""bottom"":4186},""time"":1729913696718},{""box"":{""left"":6308,""right"":2562,""top"":6632,""bottom"":4186},""time"":1729913696770},{""box"":{""left"":6308,""right"":2562,""top"":6632,""bottom"":4186},""time"":1729913696830},{""box"":{""left"":6308,""right"":2562,""top"":6632,""bottom"":4186},""time"":1729913696902},{""box"":{""left"":6308,""right"":2562,""top"":6632,""bottom"":4186},""time"":1729913696954},{""box"":{""left"":6308,""right"":2562,""top"":6632,""bottom"":4186},""time"":1729913697004},{""box"":{""left"":6308,""right"":2562,""top"":6632,""bottom"":4186},""time"":1729913697065},{""box"":{""left"":6308,""right"":2562,""top"":6632,""bottom"":4186},""time"":1729913697116},{""box"":{""left"":6308,""right"":2562,""top"":6632,""bottom"":4186},""time"":1729913697187},{""box"":{""left"":6308,""right"":2562,""top"":6632,""bottom"":4186},""time"":1729913697228},{""box"":{""left"":6308,""right"":2562,""top"":6632,""bottom"":4186},""time"":1729913697300},{""box"":{""left"":6308,""right"":2562,""top"":6632,""bottom"":4186},""time"":1729913697351},{""box"":{""left"":6308,""right"":2562,""top"":6632,""bottom"":4186},""time"":1729913697413},{""box"":{""left"":6308,""right"":2562,""top"":6632,""bottom"":4186},""time"":1729913697474},{""box"":{""left"":6308,""right"":2562,""top"":6632,""bottom"":4186},""time"":1729913697525},{""box"":{""left"":6308,""right"":2562,""top"":6632,""bottom"":4186},""time"":1729913697578},{""box"":{""left"":6308,""right"":2562,""top"":6632,""bottom"":4186},""time"":1729913697649},{""box"":{""left"":6308,""right"":2562,""top"":6632,""bottom"":4186},""time"":1729913697703},{""box"":{""left"":6308,""right"":2562,""top"":6632,""bottom"":4186},""time"":1729913697764},{""box"":{""left"":6308,""right"":2562,""top"":6632,""bottom"":4186},""time"":1729913697816},{""box"":{""left"":6308,""right"":2562,""top"":6632,""bottom"":4186},""time"":1729913697877},{""box"":{""left"":6308,""right"":2562,""top"":6632,""bottom"":4186},""time"":1729913697917},{""box"":{""left"":6308,""right"":2562,""top"":6632,""bottom"":4186},""time"":1729913697980},{""box"":{""left"":6308,""right"":2562,""top"":6632,""bottom"":4186},""time"":1729913698030},{""box"":{""left"":6308,""right"":2562,""top"":6632,""bottom"":4186},""time"":1729913698093},{""box"":{""left"":6308,""right"":2562,""top"":6632,""bottom"":4186},""time"":1729913698154},{""box"":{""left"":6308,""right"":2562,""top"":6632,""bottom"":4186},""time"":1729913698205},{""box"":{""left"":6308,""right"":2562,""top"":6632,""bottom"":4186},""time"":1729913698267},{""box"":{""left"":6308,""right"":2562,""top"":6632,""bottom"":4186},""time"":1729913698318},{""box"":{""left"":6308,""right"":2562,""top"":6632,""bottom"":4186},""time"":1729913698381},{""box"":{""left"":6308,""right"":2562,""top"":6632,""bottom"":4186},""time"":1729913698433},{""box"":{""left"":6308,""right"":2562,""top"":6632,""bottom"":4186},""time"":1729913698484},{""box"":{""left"":6308,""right"":2562,""top"":6632,""bottom"":4186},""time"":1729913698555},{""box"":{""left"":6308,""right"":2562,""top"":6632,""bottom"":4186},""time"":1729913698606},{""box"":{""left"":6308,""right"":2562,""top"":6632,""bottom"":4186},""time"":1729913698658},{""box"":{""left"":6308,""right"":2562,""top"":6632,""bottom"":4186},""time"":1729913698719},{""box"":{""left"":6308,""right"":2562,""top"":6632,""bottom"":4186},""time"":1729913698781},{""box"":{""left"":6308,""right"":2562,""top"":6632,""bottom"":4186},""time"":1729913698829},{""box"":{""left"":6308,""right"":2562,""top"":6632,""bottom"":4186},""time"":1729913698884},{""box"":{""left"":6308,""right"":2562,""top"":6632,""bottom"":4186},""time"":1729913698945},{""box"":{""left"":6308,""right"":2562,""top"":6632,""bottom"":4186},""time"":1729913698996},{""box"":{""left"":6308,""right"":2562,""top"":6632,""bottom"":4186},""time"":1729913699057},{""box"":{""left"":6308,""right"":2562,""top"":6632,""bottom"":4186},""time"":1729913699110},{""box"":{""left"":6308,""right"":2562,""top"":6632,""bottom"":4186},""time"":1729913699181},{""box"":{""left"":6308,""right"":2562,""top"":6632,""bottom"":4186},""time"":1729913699235},{""box"":{""left"":6308,""right"":2562,""top"":6632,""bottom"":4186},""time"":1729913699284},{""box"":{""left"":6308,""right"":2562,""top"":6632,""bottom"":4186},""time"":1729913699338},{""box"":{""left"":6308,""right"":2562,""top"":6632,""bottom"":4186},""time"":1729913699399},{""box"":{""left"":6308,""right"":2562,""top"":6632,""bottom"":4186},""time"":1729913699461},{""box"":{""left"":6308,""right"":2562,""top"":6632,""bottom"":4186},""time"":1729913699538},{""box"":{""left"":6308,""right"":2562,""top"":6632,""bottom"":4186},""time"":1729913699615},{""box"":{""left"":6308,""right"":2562,""top"":6632,""bottom"":4186},""time"":1729913699693},{""box"":{""left"":6308,""right"":2562,""top"":6632,""bottom"":4186},""time"":1729913699770},{""box"":{""left"":6308,""right"":2562,""top"":6632,""bottom"":4186},""time"":1729913699847},{""box"":{""left"":6308,""right"":2562,""top"":6632,""bottom"":4186},""time"":1729913699899},{""box"":{""left"":6308,""right"":2562,""top"":6632,""bottom"":4186},""time"":1729913699950},{""box"":{""left"":6308,""right"":2562,""top"":6632,""bottom"":4186},""time"":1729913699999},{""box"":{""left"":6308,""right"":2562,""top"":6632,""bottom"":4186},""time"":1729913700049},{""box"":{""left"":6308,""right"":2562,""top"":6632,""bottom"":4186},""time"":1729913700110},{""box"":{""left"":6308,""right"":2562,""top"":6632,""bottom"":4186},""time"":1729913700170},{""box"":{""left"":6308,""right"":2562,""top"":6632,""bottom"":4186},""time"":1729913700228},{""box"":{""left"":6308,""right"":2562,""top"":6632,""bottom"":4186},""time"":1729913700303},{""box"":{""left"":6308,""right"":2562,""top"":6632,""bottom"":4186},""time"":1729913700376},{""box"":{""left"":6308,""right"":2562,""top"":6632,""bottom"":4186},""time"":1729913700425},{""box"":{""left"":6308,""right"":2562,""top"":6632,""bottom"":4186},""time"":1729913700473},{""box"":{""left"":6308,""right"":2562,""top"":6632,""bottom"":4186},""time"":1729913700512},{""box"":{""left"":6308,""right"":2562,""top"":6632,""bottom"":4186},""time"":1729913700551},{""box"":{""left"":6308,""right"":2562,""top"":6632,""bottom"":4186},""time"":1729913700838},{""box"":{""left"":6308,""right"":2562,""top"":6632,""bottom"":4186},""time"":1729913700890},{""box"":{""left"":6308,""right"":2562,""top"":6632,""bottom"":4186},""time"":1729913700910},{""box"":{""left"":6308,""right"":2562,""top"":6632,""bottom"":4186},""time"":1729913700944},{""box"":{""left"":6308,""right"":2562,""top"":6632,""bottom"":4186},""time"":1729913700963},{""box"":{""left"":6308,""right"":2562,""top"":6632,""bottom"":4186},""time"":1729913701004},{""box"":{""left"":6308,""right"":2562,""top"":6632,""bottom"":4186},""time"":1729913701024},{""box"":{""left"":6308,""right"":2562,""top"":6632,""bottom"":4186},""time"":1729913701073},{""box"":{""left"":6308,""right"":2562,""top"":6632,""bottom"":4186},""time"":1729913701093},{""box"":{""left"":6308,""right"":2562,""top"":6632,""bottom"":4186},""time"":1729913701142},{""box"":{""left"":6308,""right"":2562,""top"":6632,""bottom"":4186},""time"":1729913701161},{""box"":{""left"":6308,""right"":2562,""top"":6632,""bottom"":4186},""time"":1729913701202},{""box"":{""left"":6308,""right"":2562,""top"":6632,""bottom"":4186},""time"":1729913701221},{""box"":{""left"":6308,""right"":2562,""top"":6632,""bottom"":4186},""time"":1729913701262},{""box"":{""left"":6308,""right"":2562,""top"":6632,""bottom"":4186},""time"":1729913701282},{""box"":{""left"":6308,""right"":2562,""top"":6632,""bottom"":4186},""time"":1729913701320},{""box"":{""left"":6308,""right"":2562,""top"":6632,""bottom"":4186},""time"":1729913701330},{""box"":{""left"":6308,""right"":2562,""top"":6632,""bottom"":4186},""time"":1729913701373},{""box"":{""left"":6308,""right"":2562,""top"":6632,""bottom"":4186},""time"":1729913701384},{""box"":{""left"":6308,""right"":2562,""top"":6632,""bottom"":4186},""time"":1729913701432},{""box"":{""left"":6308,""right"":2562,""top"":6632,""bottom"":4186},""time"":1729913701442},{""box"":{""left"":6308,""right"":2562,""top"":6632,""bottom"":4186},""time"":1729913701490},{""box"":{""left"":6308,""right"":2562,""top"":6632,""bottom"":4186},""time"":1729913701501},{""box"":{""left"":6308,""right"":2562,""top"":6632,""bottom"":4186},""time"":1729913701549},{""box"":{""left"":6308,""right"":2562,""top"":6632,""bottom"":4186},""time"":1729913701559},{""box"":{""left"":6308,""right"":2562,""top"":6632,""bottom"":4186},""time"":1729913701597},{""box"":{""left"":6308,""right"":2562,""top"":6632,""bottom"":4186},""time"":1729913701607},{""box"":{""left"":6308,""right"":2562,""top"":6632,""bottom"":4186},""time"":1729913701646},{""box"":{""left"":6308,""right"":2562,""top"":6632,""bottom"":4186},""time"":1729913701694},{""box"":{""left"":6308,""right"":2562,""top"":6632,""bottom"":4186},""time"":1729913701743},{""box"":{""left"":6308,""right"":2562,""top"":6632,""bottom"":4186},""time"":1729913701791},{""box"":{""left"":6308,""right"":2562,""top"":6632,""bottom"":4186},""time"":1729913701801},{""box"":{""left"":6308,""right"":2562,""top"":6632,""bottom"":4186},""time"":1729913701855},{""box"":{""left"":6308,""right"":2562,""top"":6632,""bottom"":4186},""time"":1729913701905},{""box"":{""left"":6308,""right"":2562,""top"":6632,""bottom"":4186},""time"":1729913701915},{""box"":{""left"":6308,""right"":2562,""top"":6632,""bottom"":4186},""time"":1729913701982},{""box"":{""left"":6308,""right"":2562,""top"":6632,""bottom"":4186},""time"":1729913702032},{""box"":{""left"":6308,""right"":2562,""top"":6632,""bottom"":4186},""time"":1729913702081},{""box"":{""left"":6308,""right"":2562,""top"":6632,""bottom"":4186},""time"":1729913702091},{""box"":{""left"":6308,""right"":2562,""top"":6632,""bottom"":4186},""time"":1729913702148},{""box"":{""left"":6308,""right"":2562,""top"":6632,""bottom"":4186},""time"":1729913702158},{""box"":{""left"":6308,""right"":2562,""top"":6632,""bottom"":4186},""time"":1729913702216},{""box"":{""left"":6308,""right"":2562,""top"":6632,""bottom"":4186},""time"":1729913702226},{""box"":{""left"":6308,""right"":2562,""top"":6632,""bottom"":4186},""time"":1729913702526},{""box"":{""left"":6308,""right"":2562,""top"":6632,""bottom"":4186},""time"":1729913702536},{""box"":{""left"":6308,""right"":2562,""top"":6632,""bottom"":4186},""time"":1729913702594},{""box"":{""left"":6308,""right"":2562,""top"":6632,""bottom"":4186},""time"":1729913702604},{""box"":{""left"":6308,""right"":2562,""top"":6632,""bottom"":4186},""time"":1729913702662},{""box"":{""left"":6308,""right"":2562,""top"":6632,""bottom"":4186},""time"":1729913702703},{""box"":{""left"":6308,""right"":2562,""top"":6632,""bottom"":4186},""time"":1729913702713},{""box"":{""left"":6308,""right"":2562,""top"":6632,""bottom"":4186},""time"":1729913702771},{""box"":{""left"":6308,""right"":2562,""top"":6632,""bottom"":4186},""time"":1729913702819},{""box"":{""left"":6308,""right"":2562,""top"":6632,""bottom"":4186},""time"":1729913702867},{""box"":{""left"":6308,""right"":2562,""top"":6632,""bottom"":4186},""time"":1729913702877},{""box"":{""left"":6308,""right"":2562,""top"":6632,""bottom"":4186},""time"":1729913702935},{""box"":{""left"":6308,""right"":2562,""top"":6632,""bottom"":4186},""time"":1729913702945},{""box"":{""left"":6308,""right"":2562,""top"":6632,""bottom"":4186},""time"":1729913703002},{""box"":{""left"":6308,""right"":2562,""top"":6632,""bottom"":4186},""time"":1729913703051},{""box"":{""left"":6308,""right"":2562,""top"":6632,""bottom"":4186},""time"":1729913703061},{""box"":{""left"":6308,""right"":2562,""top"":6632,""bottom"":4186},""time"":1729913703109},{""box"":{""left"":6308,""right"":2562,""top"":6632,""bottom"":4186},""time"":1729913703119},{""box"":{""left"":6308,""right"":2562,""top"":6632,""bottom"":4186},""time"":1729913703158},{""box"":{""left"":6308,""right"":2562,""top"":6632,""bottom"":4186},""time"":1729913703168},{""box"":{""left"":6308,""right"":2562,""top"":6632,""bottom"":4186},""time"":1729913703216},{""box"":{""left"":6308,""right"":2562,""top"":6632,""bottom"":4186},""time"":1729913703227},{""box"":{""left"":6308,""right"":2562,""top"":6632,""bottom"":4186},""time"":1729913703329},{""box"":{""left"":6308,""right"":2562,""top"":6632,""bottom"":4186},""time"":1729913703340},{""box"":{""left"":6308,""right"":2562,""top"":6632,""bottom"":4186},""time"":1729913703390},{""box"":{""left"":6308,""right"":2562,""top"":6632,""bottom"":4186},""time"":1729913703401},{""box"":{""left"":6308,""right"":2562,""top"":6632,""bottom"":4186},""time"":1729913703449},{""box"":{""left"":6308,""right"":2562,""top"":6632,""bottom"":4186},""time"":1729913703458},{""box"":{""left"":6308,""right"":2562,""top"":6632,""bottom"":4186},""time"":1729913703504},{""box"":{""left"":6308,""right"":2562,""top"":6632,""bottom"":4186},""time"":1729913703514},{""box"":{""left"":6308,""right"":2562,""top"":6632,""bottom"":4186},""time"":1729913703669},{""box"":{""left"":6308,""right"":2562,""top"":6632,""bottom"":4186},""time"":1729913703679},{""box"":{""left"":6308,""right"":2562,""top"":6632,""bottom"":4186},""time"":1729913703732},{""box"":{""left"":6308,""right"":2562,""top"":6632,""bottom"":4186},""time"":1729913703743},{""box"":{""left"":6308,""right"":2562,""top"":6632,""bottom"":4186},""time"":1729913703794},{""box"":{""left"":6308,""right"":2562,""top"":6632,""bottom"":4186},""time"":1729913703803},{""box"":{""left"":6308,""right"":2562,""top"":6632,""bottom"":4186},""time"":1729913703851},{""box"":{""left"":6308,""right"":2562,""top"":6632,""bottom"":4186},""time"":1729913703861},{""box"":{""left"":6308,""right"":2562,""top"":6632,""bottom"":4186},""time"":1729913703909},{""box"":{""left"":6308,""right"":2562,""top"":6632,""bottom"":4186},""time"":1729913703919},{""box"":{""left"":6308,""right"":2562,""top"":6632,""bottom"":4186},""time"":1729913703967},{""box"":{""left"":6308,""right"":2562,""top"":6632,""bottom"":4186},""time"":1729913703977},{""box"":{""left"":6308,""right"":2562,""top"":6632,""bottom"":4186},""time"":1729913704025},{""box"":{""left"":6308,""right"":2562,""top"":6632,""bottom"":4186},""time"":1729913704035},{""box"":{""left"":6308,""right"":2562,""top"":6632,""bottom"":4186},""time"":1729913704073},{""box"":{""left"":6308,""right"":2562,""top"":6632,""bottom"":4186},""time"":1729913704084},{""box"":{""left"":6308,""right"":2562,""top"":6632,""bottom"":4186},""time"":1729913704239},{""box"":{""left"":6308,""right"":2562,""top"":6632,""bottom"":4186},""time"":1729913704249},{""box"":{""left"":6308,""right"":2562,""top"":6632,""bottom"":4186},""time"":1729913704300},{""box"":{""left"":6308,""right"":2562,""top"":6632,""bottom"":4186},""time"":1729913704311},{""box"":{""left"":6308,""right"":2562,""top"":6632,""bottom"":4186},""time"":1729913704358},{""box"":{""left"":6308,""right"":2562,""top"":6632,""bottom"":4186},""time"":1729913704368},{""box"":{""left"":6308,""right"":2562,""top"":6632,""bottom"":4186},""time"":1729913704422},{""box"":{""left"":6308,""right"":2562,""top"":6632,""bottom"":4186},""time"":1729913704432},{""box"":{""left"":6308,""right"":2562,""top"":6632,""bottom"":4186},""time"":1729913704475},{""box"":{""left"":6308,""right"":2562,""top"":6632,""bottom"":4186},""time"":1729913704484},{""box"":{""left"":6308,""right"":2562,""top"":6632,""bottom"":4186},""time"":1729913704535},{""box"":{""left"":6308,""right"":2562,""top"":6632,""bottom"":4186},""time"":1729913704588},{""box"":{""left"":6308,""right"":2562,""top"":6632,""bottom"":4186},""time"":1729913704762},{""box"":{""left"":6308,""right"":2562,""top"":6632,""bottom"":4186},""time"":1729913704822},{""box"":{""left"":6308,""right"":2562,""top"":6632,""bottom"":4186},""time"":1729913704873},{""box"":{""left"":6308,""right"":2562,""top"":6632,""bottom"":4186},""time"":1729913705049},{""box"":{""left"":6308,""right"":2562,""top"":6632,""bottom"":4186},""time"":1729913705110},{""box"":{""left"":6308,""right"":2562,""top"":6632,""bottom"":4186},""time"":1729913705163},{""box"":{""left"":6308,""right"":2562,""top"":6632,""bottom"":4186},""time"":1729913705224},{""box"":{""left"":6308,""right"":2562,""top"":6632,""bottom"":4186},""time"":1729913705277},{""box"":{""left"":6308,""right"":2562,""top"":6632,""bottom"":4186},""time"":1729913705339},{""box"":{""left"":6308,""right"":2562,""top"":6632,""bottom"":4186},""time"":1729913705391},{""box"":{""left"":6308,""right"":2562,""top"":6632,""bottom"":4186},""time"":1729913705445},{""box"":{""left"":6308,""right"":2562,""top"":6632,""bottom"":4186},""time"":1729913705506},{""box"":{""left"":6308,""right"":2562,""top"":6632,""bottom"":4186},""time"":1729913705559},{""box"":{""left"":6308,""right"":2562,""top"":6632,""bottom"":4186},""time"":1729913705621},{""box"":{""left"":6308,""right"":2562,""top"":6632,""bottom"":4186},""time"":1729913705673},{""box"":{""left"":6308,""right"":2562,""top"":6632,""bottom"":4186},""time"":1729913705734},{""box"":{""left"":6308,""right"":2562,""top"":6632,""bottom"":4186},""time"":1729913705795},{""box"":{""left"":6308,""right"":2562,""top"":6632,""bottom"":4186},""time"":1729913705806},{""box"":{""left"":6308,""right"":2562,""top"":6632,""bottom"":4186},""time"":1729913705864},{""box"":{""left"":6308,""right"":2562,""top"":6632,""bottom"":4186},""time"":1729913705873},{""box"":{""left"":6308,""right"":2562,""top"":6632,""bottom"":4186},""time"":1729913705922},{""box"":{""left"":6308,""right"":2562,""top"":6632,""bottom"":4186},""time"":1729913705960},{""box"":{""left"":6308,""right"":2562,""top"":6632,""bottom"":4186},""time"":1729913705970},{""box"":{""left"":6308,""right"":2562,""top"":6632,""bottom"":4186},""time"":1729913706019},{""box"":{""left"":6308,""right"":2562,""top"":6632,""bottom"":4186},""time"":1729913706029},{""box"":{""left"":6308,""right"":2562,""top"":6632,""bottom"":4186},""time"":1729913706078},{""box"":{""left"":6308,""right"":2562,""top"":6632,""bottom"":4186},""time"":1729913706127},{""box"":{""left"":6308,""right"":2562,""top"":6632,""bottom"":4186},""time"":1729913706188},{""box"":{""left"":6308,""right"":2562,""top"":6632,""bottom"":4186},""time"":1729913706198},{""box"":{""left"":6308,""right"":2562,""top"":6632,""bottom"":4186},""time"":1729913706247},{""box"":{""left"":6308,""right"":2562,""top"":6632,""bottom"":4186},""time"":1729913706295},{""box"":{""left"":6308,""right"":2562,""top"":6632,""bottom"":4186},""time"":1729913706305},{""box"":{""left"":6308,""right"":2562,""top"":6632,""bottom"":4186},""time"":1729913706354},{""box"":{""left"":6308,""right"":2562,""top"":6632,""bottom"":4186},""time"":1729913706414},{""box"":{""left"":6308,""right"":2562,""top"":6632,""bottom"":4186},""time"":1729913706475},{""box"":{""left"":6308,""right"":2562,""top"":6632,""bottom"":4186},""time"":1729913706525},{""box"":{""left"":6308,""right"":2562,""top"":6632,""bottom"":4186},""time"":1729913706588},{""box"":{""left"":6308,""right"":2562,""top"":6632,""bottom"":4186},""time"":1729913706639},{""box"":{""left"":6308,""right"":2562,""top"":6632,""bottom"":4186},""time"":1729913706700},{""box"":{""left"":6308,""right"":2562,""top"":6632,""bottom"":4186},""time"":1729913706752},{""box"":{""left"":6308,""right"":2562,""top"":6632,""bottom"":4186},""time"":1729913706814},{""box"":{""left"":6308,""right"":2562,""top"":6632,""bottom"":4186},""time"":1729913706865},{""box"":{""left"":6308,""right"":2562,""top"":6632,""bottom"":4186},""time"":1729913706927},{""box"":{""left"":6308,""right"":2562,""top"":6632,""bottom"":4186},""time"":1729913706978},{""box"":{""left"":6308,""right"":2562,""top"":6632,""bottom"":4186},""time"":1729913706988},{""box"":{""left"":6308,""right"":2562,""top"":6632,""bottom"":4186},""time"":1729913707042},{""box"":{""left"":6308,""right"":2562,""top"":6632,""bottom"":4186},""time"":1729913707052},{""box"":{""left"":6308,""right"":2562,""top"":6632,""bottom"":4186},""time"":1729913707103},{""box"":{""left"":6308,""right"":2562,""top"":6632,""bottom"":4186},""time"":1729913707113},{""box"":{""left"":6308,""right"":2562,""top"":6632,""bottom"":4186},""time"":1729913707162},{""box"":{""left"":6308,""right"":2562,""top"":6632,""bottom"":4186},""time"":1729913707172},{""box"":{""left"":6308,""right"":2562,""top"":6632,""bottom"":4186},""time"":1729913707220},{""box"":{""left"":6308,""right"":2562,""top"":6632,""bottom"":4186},""time"":1729913707230},{""box"":{""left"":6308,""right"":2562,""top"":6632,""bottom"":4186},""time"":1729913707278},{""box"":{""left"":6308,""right"":2562,""top"":6632,""bottom"":4186},""time"":1729913707327},{""box"":{""left"":6308,""right"":2562,""top"":6632,""bottom"":4186},""time"":1729913707337},{""box"":{""left"":6308,""right"":2562,""top"":6632,""bottom"":4186},""time"":1729913707385},{""box"":{""left"":6308,""right"":2562,""top"":6632,""bottom"":4186},""time"":1729913707395},{""box"":{""left"":6308,""right"":2562,""top"":6632,""bottom"":4186},""time"":1729913707443},{""box"":{""left"":6308,""right"":2562,""top"":6632,""bottom"":4186},""time"":1729913707453},{""box"":{""left"":6308,""right"":2562,""top"":6632,""bottom"":4186},""time"":1729913707506},{""box"":{""left"":6308,""right"":2562,""top"":6632,""bottom"":4186},""time"":1729913707517},{""box"":{""left"":6308,""right"":2562,""top"":6632,""bottom"":4186},""time"":1729913707565},{""box"":{""left"":6308,""right"":2562,""top"":6632,""bottom"":4186},""time"":1729913707614},{""box"":{""left"":6308,""right"":2562,""top"":6632,""bottom"":4186},""time"":1729913707667},{""box"":{""left"":6308,""right"":2562,""top"":6632,""bottom"":4186},""time"":1729913707720},{""box"":{""left"":6308,""right"":2562,""top"":6632,""bottom"":4186},""time"":1729913707784},{""box"":{""left"":6308,""right"":2562,""top"":6632,""bottom"":4186},""time"":1729913707794},{""box"":{""left"":6308,""right"":2562,""top"":6632,""bottom"":4186},""time"":1729913707844},{""box"":{""left"":6308,""right"":2562,""top"":6632,""bottom"":4186},""time"":1729913707854},{""box"":{""left"":6308,""right"":2562,""top"":6632,""bottom"":4186},""time"":1729913707902},{""box"":{""left"":6308,""right"":2562,""top"":6632,""bottom"":4186},""time"":1729913707955},{""box"":{""left"":6308,""right"":2562,""top"":6632,""bottom"":4186},""time"":1729913708018},{""box"":{""left"":6308,""right"":2562,""top"":6632,""bottom"":4186},""time"":1729913708029},{""box"":{""left"":6308,""right"":2562,""top"":6632,""bottom"":4186},""time"":1729913708077},{""box"":{""left"":6308,""right"":2562,""top"":6632,""bottom"":4186},""time"":1729913708130},{""box"":{""left"":6308,""right"":2562,""top"":6632,""bottom"":4186},""time"":1729913708191},{""box"":{""left"":6308,""right"":2562,""top"":6632,""bottom"":4186},""time"":1729913708244},{""box"":{""left"":6308,""right"":2562,""top"":6632,""bottom"":4186},""time"":1729913708305},{""box"":{""left"":6308,""right"":2562,""top"":6632,""bottom"":4186},""time"":1729913708315},{""box"":{""left"":6308,""right"":2562,""top"":6632,""bottom"":4186},""time"":1729913708358},{""box"":{""left"":6308,""right"":2562,""top"":6632,""bottom"":4186},""time"":1729913708368},{""box"":{""left"":6308,""right"":2562,""top"":6632,""bottom"":4186},""time"":1729913708419},{""box"":{""left"":6308,""right"":2562,""top"":6632,""bottom"":4186},""time"":1729913708470},{""box"":{""left"":6308,""right"":2562,""top"":6632,""bottom"":4186},""time"":1729913708522},{""box"":{""left"":6308,""right"":2562,""top"":6632,""bottom"":4186},""time"":1729913708533},{""box"":{""left"":6308,""right"":2562,""top"":6632,""bottom"":4186},""time"":1729913708584},{""box"":{""left"":6308,""right"":2562,""top"":6632,""bottom"":4186},""time"":1729913708595},{""box"":{""left"":6308,""right"":2562,""top"":6632,""bottom"":4186},""time"":1729913708637},{""box"":{""left"":6308,""right"":2562,""top"":6632,""bottom"":4186},""time"":1729913708698},{""box"":{""left"":6308,""right"":2562,""top"":6632,""bottom"":4186},""time"":1729913708709},{""box"":{""left"":6308,""right"":2562,""top"":6632,""bottom"":4186},""time"":1729913708751},{""box"":{""left"":6308,""right"":2562,""top"":6632,""bottom"":4186},""time"":1729913708801},{""box"":{""left"":6308,""right"":2562,""top"":6632,""bottom"":4186},""time"":1729913708811},{""box"":{""left"":6308,""right"":2562,""top"":6632,""bottom"":4186},""time"":1729913708864},{""box"":{""left"":6308,""right"":2562,""top"":6632,""bottom"":4186},""time"":1729913708915},{""box"":{""left"":6308,""right"":2562,""top"":6632,""bottom"":4186},""time"":1729913708966},{""box"":{""left"":6308,""right"":2562,""top"":6632,""bottom"":4186},""time"":1729913708976},{""box"":{""left"":6308,""right"":2562,""top"":6632,""bottom"":4186},""time"":1729913709027},{""box"":{""left"":6308,""right"":2562,""top"":6632,""bottom"":4186},""time"":1729913709088},{""box"":{""left"":6308,""right"":2562,""top"":6632,""bottom"":4186},""time"":1729913709098},{""box"":{""left"":6308,""right"":2562,""top"":6632,""bottom"":4186},""time"":1729913709150},{""box"":{""left"":6308,""right"":2562,""top"":6632,""bottom"":4186},""time"":1729913709201},{""box"":{""left"":6308,""right"":2562,""top"":6632,""bottom"":4186},""time"":1729913709212},{""box"":{""left"":6308,""right"":2562,""top"":6632,""bottom"":4186},""time"":1729913709260},{""box"":{""left"":6308,""right"":2562,""top"":6632,""bottom"":4186},""time"":1729913709270},{""box"":{""left"":6308,""right"":2562,""top"":6632,""bottom"":4186},""time"":1729913709314},{""box"":{""left"":6308,""right"":2562,""top"":6632,""bottom"":4186},""time"":1729913709375},{""box"":{""left"":6308,""right"":2562,""top"":6632,""bottom"":4186},""time"":1729913709385},{""box"":{""left"":6308,""right"":2562,""top"":6632,""bottom"":4186},""time"":1729913709426},{""box"":{""left"":6308,""right"":2562,""top"":6632,""bottom"":4186},""time"":1729913709436},{""box"":{""left"":6308,""right"":2562,""top"":6632,""bottom"":4186},""time"":1729913709490},{""box"":{""left"":6308,""right"":2562,""top"":6632,""bottom"":4186},""time"":1729913709662},{""box"":{""left"":6308,""right"":2562,""top"":6632,""bottom"":4186},""time"":1729913709672},{""box"":{""left"":6308,""right"":2562,""top"":6632,""bottom"":4186},""time"":1729913709714},{""box"":{""left"":6308,""right"":2562,""top"":6632,""bottom"":4186},""time"":1729913709766},{""box"":{""left"":6308,""right"":2562,""top"":6632,""bottom"":4186},""time"":1729913709777},{""box"":{""left"":6308,""right"":2562,""top"":6632,""bottom"":4186},""time"":1729913709826},{""box"":{""left"":6308,""right"":2562,""top"":6632,""bottom"":4186},""time"":1729913709836},{""box"":{""left"":6308,""right"":2562,""top"":6632,""bottom"":4186},""time"":1729913709887},{""box"":{""left"":6308,""right"":2562,""top"":6632,""bottom"":4186},""time"":1729913709898},{""box"":{""left"":6308,""right"":2562,""top"":6632,""bottom"":4186},""time"":1729913709938},{""box"":{""left"":6308,""right"":2562,""top"":6632,""bottom"":4186},""time"":1729913709999},{""box"":{""left"":6308,""right"":2562,""top"":6632,""bottom"":4186},""time"":1729913710009},{""box"":{""left"":6308,""right"":2562,""top"":6632,""bottom"":4186},""time"":1729913710051},{""box"":{""left"":6308,""right"":2562,""top"":6632,""bottom"":4186},""time"":1729913710112},{""box"":{""left"":6308,""right"":2562,""top"":6632,""bottom"":4186},""time"":1729913710122},{""box"":{""left"":6308,""right"":2562,""top"":6632,""bottom"":4186},""time"":1729913710173},{""box"":{""left"":6308,""right"":2562,""top"":6632,""bottom"":4186},""time"":1729913710183},{""box"":{""left"":6308,""right"":2562,""top"":6632,""bottom"":4186},""time"":1729913710226},{""box"":{""left"":6308,""right"":2562,""top"":6632,""bottom"":4186},""time"":1729913710236},{""box"":{""left"":6308,""right"":2562,""top"":6632,""bottom"":4186},""time"":1729913710288},{""box"":{""left"":6308,""right"":2562,""top"":6632,""bottom"":4186},""time"":1729913710299},{""box"":{""left"":6308,""right"":2562,""top"":6632,""bottom"":4186},""time"":1729913710349},{""box"":{""left"":6308,""right"":2562,""top"":6632,""bottom"":4186},""time"":1729913710402},{""box"":{""left"":6308,""right"":2562,""top"":6632,""bottom"":4186},""time"":1729913710411},{""box"":{""left"":6308,""right"":2562,""top"":6632,""bottom"":4186},""time"":1729913710463},{""box"":{""left"":6308,""right"":2562,""top"":6632,""bottom"":4186},""time"":1729913710473},{""box"":{""left"":6308,""right"":2562,""top"":6632,""bottom"":4186},""time"":1729913710515},{""box"":{""left"":6308,""right"":2562,""top"":6632,""bottom"":4186},""time"":1729913710576},{""box"":{""left"":6308,""right"":2562,""top"":6632,""bottom"":4186},""time"":1729913710586},{""box"":{""left"":6308,""right"":2562,""top"":6632,""bottom"":4186},""time"":1729913710636},{""box"":{""left"":6308,""right"":2562,""top"":6632,""bottom"":4186},""time"":1729913710687},{""box"":{""left"":6308,""right"":2562,""top"":6632,""bottom"":4186},""time"":1729913710738},{""box"":{""left"":6308,""right"":2562,""top"":6632,""bottom"":4186},""time"":1729913710801},{""box"":{""left"":6308,""right"":2562,""top"":6632,""bottom"":4186},""time"":1729913710811},{""box"":{""left"":6308,""right"":2562,""top"":6632,""bottom"":4186},""time"":1729913710863},{""box"":{""left"":6308,""right"":2562,""top"":6632,""bottom"":4186},""time"":1729913710914},{""box"":{""left"":6308,""right"":2562,""top"":6632,""bottom"":4186},""time"":1729913710977},{""box"":{""left"":6308,""right"":2562,""top"":6632,""bottom"":4186},""time"":1729913710997},{""box"":{""left"":6308,""right"":2562,""top"":6632,""bottom"":4186},""time"":1729913711026},{""box"":{""left"":6308,""right"":2562,""top"":6632,""bottom"":4186},""time"":1729913711139},{""box"":{""left"":6308,""right"":2562,""top"":6632,""bottom"":4186},""time"":1729913711201},{""box"":{""left"":6308,""right"":2562,""top"":6632,""bottom"":4186},""time"":1729913711254},{""box"":{""left"":6308,""right"":2562,""top"":6632,""bottom"":4186},""time"":1729913711316},{""box"":{""left"":6308,""right"":2562,""top"":6632,""bottom"":4186},""time"":1729913711378},{""box"":{""left"":6308,""right"":2562,""top"":6632,""bottom"":4186},""time"":1729913711431},{""box"":{""left"":6308,""right"":2562,""top"":6632,""bottom"":4186},""time"":1729913711492},{""box"":{""left"":6308,""right"":2562,""top"":6632,""bottom"":4186},""time"":1729913711553},{""box"":{""left"":6308,""right"":2562,""top"":6632,""bottom"":4186},""time"":1729913711604},{""box"":{""left"":6308,""right"":2562,""top"":6632,""bottom"":4186},""time"":1729913711668},{""box"":{""left"":6308,""right"":2562,""top"":6632,""bottom"":4186},""time"":1729913711719},{""box"":{""left"":6308,""right"":2562,""top"":6632,""bottom"":4186},""time"":1729913711781},{""box"":{""left"":6308,""right"":2562,""top"":6632,""bottom"":4186},""time"":1729913711840},{""box"":{""left"":6308,""right"":2562,""top"":6632,""bottom"":4186},""time"":1729913711879},{""box"":{""left"":6308,""right"":2562,""top"":6632,""bottom"":4186},""time"":1729913711900},{""box"":{""left"":6308,""right"":2562,""top"":6632,""bottom"":4186},""time"":1729913711939},{""box"":{""left"":6308,""right"":2562,""top"":6632,""bottom"":4186},""time"":1729913711959},{""box"":{""left"":6308,""right"":2562,""top"":6632,""bottom"":4186},""time"":1729913711988},{""box"":{""left"":6308,""right"":2562,""top"":6632,""bottom"":4186},""time"":1729913712009},{""box"":{""left"":6308,""right"":2562,""top"":6632,""bottom"":4186},""time"":1729913712050},{""box"":{""left"":6308,""right"":2562,""top"":6632,""bottom"":4186},""time"":1729913712064},{""box"":{""left"":6308,""right"":2562,""top"":6632,""bottom"":4186},""time"":1729913712114},{""box"":{""left"":6308,""right"":2562,""top"":6632,""bottom"":4186},""time"":1729913712154},{""box"":{""left"":6308,""right"":2562,""top"":6632,""bottom"":4186},""time"":1729913712195},{""box"":{""left"":6308,""right"":2562,""top"":6632,""bottom"":4186},""time"":1729913712246},{""box"":{""left"":6308,""right"":2562,""top"":6632,""bottom"":4186},""time"":1729913712278},{""box"":{""left"":6308,""right"":2562,""top"":6632,""bottom"":4186},""time"":1729913712308},{""box"":{""left"":6308,""right"":2562,""top"":6632,""bottom"":4186},""time"":1729913712348},{""box"":{""left"":6308,""right"":2562,""top"":6632,""bottom"":4186},""time"":1729913712378},{""box"":{""left"":6308,""right"":2562,""top"":6632,""bottom"":4186},""time"":1729913712417},{""box"":{""left"":6308,""right"":2562,""top"":6632,""bottom"":4186},""time"":1729913712447},{""box"":{""left"":6308,""right"":2562,""top"":6632,""bottom"":4186},""time"":1729913712469},{""box"":{""left"":6308,""right"":2562,""top"":6632,""bottom"":4186},""time"":1729913712489},{""box"":{""left"":6308,""right"":2562,""top"":6632,""bottom"":4186},""time"":1729913712537},{""box"":{""left"":6308,""right"":2562,""top"":6632,""bottom"":4186},""time"":1729913712567},{""box"":{""left"":6308,""right"":2562,""top"":6632,""bottom"":4186},""time"":1729913712587},{""box"":{""left"":6308,""right"":2562,""top"":6632,""bottom"":4186},""time"":1729913712620},{""box"":{""left"":6308,""right"":2562,""top"":6632,""bottom"":4186},""time"":1729913712650},{""box"":{""left"":6308,""right"":2562,""top"":6632,""bottom"":4186},""time"":1729913712700},{""box"":{""left"":6308,""right"":2562,""top"":6632,""bottom"":4186},""time"":1729913712756},{""box"":{""left"":6308,""right"":2562,""top"":6632,""bottom"":4186},""time"":1729913712795},{""box"":{""left"":6308,""right"":2562,""top"":6632,""bottom"":4186},""time"":1729913712805},{""box"":{""left"":6308,""right"":2562,""top"":6632,""bottom"":4186},""time"":1729913712848},{""box"":{""left"":6308,""right"":2562,""top"":6632,""bottom"":4186},""time"":1729913712878},{""box"":{""left"":6308,""right"":2562,""top"":6632,""bottom"":4186},""time"":1729913712909},{""box"":{""left"":6308,""right"":2562,""top"":6632,""bottom"":4186},""time"":1729913712940},{""box"":{""left"":6308,""right"":2562,""top"":6632,""bottom"":4186},""time"":1729913712979},{""box"":{""left"":6308,""right"":2562,""top"":6632,""bottom"":4186},""time"":1729913713001},{""box"":{""left"":6308,""right"":2562,""top"":6632,""bottom"":4186},""time"":1729913713041},{""box"":{""left"":6308,""right"":2562,""top"":6632,""bottom"":4186},""time"":1729913713061},{""box"":{""left"":6308,""right"":2562,""top"":6632,""bottom"":4186},""time"":1729913713113},{""box"":{""left"":6308,""right"":2562,""top"":6632,""bottom"":4186},""time"":1729913713142},{""box"":{""left"":6308,""right"":2562,""top"":6632,""bottom"":4186},""time"":1729913713375},{""box"":{""left"":6308,""right"":2562,""top"":6632,""bottom"":4186},""time"":1729913713435},{""box"":{""left"":6308,""right"":2562,""top"":6632,""bottom"":4186},""time"":1729913713496},{""box"":{""left"":6308,""right"":2562,""top"":6632,""bottom"":4186},""time"":1729913713599},{""box"":{""left"":6308,""right"":2562,""top"":6632,""bottom"":4186},""time"":1729913713662},{""box"":{""left"":6308,""right"":2562,""top"":6632,""bottom"":4186},""time"":1729913713723},{""box"":{""left"":6308,""right"":2562,""top"":6632,""bottom"":4186},""time"":1729913713777},{""box"":{""left"":6308,""right"":2562,""top"":6632,""bottom"":4186},""time"":1729913713818},{""box"":{""left"":6308,""right"":2562,""top"":6632,""bottom"":4186},""time"":1729913713847},{""box"":{""left"":6308,""right"":2562,""top"":6632,""bottom"":4186},""time"":1729913713890},{""box"":{""left"":6308,""right"":2562,""top"":6632,""bottom"":4186},""time"":1729913713944},{""box"":{""left"":6308,""right"":2562,""top"":6632,""bottom"":4186},""time"":1729913713994},{""box"":{""left"":6308,""right"":2562,""top"":6632,""bottom"":4186},""time"":1729913714024},{""box"":{""left"":6308,""right"":2562,""top"":6632,""bottom"":4186},""time"":1729913714063},{""box"":{""left"":6308,""right"":2562,""top"":6632,""bottom"":4186},""time"":1729913714119},{""box"":{""left"":6308,""right"":2562,""top"":6632,""bottom"":4186},""time"":1729913714277},{""box"":{""left"":6308,""right"":2562,""top"":6632,""bottom"":4186},""time"":1729913714338},{""box"":{""left"":6308,""right"":2562,""top"":6632,""bottom"":4186},""time"":1729913714400},{""box"":{""left"":6308,""right"":2562,""top"":6632,""bottom"":4186},""time"":1729913714453},{""box"":{""left"":6308,""right"":2562,""top"":6632,""bottom"":4186},""time"":1729913714505},{""box"":{""left"":6308,""right"":2562,""top"":6632,""bottom"":4186},""time"":1729913714566},{""box"":{""left"":6308,""right"":2562,""top"":6632,""bottom"":4186},""time"":1729913714617},{""box"":{""left"":6308,""right"":2562,""top"":6632,""bottom"":4186},""time"":1729913714679},{""box"":{""left"":6308,""right"":2562,""top"":6632,""bottom"":4186},""time"":1729913714719},{""box"":{""left"":6308,""right"":2562,""top"":6632,""bottom"":4186},""time"":1729913714740},{""box"":{""left"":6308,""right"":2562,""top"":6632,""bottom"":4186},""time"":1729913714781},{""box"":{""left"":6308,""right"":2562,""top"":6632,""bottom"":4186},""time"":1729913714811},{""box"":{""left"":6308,""right"":2562,""top"":6632,""bottom"":4186},""time"":1729913714850},{""box"":{""left"":6308,""right"":2562,""top"":6632,""bottom"":4186},""time"":1729913714879},{""box"":{""left"":6308,""right"":2562,""top"":6632,""bottom"":4186},""time"":1729913714918},{""box"":{""left"":6308,""right"":2562,""top"":6632,""bottom"":4186},""time"":1729913714938},{""box"":{""left"":6308,""right"":2562,""top"":6632,""bottom"":4186},""time"":1729913714968},{""box"":{""left"":6308,""right"":2562,""top"":6632,""bottom"":4186},""time"":1729913714980},{""box"":{""left"":6308,""right"":2562,""top"":6632,""bottom"":4186},""time"":1729913715019},{""box"":{""left"":6308,""right"":2562,""top"":6632,""bottom"":4186},""time"":1729913715039},{""box"":{""left"":6308,""right"":2562,""top"":6632,""bottom"":4186},""time"":1729913715078},{""box"":{""left"":6308,""right"":2562,""top"":6632,""bottom"":4186},""time"":1729913715107},{""box"":{""left"":6308,""right"":2562,""top"":6632,""bottom"":4186},""time"":1729913715146},{""box"":{""left"":6308,""right"":2562,""top"":6632,""bottom"":4186},""time"":1729913715166},{""box"":{""left"":6308,""right"":2562,""top"":6632,""bottom"":4186},""time"":1729913715187},{""box"":{""left"":6308,""right"":2562,""top"":6632,""bottom"":4186},""time"":1729913715216},{""box"":{""left"":6308,""right"":2562,""top"":6632,""bottom"":4186},""time"":1729913715255},{""box"":{""left"":6308,""right"":2562,""top"":6632,""bottom"":4186},""time"":1729913715285},{""box"":{""left"":6308,""right"":2562,""top"":6632,""bottom"":4186},""time"":1729913715314},{""box"":{""left"":6308,""right"":2562,""top"":6632,""bottom"":4186},""time"":1729913715334},{""box"":{""left"":6308,""right"":2562,""top"":6632,""bottom"":4186},""time"":1729913715373},{""box"":{""left"":6308,""right"":2562,""top"":6632,""bottom"":4186},""time"":1729913715403},{""box"":{""left"":6308,""right"":2562,""top"":6632,""bottom"":4186},""time"":1729913715432},{""box"":{""left"":6308,""right"":2562,""top"":6632,""bottom"":4186},""time"":1729913715462},{""box"":{""left"":6308,""right"":2562,""top"":6632,""bottom"":4186},""time"":1729913715501},{""box"":{""left"":6308,""right"":2562,""top"":6632,""bottom"":4186},""time"":1729913715531},{""box"":{""left"":6308,""right"":2562,""top"":6632,""bottom"":4186},""time"":1729913715570},{""box"":{""left"":6308,""right"":2562,""top"":6632,""bottom"":4186},""time"":1729913715600},{""box"":{""left"":6308,""right"":2562,""top"":6632,""bottom"":4186},""time"":1729913715639},{""box"":{""left"":6308,""right"":2562,""top"":6632,""bottom"":4186},""time"":1729913715668},{""box"":{""left"":6308,""right"":2562,""top"":6632,""bottom"":4186},""time"":1729913715707},{""box"":{""left"":6308,""right"":2562,""top"":6632,""bottom"":4186},""time"":1729913715737},{""box"":{""left"":6308,""right"":2562,""top"":6632,""bottom"":4186},""time"":1729913715757},{""box"":{""left"":6308,""right"":2562,""top"":6632,""bottom"":4186},""time"":1729913715767},{""box"":{""left"":6308,""right"":2562,""top"":6632,""bottom"":4186},""time"":1729913715845},{""box"":{""left"":6308,""right"":2562,""top"":6632,""bottom"":4186},""time"":1729913715984},{""box"":{""left"":6308,""right"":2562,""top"":6632,""bottom"":4186},""time"":1729913716055},{""box"":{""left"":6308,""right"":2562,""top"":6632,""bottom"":4186},""time"":1729913716340},{""box"":{""left"":6308,""right"":2562,""top"":6632,""bottom"":4186},""time"":1729913716398},{""box"":{""left"":6308,""right"":2562,""top"":6632,""bottom"":4186},""time"":1729913716452},{""box"":{""left"":6308,""right"":2562,""top"":6632,""bottom"":4186},""time"":1729913716502},{""box"":{""left"":6308,""right"":2562,""top"":6632,""bottom"":4186},""time"":1729913716522},{""box"":{""left"":6308,""right"":2562,""top"":6632,""bottom"":4186},""time"":1729913716572},{""box"":{""left"":6308,""right"":2562,""top"":6632,""bottom"":4186},""time"":1729913716627},{""box"":{""left"":6308,""right"":2562,""top"":6632,""bottom"":4186},""time"":1729913716677},{""box"":{""left"":6308,""right"":2562,""top"":6632,""bottom"":4186},""time"":1729913716962},{""box"":{""left"":6308,""right"":2562,""top"":6632,""bottom"":4186},""time"":1729913717095}",,,,,
57021,Person,2024-10-26 12:34:53,2024-10-26 12:34:59,"{""left"":5902,""right"":2754,""top"":6377,""bottom"":4624},{""box"":{""left"":5902,""right"":2754,""top"":6377,""bottom"":4624},""time"":1729913693430},{""box"":{""left"":5902,""right"":2754,""top"":6377,""bottom"":4624},""time"":1729913693542},{""box"":{""left"":5902,""right"":2754,""top"":6377,""bottom"":4624},""time"":1729913693613},{""box"":{""left"":5902,""right"":2754,""top"":6377,""bottom"":4624},""time"":1729913693664},{""box"":{""left"":5902,""right"":2754,""top"":6377,""bottom"":4624},""time"":1729913693727},{""box"":{""left"":5902,""right"":2754,""top"":6377,""bottom"":4624},""time"":1729913693777},{""box"":{""left"":5902,""right"":2754,""top"":6377,""bottom"":4624},""time"":1729913693828},{""box"":{""left"":5902,""right"":2754,""top"":6377,""bottom"":4624},""time"":1729913693890},{""box"":{""left"":5902,""right"":2754,""top"":6377,""bottom"":4624},""time"":1729913693951},{""box"":{""left"":5902,""right"":2754,""top"":6377,""bottom"":4624},""time"":1729913694002},{""box"":{""left"":5902,""right"":2754,""top"":6377,""bottom"":4624},""time"":1729913694063},{""box"":{""left"":5902,""right"":2754,""top"":6377,""bottom"":4624},""time"":1729913694116},{""box"":{""left"":5902,""right"":2754,""top"":6377,""bottom"":4624},""time"":1729913694176},{""box"":{""left"":5902,""right"":2754,""top"":6377,""bottom"":4624},""time"":1729913694290},{""box"":{""left"":5902,""right"":2754,""top"":6377,""bottom"":4624},""time"":1729913694351},{""box"":{""left"":5902,""right"":2754,""top"":6377,""bottom"":4624},""time"":1729913694403},{""box"":{""left"":5902,""right"":2754,""top"":6377,""bottom"":4624},""time"":1729913694465},{""box"":{""left"":5902,""right"":2754,""top"":6377,""bottom"":4624},""time"":1729913694508},{""box"":{""left"":5902,""right"":2754,""top"":6377,""bottom"":4624},""time"":1729913694568},{""box"":{""left"":5902,""right"":2754,""top"":6377,""bottom"":4624},""time"":1729913694619},{""box"":{""left"":5902,""right"":2754,""top"":6377,""bottom"":4624},""time"":1729913694733},{""box"":{""left"":5902,""right"":2754,""top"":6377,""bottom"":4624},""time"":1729913694854},{""box"":{""left"":5902,""right"":2754,""top"":6377,""bottom"":4624},""time"":1729913695132},{""box"":{""left"":5902,""right"":2754,""top"":6377,""bottom"":4624},""time"":1729913695248},{""box"":{""left"":5902,""right"":2754,""top"":6377,""bottom"":4624},""time"":1729913695469},{""box"":{""left"":5902,""right"":2754,""top"":6377,""bottom"":4624},""time"":1729913695693},{""box"":{""left"":5902,""right"":2754,""top"":6377,""bottom"":4624},""time"":1729913695754},{""box"":{""left"":5902,""right"":2754,""top"":6377,""bottom"":4624},""time"":1729913696032},{""box"":{""left"":5902,""right"":2754,""top"":6377,""bottom"":4624},""time"":1729913696327},{""box"":{""left"":5902,""right"":2754,""top"":6377,""bottom"":4624},""time"":1729913696389},{""box"":{""left"":5902,""right"":2754,""top"":6377,""bottom"":4624},""time"":1729913696451},{""box"":{""left"":5902,""right"":2754,""top"":6377,""bottom"":4624},""time"":1729913696625},{""box"":{""left"":5902,""right"":2754,""top"":6377,""bottom"":4624},""time"":1729913696678},{""box"":{""left"":5902,""right"":2754,""top"":6377,""bottom"":4624},""time"":1729913696728},{""box"":{""left"":5902,""right"":2754,""top"":6377,""bottom"":4624},""time"":1729913696779},{""box"":{""left"":5902,""right"":2754,""top"":6377,""bottom"":4624},""time"":1729913696840},{""box"":{""left"":5902,""right"":2754,""top"":6377,""bottom"":4624},""time"":1729913696911},{""box"":{""left"":5902,""right"":2754,""top"":6377,""bottom"":4624},""time"":1729913696963},{""box"":{""left"":5902,""right"":2754,""top"":6377,""bottom"":4624},""time"":1729913697014},{""box"":{""left"":5902,""right"":2754,""top"":6377,""bottom"":4624},""time"":1729913697075},{""box"":{""left"":5902,""right"":2754,""top"":6377,""bottom"":4624},""time"":1729913697125},{""box"":{""left"":5902,""right"":2754,""top"":6377,""bottom"":4624},""time"":1729913697197},{""box"":{""left"":5902,""right"":2754,""top"":6377,""bottom"":4624},""time"":1729913697238},{""box"":{""left"":5902,""right"":2754,""top"":6377,""bottom"":4624},""time"":1729913697310},{""box"":{""left"":5902,""right"":2754,""top"":6377,""bottom"":4624},""time"":1729913697360},{""box"":{""left"":5902,""right"":2754,""top"":6377,""bottom"":4624},""time"":1729913697422},{""box"":{""left"":5902,""right"":2754,""top"":6377,""bottom"":4624},""time"":1729913697484},{""box"":{""left"":5902,""right"":2754,""top"":6377,""bottom"":4624},""time"":1729913697658},{""box"":{""left"":5902,""right"":2754,""top"":6377,""bottom"":4624},""time"":1729913697712},{""box"":{""left"":5902,""right"":2754,""top"":6377,""bottom"":4624},""time"":1729913697773},{""box"":{""left"":5902,""right"":2754,""top"":6377,""bottom"":4624},""time"":1729913697825},{""box"":{""left"":5902,""right"":2754,""top"":6377,""bottom"":4624},""time"":1729913697886},{""box"":{""left"":5902,""right"":2754,""top"":6377,""bottom"":4624},""time"":1729913697926},{""box"":{""left"":5902,""right"":2754,""top"":6377,""bottom"":4624},""time"":1729913697989},{""box"":{""left"":5902,""right"":2754,""top"":6377,""bottom"":4624},""time"":1729913698039},{""box"":{""left"":5902,""right"":2754,""top"":6377,""bottom"":4624},""time"":1729913698103},{""box"":{""left"":5902,""right"":2754,""top"":6377,""bottom"":4624},""time"":1729913698164},{""box"":{""left"":5902,""right"":2754,""top"":6377,""bottom"":4624},""time"":1729913698215},{""box"":{""left"":5902,""right"":2754,""top"":6377,""bottom"":4624},""time"":1729913698276},{""box"":{""left"":5902,""right"":2754,""top"":6377,""bottom"":4624},""time"":1729913698327},{""box"":{""left"":5902,""right"":2754,""top"":6377,""bottom"":4624},""time"":1729913698390},{""box"":{""left"":5902,""right"":2754,""top"":6377,""bottom"":4624},""time"":1729913698442},{""box"":{""left"":5902,""right"":2754,""top"":6377,""bottom"":4624},""time"":1729913698494},{""box"":{""left"":5902,""right"":2754,""top"":6377,""bottom"":4624},""time"":1729913698565},{""box"":{""left"":5902,""right"":2754,""top"":6377,""bottom"":4624},""time"":1729913698616},{""box"":{""left"":5902,""right"":2754,""top"":6377,""bottom"":4624},""time"":1729913698667},{""box"":{""left"":5902,""right"":2754,""top"":6377,""bottom"":4624},""time"":1729913698728},{""box"":{""left"":5902,""right"":2754,""top"":6377,""bottom"":4624},""time"":1729913698791},{""box"":{""left"":5902,""right"":2754,""top"":6377,""bottom"":4624},""time"":1729913698839},{""box"":{""left"":5902,""right"":2754,""top"":6377,""bottom"":4624},""time"":1729913698893},{""box"":{""left"":5902,""right"":2754,""top"":6377,""bottom"":4624},""time"":1729913698955},{""box"":{""left"":5902,""right"":2754,""top"":6377,""bottom"":4624},""time"":1729913699067},{""box"":{""left"":5902,""right"":2754,""top"":6377,""bottom"":4624},""time"":1729913699119},{""box"":{""left"":5902,""right"":2754,""top"":6377,""bottom"":4624},""time"":1729913699191},{""box"":{""left"":5902,""right"":2754,""top"":6377,""bottom"":4624},""time"":1729913699245},{""box"":{""left"":5902,""right"":2754,""top"":6377,""bottom"":4624},""time"":1729913699294},{""box"":{""left"":5902,""right"":2754,""top"":6377,""bottom"":4624},""time"":1729913699348},{""box"":{""left"":5902,""right"":2754,""top"":6377,""bottom"":4624},""time"":1729913699409},{""box"":{""left"":5902,""right"":2754,""top"":6377,""bottom"":4624},""time"":1729913699470},{""box"":{""left"":5902,""right"":2754,""top"":6377,""bottom"":4624},""time"":1729913699547},{""box"":{""left"":5902,""right"":2754,""top"":6377,""bottom"":4624},""time"":1729913699625},{""box"":{""left"":5902,""right"":2754,""top"":6377,""bottom"":4624},""time"":1729913699702},{""box"":{""left"":5902,""right"":2754,""top"":6377,""bottom"":4624},""time"":1729913699779},{""box"":{""left"":5902,""right"":2754,""top"":6377,""bottom"":4624},""time"":1729913699856}",,,,,
57022,Person,2024-10-26 12:34:53,2024-10-26 12:34:57,"{""left"":1804,""right"":2877,""top"":2221,""bottom"":5377},{""box"":{""left"":1804,""right"":2877,""top"":2221,""bottom"":5377},""time"":1729913693203},{""box"":{""left"":1804,""right"":2877,""top"":2221,""bottom"":5377},""time"":1729913693317},{""box"":{""left"":1804,""right"":2877,""top"":2221,""bottom"":5377},""time"":1729913693378},{""box"":{""left"":1804,""right"":2877,""top"":2221,""bottom"":5377},""time"":1729913693439},{""box"":{""left"":1804,""right"":2877,""top"":2221,""bottom"":5377},""time"":1729913693552},{""box"":{""left"":1804,""right"":2877,""top"":2221,""bottom"":5377},""time"":1729913694126},{""box"":{""left"":1804,""right"":2877,""top"":2221,""bottom"":5377},""time"":1729913694185},{""box"":{""left"":1804,""right"":2877,""top"":2221,""bottom"":5377},""time"":1729913694361},{""box"":{""left"":1804,""right"":2877,""top"":2221,""bottom"":5377},""time"":1729913694412},{""box"":{""left"":1804,""right"":2877,""top"":2221,""bottom"":5377},""time"":1729913694474},{""box"":{""left"":1804,""right"":2877,""top"":2221,""bottom"":5377},""time"":1729913694518},{""box"":{""left"":1804,""right"":2877,""top"":2221,""bottom"":5377},""time"":1729913694629},{""box"":{""left"":1804,""right"":2877,""top"":2221,""bottom"":5377},""time"":1729913694742},{""box"":{""left"":1804,""right"":2877,""top"":2221,""bottom"":5377},""time"":1729913694863},{""box"":{""left"":1804,""right"":2877,""top"":2221,""bottom"":5377},""time"":1729913695142},{""box"":{""left"":1804,""right"":2877,""top"":2221,""bottom"":5377},""time"":1729913695258},{""box"":{""left"":1804,""right"":2877,""top"":2221,""bottom"":5377},""time"":1729913695703},{""box"":{""left"":1804,""right"":2877,""top"":2221,""bottom"":5377},""time"":1729913695764},{""box"":{""left"":1804,""right"":2877,""top"":2221,""bottom"":5377},""time"":1729913697084},{""box"":{""left"":1804,""right"":2877,""top"":2221,""bottom"":5377},""time"":1729913697135}",,,,,
57024,Person,2024-10-26 12:34:55,2024-10-26 12:34:55,"{""left"":5285,""right"":2682,""top"":5591,""bottom"":4849},{""box"":{""left"":5285,""right"":2682,""top"":5591,""bottom"":4849},""time"":1729913695267}",,,,,
57025,Person,2024-10-26 12:34:55,2024-10-26 12:35:03,"{""left"":4555,""right"":2708,""top"":5017,""bottom"":4645},{""box"":{""left"":4555,""right"":2708,""top"":5017,""bottom"":4645},""time"":1729913696336},{""box"":{""left"":4555,""right"":2708,""top"":5017,""bottom"":4645},""time"":1729913696398},{""box"":{""left"":4555,""right"":2708,""top"":5017,""bottom"":4645},""time"":1729913696461},{""box"":{""left"":4555,""right"":2708,""top"":5017,""bottom"":4645},""time"":1729913696564},{""box"":{""left"":4555,""right"":2708,""top"":5017,""bottom"":4645},""time"":1729913696634},{""box"":{""left"":4555,""right"":2708,""top"":5017,""bottom"":4645},""time"":1729913696687},{""box"":{""left"":4555,""right"":2708,""top"":5017,""bottom"":4645},""time"":1729913696737},{""box"":{""left"":4555,""right"":2708,""top"":5017,""bottom"":4645},""time"":1729913696789},{""box"":{""left"":4555,""right"":2708,""top"":5017,""bottom"":4645},""time"":1729913696849},{""box"":{""left"":4555,""right"":2708,""top"":5017,""bottom"":4645},""time"":1729913696921},{""box"":{""left"":4555,""right"":2708,""top"":5017,""bottom"":4645},""time"":1729913696973},{""box"":{""left"":4555,""right"":2708,""top"":5017,""bottom"":4645},""time"":1729913697023},{""box"":{""left"":4555,""right"":2708,""top"":5017,""bottom"":4645},""time"":1729913697094},{""box"":{""left"":4555,""right"":2708,""top"":5017,""bottom"":4645},""time"":1729913697144},{""box"":{""left"":4555,""right"":2708,""top"":5017,""bottom"":4645},""time"":1729913697206},{""box"":{""left"":4555,""right"":2708,""top"":5017,""bottom"":4645},""time"":1729913697248},{""box"":{""left"":4555,""right"":2708,""top"":5017,""bottom"":4645},""time"":1729913697319},{""box"":{""left"":4555,""right"":2708,""top"":5017,""bottom"":4645},""time"":1729913697370},{""box"":{""left"":4555,""right"":2708,""top"":5017,""bottom"":4645},""time"":1729913697432},{""box"":{""left"":4555,""right"":2708,""top"":5017,""bottom"":4645},""time"":1729913697493},{""box"":{""left"":4555,""right"":2708,""top"":5017,""bottom"":4645},""time"":1729913697534},{""box"":{""left"":4555,""right"":2708,""top"":5017,""bottom"":4645},""time"":1729913697667},{""box"":{""left"":4555,""right"":2708,""top"":5017,""bottom"":4645},""time"":1729913697722},{""box"":{""left"":4555,""right"":2708,""top"":5017,""bottom"":4645},""time"":1729913697783},{""box"":{""left"":4555,""right"":2708,""top"":5017,""bottom"":4645},""time"":1729913697835},{""box"":{""left"":4555,""right"":2708,""top"":5017,""bottom"":4645},""time"":1729913697896},{""box"":{""left"":4555,""right"":2708,""top"":5017,""bottom"":4645},""time"":1729913697936},{""box"":{""left"":4555,""right"":2708,""top"":5017,""bottom"":4645},""time"":1729913697999},{""box"":{""left"":4555,""right"":2708,""top"":5017,""bottom"":4645},""time"":1729913698049},{""box"":{""left"":4555,""right"":2708,""top"":5017,""bottom"":4645},""time"":1729913698112},{""box"":{""left"":4555,""right"":2708,""top"":5017,""bottom"":4645},""time"":1729913698173},{""box"":{""left"":4555,""right"":2708,""top"":5017,""bottom"":4645},""time"":1729913698224},{""box"":{""left"":4555,""right"":2708,""top"":5017,""bottom"":4645},""time"":1729913698286},{""box"":{""left"":4555,""right"":2708,""top"":5017,""bottom"":4645},""time"":1729913698337},{""box"":{""left"":4555,""right"":2708,""top"":5017,""bottom"":4645},""time"":1729913698400},{""box"":{""left"":4555,""right"":2708,""top"":5017,""bottom"":4645},""time"":1729913698452},{""box"":{""left"":4555,""right"":2708,""top"":5017,""bottom"":4645},""time"":1729913698503},{""box"":{""left"":4555,""right"":2708,""top"":5017,""bottom"":4645},""time"":1729913698574},{""box"":{""left"":4555,""right"":2708,""top"":5017,""bottom"":4645},""time"":1729913698625},{""box"":{""left"":4555,""right"":2708,""top"":5017,""bottom"":4645},""time"":1729913698677},{""box"":{""left"":4555,""right"":2708,""top"":5017,""bottom"":4645},""time"":1729913698738},{""box"":{""left"":4555,""right"":2708,""top"":5017,""bottom"":4645},""time"":1729913698800},{""box"":{""left"":4555,""right"":2708,""top"":5017,""bottom"":4645},""time"":1729913698849},{""box"":{""left"":4555,""right"":2708,""top"":5017,""bottom"":4645},""time"":1729913698903},{""box"":{""left"":4555,""right"":2708,""top"":5017,""bottom"":4645},""time"":1729913698964},{""box"":{""left"":4555,""right"":2708,""top"":5017,""bottom"":4645},""time"":1729913699006},{""box"":{""left"":4555,""right"":2708,""top"":5017,""bottom"":4645},""time"":1729913699076},{""box"":{""left"":4555,""right"":2708,""top"":5017,""bottom"":4645},""time"":1729913699129},{""box"":{""left"":4555,""right"":2708,""top"":5017,""bottom"":4645},""time"":1729913699201},{""box"":{""left"":4555,""right"":2708,""top"":5017,""bottom"":4645},""time"":1729913699254},{""box"":{""left"":4555,""right"":2708,""top"":5017,""bottom"":4645},""time"":1729913699303},{""box"":{""left"":4555,""right"":2708,""top"":5017,""bottom"":4645},""time"":1729913699357},{""box"":{""left"":4555,""right"":2708,""top"":5017,""bottom"":4645},""time"":1729913699418},{""box"":{""left"":4555,""right"":2708,""top"":5017,""bottom"":4645},""time"":1729913699480},{""box"":{""left"":4555,""right"":2708,""top"":5017,""bottom"":4645},""time"":1729913699557},{""box"":{""left"":4555,""right"":2708,""top"":5017,""bottom"":4645},""time"":1729913699634},{""box"":{""left"":4555,""right"":2708,""top"":5017,""bottom"":4645},""time"":1729913699712},{""box"":{""left"":4555,""right"":2708,""top"":5017,""bottom"":4645},""time"":1729913699789},{""box"":{""left"":4555,""right"":2708,""top"":5017,""bottom"":4645},""time"":1729913699866},{""box"":{""left"":4555,""right"":2708,""top"":5017,""bottom"":4645},""time"":1729913699909},{""box"":{""left"":4555,""right"":2708,""top"":5017,""bottom"":4645},""time"":1729913699959},{""box"":{""left"":4555,""right"":2708,""top"":5017,""bottom"":4645},""time"":1729913700009},{""box"":{""left"":4555,""right"":2708,""top"":5017,""bottom"":4645},""time"":1729913700059},{""box"":{""left"":4555,""right"":2708,""top"":5017,""bottom"":4645},""time"":1729913700119},{""box"":{""left"":4555,""right"":2708,""top"":5017,""bottom"":4645},""time"":1729913700238},{""box"":{""left"":4555,""right"":2708,""top"":5017,""bottom"":4645},""time"":1729913700312},{""box"":{""left"":4555,""right"":2708,""top"":5017,""bottom"":4645},""time"":1729913700435},{""box"":{""left"":4555,""right"":2708,""top"":5017,""bottom"":4645},""time"":1729913700560},{""box"":{""left"":4555,""right"":2708,""top"":5017,""bottom"":4645},""time"":1729913700847},{""box"":{""left"":4555,""right"":2708,""top"":5017,""bottom"":4645},""time"":1729913701340},{""box"":{""left"":4555,""right"":2708,""top"":5017,""bottom"":4645},""time"":1729913701393},{""box"":{""left"":4555,""right"":2708,""top"":5017,""bottom"":4645},""time"":1729913701452},{""box"":{""left"":4555,""right"":2708,""top"":5017,""bottom"":4645},""time"":1729913701510},{""box"":{""left"":4555,""right"":2708,""top"":5017,""bottom"":4645},""time"":1729913701704},{""box"":{""left"":4555,""right"":2708,""top"":5017,""bottom"":4645},""time"":1729913701753},{""box"":{""left"":4555,""right"":2708,""top"":5017,""bottom"":4645},""time"":1729913701811},{""box"":{""left"":4555,""right"":2708,""top"":5017,""bottom"":4645},""time"":1729913701864},{""box"":{""left"":4555,""right"":2708,""top"":5017,""bottom"":4645},""time"":1729913701924},{""box"":{""left"":4555,""right"":2708,""top"":5017,""bottom"":4645},""time"":1729913701991},{""box"":{""left"":4555,""right"":2708,""top"":5017,""bottom"":4645},""time"":1729913703349},{""box"":{""left"":4555,""right"":2708,""top"":5017,""bottom"":4645},""time"":1729913703410}",,,,,
57027,Person,2024-10-26 12:34:57,2024-10-26 12:35:05,"{""left"":1889,""right"":2655,""top"":2203,""bottom"":4504},{""box"":{""left"":1889,""right"":2655,""top"":2203,""bottom"":4504},""time"":1729913698008},{""box"":{""left"":1889,""right"":2655,""top"":2203,""bottom"":4504},""time"":1729913698122},{""box"":{""left"":1889,""right"":2655,""top"":2203,""bottom"":4504},""time"":1729913698295},{""box"":{""left"":1889,""right"":2655,""top"":2203,""bottom"":4504},""time"":1729913698346},{""box"":{""left"":1889,""right"":2655,""top"":2203,""bottom"":4504},""time"":1729913698409},{""box"":{""left"":1889,""right"":2655,""top"":2203,""bottom"":4504},""time"":1729913698461},{""box"":{""left"":1889,""right"":2655,""top"":2203,""bottom"":4504},""time"":1729913698513},{""box"":{""left"":1889,""right"":2655,""top"":2203,""bottom"":4504},""time"":1729913698810},{""box"":{""left"":1889,""right"":2655,""top"":2203,""bottom"":4504},""time"":1729913698858},{""box"":{""left"":1889,""right"":2655,""top"":2203,""bottom"":4504},""time"":1729913698912},{""box"":{""left"":1889,""right"":2655,""top"":2203,""bottom"":4504},""time"":1729913698974},{""box"":{""left"":1889,""right"":2655,""top"":2203,""bottom"":4504},""time"":1729913699015},{""box"":{""left"":1889,""right"":2655,""top"":2203,""bottom"":4504},""time"":1729913699086},{""box"":{""left"":1889,""right"":2655,""top"":2203,""bottom"":4504},""time"":1729913699138},{""box"":{""left"":1889,""right"":2655,""top"":2203,""bottom"":4504},""time"":1729913699313},{""box"":{""left"":1889,""right"":2655,""top"":2203,""bottom"":4504},""time"":1729913699489},{""box"":{""left"":1889,""right"":2655,""top"":2203,""bottom"":4504},""time"":1729913699566},{""box"":{""left"":1889,""right"":2655,""top"":2203,""bottom"":4504},""time"":1729913699644},{""box"":{""left"":1889,""right"":2655,""top"":2203,""bottom"":4504},""time"":1729913699721},{""box"":{""left"":1889,""right"":2655,""top"":2203,""bottom"":4504},""time"":1729913699799},{""box"":{""left"":1889,""right"":2655,""top"":2203,""bottom"":4504},""time"":1729913699875},{""box"":{""left"":1889,""right"":2655,""top"":2203,""bottom"":4504},""time"":1729913699918},{""box"":{""left"":1889,""right"":2655,""top"":2203,""bottom"":4504},""time"":1729913699969},{""box"":{""left"":1889,""right"":2655,""top"":2203,""bottom"":4504},""time"":1729913700019},{""box"":{""left"":1889,""right"":2655,""top"":2203,""bottom"":4504},""time"":1729913700068},{""box"":{""left"":1889,""right"":2655,""top"":2203,""bottom"":4504},""time"":1729913700129},{""box"":{""left"":1889,""right"":2655,""top"":2203,""bottom"":4504},""time"":1729913700179},{""box"":{""left"":1889,""right"":2655,""top"":2203,""bottom"":4504},""time"":1729913700247},{""box"":{""left"":1889,""right"":2655,""top"":2203,""bottom"":4504},""time"":1729913700322},{""box"":{""left"":1889,""right"":2655,""top"":2203,""bottom"":4504},""time"":1729913700386},{""box"":{""left"":1889,""right"":2655,""top"":2203,""bottom"":4504},""time"":1729913700444},{""box"":{""left"":1889,""right"":2655,""top"":2203,""bottom"":4504},""time"":1729913700483},{""box"":{""left"":1889,""right"":2655,""top"":2203,""bottom"":4504},""time"":1729913700522},{""box"":{""left"":1889,""right"":2655,""top"":2203,""bottom"":4504},""time"":1729913700570},{""box"":{""left"":1889,""right"":2655,""top"":2203,""bottom"":4504},""time"":1729913700857},{""box"":{""left"":1889,""right"":2655,""top"":2203,""bottom"":4504},""time"":1729913700973},{""box"":{""left"":1889,""right"":2655,""top"":2203,""bottom"":4504},""time"":1729913701034},{""box"":{""left"":1889,""right"":2655,""top"":2203,""bottom"":4504},""time"":1729913701102},{""box"":{""left"":1889,""right"":2655,""top"":2203,""bottom"":4504},""time"":1729913701171},{""box"":{""left"":1889,""right"":2655,""top"":2203,""bottom"":4504},""time"":1729913701231},{""box"":{""left"":1889,""right"":2655,""top"":2203,""bottom"":4504},""time"":1729913701291},{""box"":{""left"":1889,""right"":2655,""top"":2203,""bottom"":4504},""time"":1729913701568},{""box"":{""left"":1889,""right"":2655,""top"":2203,""bottom"":4504},""time"":1729913701617},{""box"":{""left"":1889,""right"":2655,""top"":2203,""bottom"":4504},""time"":1729913701656},{""box"":{""left"":1889,""right"":2655,""top"":2203,""bottom"":4504},""time"":1729913701714},{""box"":{""left"":1889,""right"":2655,""top"":2203,""bottom"":4504},""time"":1729913701762},{""box"":{""left"":1889,""right"":2655,""top"":2203,""bottom"":4504},""time"":1729913701874},{""box"":{""left"":1889,""right"":2655,""top"":2203,""bottom"":4504},""time"":1729913701934},{""box"":{""left"":1889,""right"":2655,""top"":2203,""bottom"":4504},""time"":1729913702001},{""box"":{""left"":1889,""right"":2655,""top"":2203,""bottom"":4504},""time"":1729913702042},{""box"":{""left"":1889,""right"":2655,""top"":2203,""bottom"":4504},""time"":1729913702100},{""box"":{""left"":1889,""right"":2655,""top"":2203,""bottom"":4504},""time"":1729913702168},{""box"":{""left"":1889,""right"":2655,""top"":2203,""bottom"":4504},""time"":1729913702235},{""box"":{""left"":1889,""right"":2655,""top"":2203,""bottom"":4504},""time"":1729913702283},{""box"":{""left"":1889,""right"":2655,""top"":2203,""bottom"":4504},""time"":1729913702331},{""box"":{""left"":1889,""right"":2655,""top"":2203,""bottom"":4504},""time"":1729913702354},{""box"":{""left"":1889,""right"":2655,""top"":2203,""bottom"":4504},""time"":1729913702412},{""box"":{""left"":1889,""right"":2655,""top"":2203,""bottom"":4504},""time"":1729913702473},{""box"":{""left"":1889,""right"":2655,""top"":2203,""bottom"":4504},""time"":1729913702546},{""box"":{""left"":1889,""right"":2655,""top"":2203,""bottom"":4504},""time"":1729913702613},{""box"":{""left"":1889,""right"":2655,""top"":2203,""bottom"":4504},""time"":1729913702671},{""box"":{""left"":1889,""right"":2655,""top"":2203,""bottom"":4504},""time"":1729913702723},{""box"":{""left"":1889,""right"":2655,""top"":2203,""bottom"":4504},""time"":1729913702780},{""box"":{""left"":1889,""right"":2655,""top"":2203,""bottom"":4504},""time"":1729913702829},{""box"":{""left"":1889,""right"":2655,""top"":2203,""bottom"":4504},""time"":1729913702887},{""box"":{""left"":1889,""right"":2655,""top"":2203,""bottom"":4504},""time"":1729913702954},{""box"":{""left"":1889,""right"":2655,""top"":2203,""bottom"":4504},""time"":1729913703012},{""box"":{""left"":1889,""right"":2655,""top"":2203,""bottom"":4504},""time"":1729913703071},{""box"":{""left"":1889,""right"":2655,""top"":2203,""bottom"":4504},""time"":1729913703129},{""box"":{""left"":1889,""right"":2655,""top"":2203,""bottom"":4504},""time"":1729913703178},{""box"":{""left"":1889,""right"":2655,""top"":2203,""bottom"":4504},""time"":1729913703236},{""box"":{""left"":1889,""right"":2655,""top"":2203,""bottom"":4504},""time"":1729913703278},{""box"":{""left"":1889,""right"":2655,""top"":2203,""bottom"":4504},""time"":1729913703468},{""box"":{""left"":1889,""right"":2655,""top"":2203,""bottom"":4504},""time"":1729913703524},{""box"":{""left"":1889,""right"":2655,""top"":2203,""bottom"":4504},""time"":1729913703557},{""box"":{""left"":1889,""right"":2655,""top"":2203,""bottom"":4504},""time"":1729913703618},{""box"":{""left"":1889,""right"":2655,""top"":2203,""bottom"":4504},""time"":1729913703689},{""box"":{""left"":1889,""right"":2655,""top"":2203,""bottom"":4504},""time"":1729913703752},{""box"":{""left"":1889,""right"":2655,""top"":2203,""bottom"":4504},""time"":1729913703813},{""box"":{""left"":1889,""right"":2655,""top"":2203,""bottom"":4504},""time"":1729913703871},{""box"":{""left"":1889,""right"":2655,""top"":2203,""bottom"":4504},""time"":1729913703929},{""box"":{""left"":1889,""right"":2655,""top"":2203,""bottom"":4504},""time"":1729913703987},{""box"":{""left"":1889,""right"":2655,""top"":2203,""bottom"":4504},""time"":1729913704045},{""box"":{""left"":1889,""right"":2655,""top"":2203,""bottom"":4504},""time"":1729913704093},{""box"":{""left"":1889,""right"":2655,""top"":2203,""bottom"":4504},""time"":1729913704131},{""box"":{""left"":1889,""right"":2655,""top"":2203,""bottom"":4504},""time"":1729913704186},{""box"":{""left"":1889,""right"":2655,""top"":2203,""bottom"":4504},""time"":1729913704258},{""box"":{""left"":1889,""right"":2655,""top"":2203,""bottom"":4504},""time"":1729913704320},{""box"":{""left"":1889,""right"":2655,""top"":2203,""bottom"":4504},""time"":1729913704378},{""box"":{""left"":1889,""right"":2655,""top"":2203,""bottom"":4504},""time"":1729913704441},{""box"":{""left"":1889,""right"":2655,""top"":2203,""bottom"":4504},""time"":1729913704494},{""box"":{""left"":1889,""right"":2655,""top"":2203,""bottom"":4504},""time"":1729913704545},{""box"":{""left"":1889,""right"":2655,""top"":2203,""bottom"":4504},""time"":1729913704598},{""box"":{""left"":1889,""right"":2655,""top"":2203,""bottom"":4504},""time"":1729913704639},{""box"":{""left"":1889,""right"":2655,""top"":2203,""bottom"":4504},""time"":1729913704700},{""box"":{""left"":1889,""right"":2655,""top"":2203,""bottom"":4504},""time"":1729913704771},{""box"":{""left"":1889,""right"":2655,""top"":2203,""bottom"":4504},""time"":1729913704832},{""box"":{""left"":1889,""right"":2655,""top"":2203,""bottom"":4504},""time"":1729913704883},{""box"":{""left"":1889,""right"":2655,""top"":2203,""bottom"":4504},""time"":1729913704935},{""box"":{""left"":1889,""right"":2655,""top"":2203,""bottom"":4504},""time"":1729913704986},{""box"":{""left"":1889,""right"":2655,""top"":2203,""bottom"":4504},""time"":1729913705059},{""box"":{""left"":1889,""right"":2655,""top"":2203,""bottom"":4504},""time"":1729913705119},{""box"":{""left"":1889,""right"":2655,""top"":2203,""bottom"":4504},""time"":1729913705173},{""box"":{""left"":1889,""right"":2655,""top"":2203,""bottom"":4504},""time"":1729913705234},{""box"":{""left"":1889,""right"":2655,""top"":2203,""bottom"":4504},""time"":1729913705286},{""box"":{""left"":1889,""right"":2655,""top"":2203,""bottom"":4504},""time"":1729913705348},{""box"":{""left"":1889,""right"":2655,""top"":2203,""bottom"":4504},""time"":1729913705401},{""box"":{""left"":1889,""right"":2655,""top"":2203,""bottom"":4504},""time"":1729913705454},{""box"":{""left"":1889,""right"":2655,""top"":2203,""bottom"":4504},""time"":1729913705515},{""box"":{""left"":1889,""right"":2655,""top"":2203,""bottom"":4504},""time"":1729913705568},{""box"":{""left"":1889,""right"":2655,""top"":2203,""bottom"":4504},""time"":1729913705631},{""box"":{""left"":1889,""right"":2655,""top"":2203,""bottom"":4504},""time"":1729913705683},{""box"":{""left"":1889,""right"":2655,""top"":2203,""bottom"":4504},""time"":1729913705744},{""box"":{""left"":1889,""right"":2655,""top"":2203,""bottom"":4504},""time"":1729913705815}",,,,,
57028,Person,2024-10-26 12:34:58,2024-10-26 12:35:17,"{""left"":5387,""right"":8645,""top"":6600,""bottom"":10000},{""box"":{""left"":5387,""right"":8645,""top"":6600,""bottom"":10000},""time"":1729913699210},{""box"":{""left"":5387,""right"":8645,""top"":6600,""bottom"":10000},""time"":1729913699264},{""box"":{""left"":5387,""right"":8645,""top"":6600,""bottom"":10000},""time"":1729913699367},{""box"":{""left"":5387,""right"":8645,""top"":6600,""bottom"":10000},""time"":1729913699428},{""box"":{""left"":5387,""right"":8645,""top"":6600,""bottom"":10000},""time"":1729913699499},{""box"":{""left"":5387,""right"":8645,""top"":6600,""bottom"":10000},""time"":1729913699576},{""box"":{""left"":5387,""right"":8645,""top"":6600,""bottom"":10000},""time"":1729913699653},{""box"":{""left"":5387,""right"":8645,""top"":6600,""bottom"":10000},""time"":1729913699731},{""box"":{""left"":5387,""right"":8645,""top"":6600,""bottom"":10000},""time"":1729913699808},{""box"":{""left"":5387,""right"":8645,""top"":6600,""bottom"":10000},""time"":1729913699928},{""box"":{""left"":5387,""right"":8645,""top"":6600,""bottom"":10000},""time"":1729913699978},{""box"":{""left"":5387,""right"":8645,""top"":6600,""bottom"":10000},""time"":1729913700028},{""box"":{""left"":5387,""right"":8645,""top"":6600,""bottom"":10000},""time"":1729913700078},{""box"":{""left"":5387,""right"":8645,""top"":6600,""bottom"":10000},""time"":1729913700138},{""box"":{""left"":5387,""right"":8645,""top"":6600,""bottom"":10000},""time"":1729913700189},{""box"":{""left"":5387,""right"":8645,""top"":6600,""bottom"":10000},""time"":1729913700257},{""box"":{""left"":5387,""right"":8645,""top"":6600,""bottom"":10000},""time"":1729913700331},{""box"":{""left"":5387,""right"":8645,""top"":6600,""bottom"":10000},""time"":1729913700396},{""box"":{""left"":5387,""right"":8645,""top"":6600,""bottom"":10000},""time"":1729913700454},{""box"":{""left"":5387,""right"":8645,""top"":6600,""bottom"":10000},""time"":1729913700492},{""box"":{""left"":5387,""right"":8645,""top"":6600,""bottom"":10000},""time"":1729913700531},{""box"":{""left"":5387,""right"":8645,""top"":6600,""bottom"":10000},""time"":1729913700579},{""box"":{""left"":5387,""right"":8645,""top"":6600,""bottom"":10000},""time"":1729913700866},{""box"":{""left"":5387,""right"":8645,""top"":6600,""bottom"":10000},""time"":1729913700982},{""box"":{""left"":5387,""right"":8645,""top"":6600,""bottom"":10000},""time"":1729913701043},{""box"":{""left"":5387,""right"":8645,""top"":6600,""bottom"":10000},""time"":1729913701112},{""box"":{""left"":5387,""right"":8645,""top"":6600,""bottom"":10000},""time"":1729913701180},{""box"":{""left"":5387,""right"":8645,""top"":6600,""bottom"":10000},""time"":1729913701240},{""box"":{""left"":5387,""right"":8645,""top"":6600,""bottom"":10000},""time"":1729913701301},{""box"":{""left"":5387,""right"":8645,""top"":6600,""bottom"":10000},""time"":1729913701349},{""box"":{""left"":5387,""right"":8645,""top"":6600,""bottom"":10000},""time"":1729913701403},{""box"":{""left"":5387,""right"":8645,""top"":6600,""bottom"":10000},""time"":1729913701461},{""box"":{""left"":5387,""right"":8645,""top"":6600,""bottom"":10000},""time"":1729913701520},{""box"":{""left"":5387,""right"":8645,""top"":6600,""bottom"":10000},""time"":1729913701665},{""box"":{""left"":5387,""right"":8645,""top"":6600,""bottom"":10000},""time"":1729913701723},{""box"":{""left"":5387,""right"":8645,""top"":6600,""bottom"":10000},""time"":1729913701772},{""box"":{""left"":5387,""right"":8645,""top"":6600,""bottom"":10000},""time"":1729913701821},{""box"":{""left"":5387,""right"":8645,""top"":6600,""bottom"":10000},""time"":1729913701883},{""box"":{""left"":5387,""right"":8645,""top"":6600,""bottom"":10000},""time"":1729913701943},{""box"":{""left"":5387,""right"":8645,""top"":6600,""bottom"":10000},""time"":1729913702011},{""box"":{""left"":5387,""right"":8645,""top"":6600,""bottom"":10000},""time"":1729913702051},{""box"":{""left"":5387,""right"":8645,""top"":6600,""bottom"":10000},""time"":1729913702110},{""box"":{""left"":5387,""right"":8645,""top"":6600,""bottom"":10000},""time"":1729913702177},{""box"":{""left"":5387,""right"":8645,""top"":6600,""bottom"":10000},""time"":1729913702245},{""box"":{""left"":5387,""right"":8645,""top"":6600,""bottom"":10000},""time"":1729913702293},{""box"":{""left"":5387,""right"":8645,""top"":6600,""bottom"":10000},""time"":1729913702341},{""box"":{""left"":5387,""right"":8645,""top"":6600,""bottom"":10000},""time"":1729913702364},{""box"":{""left"":5387,""right"":8645,""top"":6600,""bottom"":10000},""time"":1729913702422},{""box"":{""left"":5387,""right"":8645,""top"":6600,""bottom"":10000},""time"":1729913702482},{""box"":{""left"":5387,""right"":8645,""top"":6600,""bottom"":10000},""time"":1729913702555},{""box"":{""left"":5387,""right"":8645,""top"":6600,""bottom"":10000},""time"":1729913702623},{""box"":{""left"":5387,""right"":8645,""top"":6600,""bottom"":10000},""time"":1729913702732},{""box"":{""left"":5387,""right"":8645,""top"":6600,""bottom"":10000},""time"":1729913702790},{""box"":{""left"":5387,""right"":8645,""top"":6600,""bottom"":10000},""time"":1729913702896},{""box"":{""left"":5387,""right"":8645,""top"":6600,""bottom"":10000},""time"":1729913702964},{""box"":{""left"":5387,""right"":8645,""top"":6600,""bottom"":10000},""time"":1729913703022},{""box"":{""left"":5387,""right"":8645,""top"":6600,""bottom"":10000},""time"":1729913703080},{""box"":{""left"":5387,""right"":8645,""top"":6600,""bottom"":10000},""time"":1729913703287},{""box"":{""left"":5387,""right"":8645,""top"":6600,""bottom"":10000},""time"":1729913703359},{""box"":{""left"":5387,""right"":8645,""top"":6600,""bottom"":10000},""time"":1729913703420},{""box"":{""left"":5387,""right"":8645,""top"":6600,""bottom"":10000},""time"":1729913703566},{""box"":{""left"":5387,""right"":8645,""top"":6600,""bottom"":10000},""time"":1729913703627},{""box"":{""left"":5387,""right"":8645,""top"":6600,""bottom"":10000},""time"":1729913703822},{""box"":{""left"":5387,""right"":8645,""top"":6600,""bottom"":10000},""time"":1729913703880},{""box"":{""left"":5387,""right"":8645,""top"":6600,""bottom"":10000},""time"":1729913703938},{""box"":{""left"":5387,""right"":8645,""top"":6600,""bottom"":10000},""time"":1729913703996},{""box"":{""left"":5387,""right"":8645,""top"":6600,""bottom"":10000},""time"":1729913704103},{""box"":{""left"":5387,""right"":8645,""top"":6600,""bottom"":10000},""time"":1729913704141},{""box"":{""left"":5387,""right"":8645,""top"":6600,""bottom"":10000},""time"":1729913704195},{""box"":{""left"":5387,""right"":8645,""top"":6600,""bottom"":10000},""time"":1729913704268},{""box"":{""left"":5387,""right"":8645,""top"":6600,""bottom"":10000},""time"":1729913704330},{""box"":{""left"":5387,""right"":8645,""top"":6600,""bottom"":10000},""time"":1729913704388},{""box"":{""left"":5387,""right"":8645,""top"":6600,""bottom"":10000},""time"":1729913704503},{""box"":{""left"":5387,""right"":8645,""top"":6600,""bottom"":10000},""time"":1729913704554},{""box"":{""left"":5387,""right"":8645,""top"":6600,""bottom"":10000},""time"":1729913704607},{""box"":{""left"":5387,""right"":8645,""top"":6600,""bottom"":10000},""time"":1729913704648},{""box"":{""left"":5387,""right"":8645,""top"":6600,""bottom"":10000},""time"":1729913704710},{""box"":{""left"":5387,""right"":8645,""top"":6600,""bottom"":10000},""time"":1729913704781},{""box"":{""left"":5387,""right"":8645,""top"":6600,""bottom"":10000},""time"":1729913704841},{""box"":{""left"":5387,""right"":8645,""top"":6600,""bottom"":10000},""time"":1729913704893},{""box"":{""left"":5387,""right"":8645,""top"":6600,""bottom"":10000},""time"":1729913704944},{""box"":{""left"":5387,""right"":8645,""top"":6600,""bottom"":10000},""time"":1729913704995},{""box"":{""left"":5387,""right"":8645,""top"":6600,""bottom"":10000},""time"":1729913705068},{""box"":{""left"":5387,""right"":8645,""top"":6600,""bottom"":10000},""time"":1729913705129},{""box"":{""left"":5387,""right"":8645,""top"":6600,""bottom"":10000},""time"":1729913705182},{""box"":{""left"":5387,""right"":8645,""top"":6600,""bottom"":10000},""time"":1729913705244},{""box"":{""left"":5387,""right"":8645,""top"":6600,""bottom"":10000},""time"":1729913705296},{""box"":{""left"":5387,""right"":8645,""top"":6600,""bottom"":10000},""time"":1729913705358},{""box"":{""left"":5387,""right"":8645,""top"":6600,""bottom"":10000},""time"":1729913705410},{""box"":{""left"":5387,""right"":8645,""top"":6600,""bottom"":10000},""time"":1729913705464},{""box"":{""left"":5387,""right"":8645,""top"":6600,""bottom"":10000},""time"":1729913705525},{""box"":{""left"":5387,""right"":8645,""top"":6600,""bottom"":10000},""time"":1729913705578},{""box"":{""left"":5387,""right"":8645,""top"":6600,""bottom"":10000},""time"":1729913705641},{""box"":{""left"":5387,""right"":8645,""top"":6600,""bottom"":10000},""time"":1729913705692},{""box"":{""left"":5387,""right"":8645,""top"":6600,""bottom"":10000},""time"":1729913705754},{""box"":{""left"":5387,""right"":8645,""top"":6600,""bottom"":10000},""time"":1729913705825},{""box"":{""left"":5387,""right"":8645,""top"":6600,""bottom"":10000},""time"":1729913705883},{""box"":{""left"":5387,""right"":8645,""top"":6600,""bottom"":10000},""time"":1729913705932},{""box"":{""left"":5387,""right"":8645,""top"":6600,""bottom"":10000},""time"":1729913705980},{""box"":{""left"":5387,""right"":8645,""top"":6600,""bottom"":10000},""time"":1729913706039},{""box"":{""left"":5387,""right"":8645,""top"":6600,""bottom"":10000},""time"":1729913706087},{""box"":{""left"":5387,""right"":8645,""top"":6600,""bottom"":10000},""time"":1729913706137},{""box"":{""left"":5387,""right"":8645,""top"":6600,""bottom"":10000},""time"":1729913706208},{""box"":{""left"":5387,""right"":8645,""top"":6600,""bottom"":10000},""time"":1729913706256},{""box"":{""left"":5387,""right"":8645,""top"":6600,""bottom"":10000},""time"":1729913706315},{""box"":{""left"":5387,""right"":8645,""top"":6600,""bottom"":10000},""time"":1729913706364},{""box"":{""left"":5387,""right"":8645,""top"":6600,""bottom"":10000},""time"":1729913706424},{""box"":{""left"":5387,""right"":8645,""top"":6600,""bottom"":10000},""time"":1729913706485},{""box"":{""left"":5387,""right"":8645,""top"":6600,""bottom"":10000},""time"":1729913706535},{""box"":{""left"":5387,""right"":8645,""top"":6600,""bottom"":10000},""time"":1729913706598},{""box"":{""left"":5387,""right"":8645,""top"":6600,""bottom"":10000},""time"":1729913706648},{""box"":{""left"":5387,""right"":8645,""top"":6600,""bottom"":10000},""time"":1729913706710},{""box"":{""left"":5387,""right"":8645,""top"":6600,""bottom"":10000},""time"":1729913706762},{""box"":{""left"":5387,""right"":8645,""top"":6600,""bottom"":10000},""time"":1729913706824},{""box"":{""left"":5387,""right"":8645,""top"":6600,""bottom"":10000},""time"":1729913706875},{""box"":{""left"":5387,""right"":8645,""top"":6600,""bottom"":10000},""time"":1729913706937},{""box"":{""left"":5387,""right"":8645,""top"":6600,""bottom"":10000},""time"":1729913706998},{""box"":{""left"":5387,""right"":8645,""top"":6600,""bottom"":10000},""time"":1729913707062},{""box"":{""left"":5387,""right"":8645,""top"":6600,""bottom"":10000},""time"":1729913707123},{""box"":{""left"":5387,""right"":8645,""top"":6600,""bottom"":10000},""time"":1729913707181},{""box"":{""left"":5387,""right"":8645,""top"":6600,""bottom"":10000},""time"":1729913707240},{""box"":{""left"":5387,""right"":8645,""top"":6600,""bottom"":10000},""time"":1729913707288},{""box"":{""left"":5387,""right"":8645,""top"":6600,""bottom"":10000},""time"":1729913707346},{""box"":{""left"":5387,""right"":8645,""top"":6600,""bottom"":10000},""time"":1729913707405},{""box"":{""left"":5387,""right"":8645,""top"":6600,""bottom"":10000},""time"":1729913707463},{""box"":{""left"":5387,""right"":8645,""top"":6600,""bottom"":10000},""time"":1729913707526},{""box"":{""left"":5387,""right"":8645,""top"":6600,""bottom"":10000},""time"":1729913707575},{""box"":{""left"":5387,""right"":8645,""top"":6600,""bottom"":10000},""time"":1729913707624},{""box"":{""left"":5387,""right"":8645,""top"":6600,""bottom"":10000},""time"":1729913707677},{""box"":{""left"":5387,""right"":8645,""top"":6600,""bottom"":10000},""time"":1729913707730},{""box"":{""left"":5387,""right"":8645,""top"":6600,""bottom"":10000},""time"":1729913707803},{""box"":{""left"":5387,""right"":8645,""top"":6600,""bottom"":10000},""time"":1729913707864},{""box"":{""left"":5387,""right"":8645,""top"":6600,""bottom"":10000},""time"":1729913707912},{""box"":{""left"":5387,""right"":8645,""top"":6600,""bottom"":10000},""time"":1729913707965},{""box"":{""left"":5387,""right"":8645,""top"":6600,""bottom"":10000},""time"":1729913708038},{""box"":{""left"":5387,""right"":8645,""top"":6600,""bottom"":10000},""time"":1729913708087},{""box"":{""left"":5387,""right"":8645,""top"":6600,""bottom"":10000},""time"":1729913708140},{""box"":{""left"":5387,""right"":8645,""top"":6600,""bottom"":10000},""time"":1729913708201},{""box"":{""left"":5387,""right"":8645,""top"":6600,""bottom"":10000},""time"":1729913708254},{""box"":{""left"":5387,""right"":8645,""top"":6600,""bottom"":10000},""time"":1729913708325},{""box"":{""left"":5387,""right"":8645,""top"":6600,""bottom"":10000},""time"":1729913708378},{""box"":{""left"":5387,""right"":8645,""top"":6600,""bottom"":10000},""time"":1729913708429},{""box"":{""left"":5387,""right"":8645,""top"":6600,""bottom"":10000},""time"":1729913708480},{""box"":{""left"":5387,""right"":8645,""top"":6600,""bottom"":10000},""time"":1729913708542},{""box"":{""left"":5387,""right"":8645,""top"":6600,""bottom"":10000},""time"":1729913708605},{""box"":{""left"":5387,""right"":8645,""top"":6600,""bottom"":10000},""time"":1729913708647},{""box"":{""left"":5387,""right"":8645,""top"":6600,""bottom"":10000},""time"":1729913708718},{""box"":{""left"":5387,""right"":8645,""top"":6600,""bottom"":10000},""time"":1729913708761},{""box"":{""left"":5387,""right"":8645,""top"":6600,""bottom"":10000},""time"":1729913708821},{""box"":{""left"":5387,""right"":8645,""top"":6600,""bottom"":10000},""time"":1729913708874},{""box"":{""left"":5387,""right"":8645,""top"":6600,""bottom"":10000},""time"":1729913708925},{""box"":{""left"":5387,""right"":8645,""top"":6600,""bottom"":10000},""time"":1729913708986},{""box"":{""left"":5387,""right"":8645,""top"":6600,""bottom"":10000},""time"":1729913709108},{""box"":{""left"":5387,""right"":8645,""top"":6600,""bottom"":10000},""time"":1729913709160},{""box"":{""left"":5387,""right"":8645,""top"":6600,""bottom"":10000},""time"":1729913709222},{""box"":{""left"":5387,""right"":8645,""top"":6600,""bottom"":10000},""time"":1729913709280},{""box"":{""left"":5387,""right"":8645,""top"":6600,""bottom"":10000},""time"":1729913709324},{""box"":{""left"":5387,""right"":8645,""top"":6600,""bottom"":10000},""time"":1729913709395},{""box"":{""left"":5387,""right"":8645,""top"":6600,""bottom"":10000},""time"":1729913709446},{""box"":{""left"":5387,""right"":8645,""top"":6600,""bottom"":10000},""time"":1729913709500},{""box"":{""left"":5387,""right"":8645,""top"":6600,""bottom"":10000},""time"":1729913709559},{""box"":{""left"":5387,""right"":8645,""top"":6600,""bottom"":10000},""time"":1729913709620},{""box"":{""left"":5387,""right"":8645,""top"":6600,""bottom"":10000},""time"":1729913709682},{""box"":{""left"":5387,""right"":8645,""top"":6600,""bottom"":10000},""time"":1729913709724},{""box"":{""left"":5387,""right"":8645,""top"":6600,""bottom"":10000},""time"":1729913709787},{""box"":{""left"":5387,""right"":8645,""top"":6600,""bottom"":10000},""time"":1729913709846},{""box"":{""left"":5387,""right"":8645,""top"":6600,""bottom"":10000},""time"":1729913709908},{""box"":{""left"":5387,""right"":8645,""top"":6600,""bottom"":10000},""time"":1729913709948},{""box"":{""left"":5387,""right"":8645,""top"":6600,""bottom"":10000},""time"":1729913710019},{""box"":{""left"":5387,""right"":8645,""top"":6600,""bottom"":10000},""time"":1729913710060},{""box"":{""left"":5387,""right"":8645,""top"":6600,""bottom"":10000},""time"":1729913710132},{""box"":{""left"":5387,""right"":8645,""top"":6600,""bottom"":10000},""time"":1729913710193},{""box"":{""left"":5387,""right"":8645,""top"":6600,""bottom"":10000},""time"":1729913710246},{""box"":{""left"":5387,""right"":8645,""top"":6600,""bottom"":10000},""time"":1729913710308},{""box"":{""left"":5387,""right"":8645,""top"":6600,""bottom"":10000},""time"":1729913710359},{""box"":{""left"":5387,""right"":8645,""top"":6600,""bottom"":10000},""time"":1729913710421},{""box"":{""left"":5387,""right"":8645,""top"":6600,""bottom"":10000},""time"":1729913710482},{""box"":{""left"":5387,""right"":8645,""top"":6600,""bottom"":10000},""time"":1729913710524},{""box"":{""left"":5387,""right"":8645,""top"":6600,""bottom"":10000},""time"":1729913710596},{""box"":{""left"":5387,""right"":8645,""top"":6600,""bottom"":10000},""time"":1729913710646},{""box"":{""left"":5387,""right"":8645,""top"":6600,""bottom"":10000},""time"":1729913710697},{""box"":{""left"":5387,""right"":8645,""top"":6600,""bottom"":10000},""time"":1729913710748},{""box"":{""left"":5387,""right"":8645,""top"":6600,""bottom"":10000},""time"":1729913710821},{""box"":{""left"":5387,""right"":8645,""top"":6600,""bottom"":10000},""time"":1729913710872},{""box"":{""left"":5387,""right"":8645,""top"":6600,""bottom"":10000},""time"":1729913710924},{""box"":{""left"":5387,""right"":8645,""top"":6600,""bottom"":10000},""time"":1729913711099},{""box"":{""left"":5387,""right"":8645,""top"":6600,""bottom"":10000},""time"":1729913711326},{""box"":{""left"":5387,""right"":8645,""top"":6600,""bottom"":10000},""time"":1729913711387},{""box"":{""left"":5387,""right"":8645,""top"":6600,""bottom"":10000},""time"":1729913711441},{""box"":{""left"":5387,""right"":8645,""top"":6600,""bottom"":10000},""time"":1729913711501},{""box"":{""left"":5387,""right"":8645,""top"":6600,""bottom"":10000},""time"":1729913711563},{""box"":{""left"":5387,""right"":8645,""top"":6600,""bottom"":10000},""time"":1729913711614},{""box"":{""left"":5387,""right"":8645,""top"":6600,""bottom"":10000},""time"":1729913711678},{""box"":{""left"":5387,""right"":8645,""top"":6600,""bottom"":10000},""time"":1729913711729},{""box"":{""left"":5387,""right"":8645,""top"":6600,""bottom"":10000},""time"":1729913711791},{""box"":{""left"":5387,""right"":8645,""top"":6600,""bottom"":10000},""time"":1729913711850},{""box"":{""left"":5387,""right"":8645,""top"":6600,""bottom"":10000},""time"":1729913711910},{""box"":{""left"":5387,""right"":8645,""top"":6600,""bottom"":10000},""time"":1729913711949},{""box"":{""left"":5387,""right"":8645,""top"":6600,""bottom"":10000},""time"":1729913712019},{""box"":{""left"":5387,""right"":8645,""top"":6600,""bottom"":10000},""time"":1729913712074},{""box"":{""left"":5387,""right"":8645,""top"":6600,""bottom"":10000},""time"":1729913712124},{""box"":{""left"":5387,""right"":8645,""top"":6600,""bottom"":10000},""time"":1729913712165},{""box"":{""left"":5387,""right"":8645,""top"":6600,""bottom"":10000},""time"":1729913712205},{""box"":{""left"":5387,""right"":8645,""top"":6600,""bottom"":10000},""time"":1729913712256},{""box"":{""left"":5387,""right"":8645,""top"":6600,""bottom"":10000},""time"":1729913712318},{""box"":{""left"":5387,""right"":8645,""top"":6600,""bottom"":10000},""time"":1729913712388},{""box"":{""left"":5387,""right"":8645,""top"":6600,""bottom"":10000},""time"":1729913712457},{""box"":{""left"":5387,""right"":8645,""top"":6600,""bottom"":10000},""time"":1729913712479},{""box"":{""left"":5387,""right"":8645,""top"":6600,""bottom"":10000},""time"":1729913712546},{""box"":{""left"":5387,""right"":8645,""top"":6600,""bottom"":10000},""time"":1729913712577},{""box"":{""left"":5387,""right"":8645,""top"":6600,""bottom"":10000},""time"":1729913712660},{""box"":{""left"":5387,""right"":8645,""top"":6600,""bottom"":10000},""time"":1729913712710},{""box"":{""left"":5387,""right"":8645,""top"":6600,""bottom"":10000},""time"":1729913712766},{""box"":{""left"":5387,""right"":8645,""top"":6600,""bottom"":10000},""time"":1729913712815},{""box"":{""left"":5387,""right"":8645,""top"":6600,""bottom"":10000},""time"":1729913712858},{""box"":{""left"":5387,""right"":8645,""top"":6600,""bottom"":10000},""time"":1729913712888},{""box"":{""left"":5387,""right"":8645,""top"":6600,""bottom"":10000},""time"":1729913712920},{""box"":{""left"":5387,""right"":8645,""top"":6600,""bottom"":10000},""time"":1729913712949},{""box"":{""left"":5387,""right"":8645,""top"":6600,""bottom"":10000},""time"":1729913713011},{""box"":{""left"":5387,""right"":8645,""top"":6600,""bottom"":10000},""time"":1729913713071},{""box"":{""left"":5387,""right"":8645,""top"":6600,""bottom"":10000},""time"":1729913713123},{""box"":{""left"":5387,""right"":8645,""top"":6600,""bottom"":10000},""time"":1729913713206},{""box"":{""left"":5387,""right"":8645,""top"":6600,""bottom"":10000},""time"":1729913713259},{""box"":{""left"":5387,""right"":8645,""top"":6600,""bottom"":10000},""time"":1729913713321},{""box"":{""left"":5387,""right"":8645,""top"":6600,""bottom"":10000},""time"":1729913713385},{""box"":{""left"":5387,""right"":8645,""top"":6600,""bottom"":10000},""time"":1729913713444},{""box"":{""left"":5387,""right"":8645,""top"":6600,""bottom"":10000},""time"":1729913713506},{""box"":{""left"":5387,""right"":8645,""top"":6600,""bottom"":10000},""time"":1729913713548},{""box"":{""left"":5387,""right"":8645,""top"":6600,""bottom"":10000},""time"":1729913713608},{""box"":{""left"":5387,""right"":8645,""top"":6600,""bottom"":10000},""time"":1729913713671},{""box"":{""left"":5387,""right"":8645,""top"":6600,""bottom"":10000},""time"":1729913713733},{""box"":{""left"":5387,""right"":8645,""top"":6600,""bottom"":10000},""time"":1729913713787},{""box"":{""left"":5387,""right"":8645,""top"":6600,""bottom"":10000},""time"":1729913713828},{""box"":{""left"":5387,""right"":8645,""top"":6600,""bottom"":10000},""time"":1729913713857},{""box"":{""left"":5387,""right"":8645,""top"":6600,""bottom"":10000},""time"":1729913713899},{""box"":{""left"":5387,""right"":8645,""top"":6600,""bottom"":10000},""time"":1729913713954},{""box"":{""left"":5387,""right"":8645,""top"":6600,""bottom"":10000},""time"":1729913714004},{""box"":{""left"":5387,""right"":8645,""top"":6600,""bottom"":10000},""time"":1729913714033},{""box"":{""left"":5387,""right"":8645,""top"":6600,""bottom"":10000},""time"":1729913714073},{""box"":{""left"":5387,""right"":8645,""top"":6600,""bottom"":10000},""time"":1729913714129},{""box"":{""left"":5387,""right"":8645,""top"":6600,""bottom"":10000},""time"":1729913714160},{""box"":{""left"":5387,""right"":8645,""top"":6600,""bottom"":10000},""time"":1729913714215},{""box"":{""left"":5387,""right"":8645,""top"":6600,""bottom"":10000},""time"":1729913714286},{""box"":{""left"":5387,""right"":8645,""top"":6600,""bottom"":10000},""time"":1729913714348},{""box"":{""left"":5387,""right"":8645,""top"":6600,""bottom"":10000},""time"":1729913714410},{""box"":{""left"":5387,""right"":8645,""top"":6600,""bottom"":10000},""time"":1729913714463},{""box"":{""left"":5387,""right"":8645,""top"":6600,""bottom"":10000},""time"":1729913714514},{""box"":{""left"":5387,""right"":8645,""top"":6600,""bottom"":10000},""time"":1729913714576},{""box"":{""left"":5387,""right"":8645,""top"":6600,""bottom"":10000},""time"":1729913714627},{""box"":{""left"":5387,""right"":8645,""top"":6600,""bottom"":10000},""time"":1729913714688},{""box"":{""left"":5387,""right"":8645,""top"":6600,""bottom"":10000},""time"":1729913714750},{""box"":{""left"":5387,""right"":8645,""top"":6600,""bottom"":10000},""time"":1729913714821},{""box"":{""left"":5387,""right"":8645,""top"":6600,""bottom"":10000},""time"":1729913714860},{""box"":{""left"":5387,""right"":8645,""top"":6600,""bottom"":10000},""time"":1729913714889},{""box"":{""left"":5387,""right"":8645,""top"":6600,""bottom"":10000},""time"":1729913714948},{""box"":{""left"":5387,""right"":8645,""top"":6600,""bottom"":10000},""time"":1729913714990},{""box"":{""left"":5387,""right"":8645,""top"":6600,""bottom"":10000},""time"":1729913715049},{""box"":{""left"":5387,""right"":8645,""top"":6600,""bottom"":10000},""time"":1729913715088},{""box"":{""left"":5387,""right"":8645,""top"":6600,""bottom"":10000},""time"":1729913715117},{""box"":{""left"":5387,""right"":8645,""top"":6600,""bottom"":10000},""time"":1729913715175},{""box"":{""left"":5387,""right"":8645,""top"":6600,""bottom"":10000},""time"":1729913715226},{""box"":{""left"":5387,""right"":8645,""top"":6600,""bottom"":10000},""time"":1729913715294},{""box"":{""left"":5387,""right"":8645,""top"":6600,""bottom"":10000},""time"":1729913715344},{""box"":{""left"":5387,""right"":8645,""top"":6600,""bottom"":10000},""time"":1729913715383},{""box"":{""left"":5387,""right"":8645,""top"":6600,""bottom"":10000},""time"":1729913715412},{""box"":{""left"":5387,""right"":8645,""top"":6600,""bottom"":10000},""time"":1729913715472},{""box"":{""left"":5387,""right"":8645,""top"":6600,""bottom"":10000},""time"":1729913715541},{""box"":{""left"":5387,""right"":8645,""top"":6600,""bottom"":10000},""time"":1729913715609},{""box"":{""left"":5387,""right"":8645,""top"":6600,""bottom"":10000},""time"":1729913715678},{""box"":{""left"":5387,""right"":8645,""top"":6600,""bottom"":10000},""time"":1729913715717},{""box"":{""left"":5387,""right"":8645,""top"":6600,""bottom"":10000},""time"":1729913715746},{""box"":{""left"":5387,""right"":8645,""top"":6600,""bottom"":10000},""time"":1729913715777},{""box"":{""left"":5387,""right"":8645,""top"":6600,""bottom"":10000},""time"":1729913715806},{""box"":{""left"":5387,""right"":8645,""top"":6600,""bottom"":10000},""time"":1729913715816},{""box"":{""left"":5387,""right"":8645,""top"":6600,""bottom"":10000},""time"":1729913715855},{""box"":{""left"":5387,""right"":8645,""top"":6600,""bottom"":10000},""time"":1729913715874},{""box"":{""left"":5387,""right"":8645,""top"":6600,""bottom"":10000},""time"":1729913715884},{""box"":{""left"":5387,""right"":8645,""top"":6600,""bottom"":10000},""time"":1729913715922},{""box"":{""left"":5387,""right"":8645,""top"":6600,""bottom"":10000},""time"":1729913715932},{""box"":{""left"":5387,""right"":8645,""top"":6600,""bottom"":10000},""time"":1729913715994},{""box"":{""left"":5387,""right"":8645,""top"":6600,""bottom"":10000},""time"":1729913716065},{""box"":{""left"":5387,""right"":8645,""top"":6600,""bottom"":10000},""time"":1729913716104},{""box"":{""left"":5387,""right"":8645,""top"":6600,""bottom"":10000},""time"":1729913716159},{""box"":{""left"":5387,""right"":8645,""top"":6600,""bottom"":10000},""time"":1729913716213},{""box"":{""left"":5387,""right"":8645,""top"":6600,""bottom"":10000},""time"":1729913716283},{""box"":{""left"":5387,""right"":8645,""top"":6600,""bottom"":10000},""time"":1729913716350},{""box"":{""left"":5387,""right"":8645,""top"":6600,""bottom"":10000},""time"":1729913716407},{""box"":{""left"":5387,""right"":8645,""top"":6600,""bottom"":10000},""time"":1729913716461},{""box"":{""left"":5387,""right"":8645,""top"":6600,""bottom"":10000},""time"":1729913716533},{""box"":{""left"":5387,""right"":8645,""top"":6600,""bottom"":10000},""time"":1729913716687},{""box"":{""left"":5387,""right"":8645,""top"":6600,""bottom"":10000},""time"":1729913717014}",,,,,
57029,Person,2024-10-26 12:34:59,2024-10-26 12:35:26,"{""left"":6399,""right"":8091,""top"":7781,""bottom"":10000},{""box"":{""left"":6399,""right"":8091,""top"":7781,""bottom"":10000},""time"":1729913699508},{""box"":{""left"":6399,""right"":8091,""top"":7781,""bottom"":10000},""time"":1729913699585},{""box"":{""left"":6399,""right"":8091,""top"":7781,""bottom"":10000},""time"":1729913699663},{""box"":{""left"":6399,""right"":8091,""top"":7781,""bottom"":10000},""time"":1729913699740},{""box"":{""left"":6399,""right"":8091,""top"":7781,""bottom"":10000},""time"":1729913699818},{""box"":{""left"":6399,""right"":8091,""top"":7781,""bottom"":10000},""time"":1729913700198},{""box"":{""left"":6399,""right"":8091,""top"":7781,""bottom"":10000},""time"":1729913700266},{""box"":{""left"":6399,""right"":8091,""top"":7781,""bottom"":10000},""time"":1729913700341},{""box"":{""left"":6399,""right"":8091,""top"":7781,""bottom"":10000},""time"":1729913700405},{""box"":{""left"":6399,""right"":8091,""top"":7781,""bottom"":10000},""time"":1729913701053},{""box"":{""left"":6399,""right"":8091,""top"":7781,""bottom"":10000},""time"":1729913701121},{""box"":{""left"":6399,""right"":8091,""top"":7781,""bottom"":10000},""time"":1729913701310},{""box"":{""left"":6399,""right"":8091,""top"":7781,""bottom"":10000},""time"":1729913701359},{""box"":{""left"":6399,""right"":8091,""top"":7781,""bottom"":10000},""time"":1729913701412},{""box"":{""left"":6399,""right"":8091,""top"":7781,""bottom"":10000},""time"":1729913701471},{""box"":{""left"":6399,""right"":8091,""top"":7781,""bottom"":10000},""time"":1729913701529},{""box"":{""left"":6399,""right"":8091,""top"":7781,""bottom"":10000},""time"":1729913701578},{""box"":{""left"":6399,""right"":8091,""top"":7781,""bottom"":10000},""time"":1729913701626},{""box"":{""left"":6399,""right"":8091,""top"":7781,""bottom"":10000},""time"":1729913701675},{""box"":{""left"":6399,""right"":8091,""top"":7781,""bottom"":10000},""time"":1729913701733},{""box"":{""left"":6399,""right"":8091,""top"":7781,""bottom"":10000},""time"":1729913701781},{""box"":{""left"":6399,""right"":8091,""top"":7781,""bottom"":10000},""time"":1729913701830},{""box"":{""left"":6399,""right"":8091,""top"":7781,""bottom"":10000},""time"":1729913701893},{""box"":{""left"":6399,""right"":8091,""top"":7781,""bottom"":10000},""time"":1729913701953},{""box"":{""left"":6399,""right"":8091,""top"":7781,""bottom"":10000},""time"":1729913702020},{""box"":{""left"":6399,""right"":8091,""top"":7781,""bottom"":10000},""time"":1729913702061},{""box"":{""left"":6399,""right"":8091,""top"":7781,""bottom"":10000},""time"":1729913702119},{""box"":{""left"":6399,""right"":8091,""top"":7781,""bottom"":10000},""time"":1729913702187},{""box"":{""left"":6399,""right"":8091,""top"":7781,""bottom"":10000},""time"":1729913702254},{""box"":{""left"":6399,""right"":8091,""top"":7781,""bottom"":10000},""time"":1729913702302},{""box"":{""left"":6399,""right"":8091,""top"":7781,""bottom"":10000},""time"":1729913702373},{""box"":{""left"":6399,""right"":8091,""top"":7781,""bottom"":10000},""time"":1729913702431},{""box"":{""left"":6399,""right"":8091,""top"":7781,""bottom"":10000},""time"":1729913702492},{""box"":{""left"":6399,""right"":8091,""top"":7781,""bottom"":10000},""time"":1729913702565},{""box"":{""left"":6399,""right"":8091,""top"":7781,""bottom"":10000},""time"":1729913702633},{""box"":{""left"":6399,""right"":8091,""top"":7781,""bottom"":10000},""time"":1729913702742},{""box"":{""left"":6399,""right"":8091,""top"":7781,""bottom"":10000},""time"":1729913702800},{""box"":{""left"":6399,""right"":8091,""top"":7781,""bottom"":10000},""time"":1729913702906},{""box"":{""left"":6399,""right"":8091,""top"":7781,""bottom"":10000},""time"":1729913702973},{""box"":{""left"":6399,""right"":8091,""top"":7781,""bottom"":10000},""time"":1729913703031},{""box"":{""left"":6399,""right"":8091,""top"":7781,""bottom"":10000},""time"":1729913703090},{""box"":{""left"":6399,""right"":8091,""top"":7781,""bottom"":10000},""time"":1729913703138},{""box"":{""left"":6399,""right"":8091,""top"":7781,""bottom"":10000},""time"":1729913703187},{""box"":{""left"":6399,""right"":8091,""top"":7781,""bottom"":10000},""time"":1729913703246},{""box"":{""left"":6399,""right"":8091,""top"":7781,""bottom"":10000},""time"":1729913703368},{""box"":{""left"":6399,""right"":8091,""top"":7781,""bottom"":10000},""time"":1729913703429},{""box"":{""left"":6399,""right"":8091,""top"":7781,""bottom"":10000},""time"":1729913703477},{""box"":{""left"":6399,""right"":8091,""top"":7781,""bottom"":10000},""time"":1729913703533},{""box"":{""left"":6399,""right"":8091,""top"":7781,""bottom"":10000},""time"":1729913703698},{""box"":{""left"":6399,""right"":8091,""top"":7781,""bottom"":10000},""time"":1729913703762},{""box"":{""left"":6399,""right"":8091,""top"":7781,""bottom"":10000},""time"":1729913703832},{""box"":{""left"":6399,""right"":8091,""top"":7781,""bottom"":10000},""time"":1729913703890},{""box"":{""left"":6399,""right"":8091,""top"":7781,""bottom"":10000},""time"":1729913703948},{""box"":{""left"":6399,""right"":8091,""top"":7781,""bottom"":10000},""time"":1729913704006},{""box"":{""left"":6399,""right"":8091,""top"":7781,""bottom"":10000},""time"":1729913704054},{""box"":{""left"":6399,""right"":8091,""top"":7781,""bottom"":10000},""time"":1729913704112},{""box"":{""left"":6399,""right"":8091,""top"":7781,""bottom"":10000},""time"":1729913704204},{""box"":{""left"":6399,""right"":8091,""top"":7781,""bottom"":10000},""time"":1729913704277},{""box"":{""left"":6399,""right"":8091,""top"":7781,""bottom"":10000},""time"":1729913704339},{""box"":{""left"":6399,""right"":8091,""top"":7781,""bottom"":10000},""time"":1729913704397},{""box"":{""left"":6399,""right"":8091,""top"":7781,""bottom"":10000},""time"":1729913704451},{""box"":{""left"":6399,""right"":8091,""top"":7781,""bottom"":10000},""time"":1729913704513},{""box"":{""left"":6399,""right"":8091,""top"":7781,""bottom"":10000},""time"":1729913704564},{""box"":{""left"":6399,""right"":8091,""top"":7781,""bottom"":10000},""time"":1729913704617},{""box"":{""left"":6399,""right"":8091,""top"":7781,""bottom"":10000},""time"":1729913704719},{""box"":{""left"":6399,""right"":8091,""top"":7781,""bottom"":10000},""time"":1729913704790},{""box"":{""left"":6399,""right"":8091,""top"":7781,""bottom"":10000},""time"":1729913704851},{""box"":{""left"":6399,""right"":8091,""top"":7781,""bottom"":10000},""time"":1729913704902},{""box"":{""left"":6399,""right"":8091,""top"":7781,""bottom"":10000},""time"":1729913704954},{""box"":{""left"":6399,""right"":8091,""top"":7781,""bottom"":10000},""time"":1729913705005},{""box"":{""left"":6399,""right"":8091,""top"":7781,""bottom"":10000},""time"":1729913705078},{""box"":{""left"":6399,""right"":8091,""top"":7781,""bottom"":10000},""time"":1729913705138},{""box"":{""left"":6399,""right"":8091,""top"":7781,""bottom"":10000},""time"":1729913705192},{""box"":{""left"":6399,""right"":8091,""top"":7781,""bottom"":10000},""time"":1729913705253},{""box"":{""left"":6399,""right"":8091,""top"":7781,""bottom"":10000},""time"":1729913705306},{""box"":{""left"":6399,""right"":8091,""top"":7781,""bottom"":10000},""time"":1729913705368},{""box"":{""left"":6399,""right"":8091,""top"":7781,""bottom"":10000},""time"":1729913705420},{""box"":{""left"":6399,""right"":8091,""top"":7781,""bottom"":10000},""time"":1729913705474},{""box"":{""left"":6399,""right"":8091,""top"":7781,""bottom"":10000},""time"":1729913705535},{""box"":{""left"":6399,""right"":8091,""top"":7781,""bottom"":10000},""time"":1729913705587},{""box"":{""left"":6399,""right"":8091,""top"":7781,""bottom"":10000},""time"":1729913705650},{""box"":{""left"":6399,""right"":8091,""top"":7781,""bottom"":10000},""time"":1729913705702},{""box"":{""left"":6399,""right"":8091,""top"":7781,""bottom"":10000},""time"":1729913705764},{""box"":{""left"":6399,""right"":8091,""top"":7781,""bottom"":10000},""time"":1729913705834},{""box"":{""left"":6399,""right"":8091,""top"":7781,""bottom"":10000},""time"":1729913705893},{""box"":{""left"":6399,""right"":8091,""top"":7781,""bottom"":10000},""time"":1729913705990},{""box"":{""left"":6399,""right"":8091,""top"":7781,""bottom"":10000},""time"":1729913706048},{""box"":{""left"":6399,""right"":8091,""top"":7781,""bottom"":10000},""time"":1729913706097},{""box"":{""left"":6399,""right"":8091,""top"":7781,""bottom"":10000},""time"":1729913706147},{""box"":{""left"":6399,""right"":8091,""top"":7781,""bottom"":10000},""time"":1729913706217},{""box"":{""left"":6399,""right"":8091,""top"":7781,""bottom"":10000},""time"":1729913706266},{""box"":{""left"":6399,""right"":8091,""top"":7781,""bottom"":10000},""time"":1729913706325},{""box"":{""left"":6399,""right"":8091,""top"":7781,""bottom"":10000},""time"":1729913706373},{""box"":{""left"":6399,""right"":8091,""top"":7781,""bottom"":10000},""time"":1729913706433},{""box"":{""left"":6399,""right"":8091,""top"":7781,""bottom"":10000},""time"":1729913706494},{""box"":{""left"":6399,""right"":8091,""top"":7781,""bottom"":10000},""time"":1729913706545},{""box"":{""left"":6399,""right"":8091,""top"":7781,""bottom"":10000},""time"":1729913706607},{""box"":{""left"":6399,""right"":8091,""top"":7781,""bottom"":10000},""time"":1729913706658},{""box"":{""left"":6399,""right"":8091,""top"":7781,""bottom"":10000},""time"":1729913706719},{""box"":{""left"":6399,""right"":8091,""top"":7781,""bottom"":10000},""time"":1729913706771},{""box"":{""left"":6399,""right"":8091,""top"":7781,""bottom"":10000},""time"":1729913706947},{""box"":{""left"":6399,""right"":8091,""top"":7781,""bottom"":10000},""time"":1729913707008},{""box"":{""left"":6399,""right"":8091,""top"":7781,""bottom"":10000},""time"":1729913707071},{""box"":{""left"":6399,""right"":8091,""top"":7781,""bottom"":10000},""time"":1729913707132},{""box"":{""left"":6399,""right"":8091,""top"":7781,""bottom"":10000},""time"":1729913707191},{""box"":{""left"":6399,""right"":8091,""top"":7781,""bottom"":10000},""time"":1729913707249},{""box"":{""left"":6399,""right"":8091,""top"":7781,""bottom"":10000},""time"":1729913707298},{""box"":{""left"":6399,""right"":8091,""top"":7781,""bottom"":10000},""time"":1729913707356},{""box"":{""left"":6399,""right"":8091,""top"":7781,""bottom"":10000},""time"":1729913707414},{""box"":{""left"":6399,""right"":8091,""top"":7781,""bottom"":10000},""time"":1729913707473},{""box"":{""left"":6399,""right"":8091,""top"":7781,""bottom"":10000},""time"":1729913707536},{""box"":{""left"":6399,""right"":8091,""top"":7781,""bottom"":10000},""time"":1729913707585},{""box"":{""left"":6399,""right"":8091,""top"":7781,""bottom"":10000},""time"":1729913707634},{""box"":{""left"":6399,""right"":8091,""top"":7781,""bottom"":10000},""time"":1729913707687},{""box"":{""left"":6399,""right"":8091,""top"":7781,""bottom"":10000},""time"":1729913707740},{""box"":{""left"":6399,""right"":8091,""top"":7781,""bottom"":10000},""time"":1729913707813},{""box"":{""left"":6399,""right"":8091,""top"":7781,""bottom"":10000},""time"":1729913707873},{""box"":{""left"":6399,""right"":8091,""top"":7781,""bottom"":10000},""time"":1729913707922},{""box"":{""left"":6399,""right"":8091,""top"":7781,""bottom"":10000},""time"":1729913707975},{""box"":{""left"":6399,""right"":8091,""top"":7781,""bottom"":10000},""time"":1729913708048},{""box"":{""left"":6399,""right"":8091,""top"":7781,""bottom"":10000},""time"":1729913708097},{""box"":{""left"":6399,""right"":8091,""top"":7781,""bottom"":10000},""time"":1729913708149},{""box"":{""left"":6399,""right"":8091,""top"":7781,""bottom"":10000},""time"":1729913708210},{""box"":{""left"":6399,""right"":8091,""top"":7781,""bottom"":10000},""time"":1729913708264},{""box"":{""left"":6399,""right"":8091,""top"":7781,""bottom"":10000},""time"":1729913708335},{""box"":{""left"":6399,""right"":8091,""top"":7781,""bottom"":10000},""time"":1729913708387},{""box"":{""left"":6399,""right"":8091,""top"":7781,""bottom"":10000},""time"":1729913708489},{""box"":{""left"":6399,""right"":8091,""top"":7781,""bottom"":10000},""time"":1729913708552},{""box"":{""left"":6399,""right"":8091,""top"":7781,""bottom"":10000},""time"":1729913708614},{""box"":{""left"":6399,""right"":8091,""top"":7781,""bottom"":10000},""time"":1729913708657},{""box"":{""left"":6399,""right"":8091,""top"":7781,""bottom"":10000},""time"":1729913708728},{""box"":{""left"":6399,""right"":8091,""top"":7781,""bottom"":10000},""time"":1729913708770},{""box"":{""left"":6399,""right"":8091,""top"":7781,""bottom"":10000},""time"":1729913708831},{""box"":{""left"":6399,""right"":8091,""top"":7781,""bottom"":10000},""time"":1729913708884},{""box"":{""left"":6399,""right"":8091,""top"":7781,""bottom"":10000},""time"":1729913708934},{""box"":{""left"":6399,""right"":8091,""top"":7781,""bottom"":10000},""time"":1729913708996},{""box"":{""left"":6399,""right"":8091,""top"":7781,""bottom"":10000},""time"":1729913709118},{""box"":{""left"":6399,""right"":8091,""top"":7781,""bottom"":10000},""time"":1729913709170},{""box"":{""left"":6399,""right"":8091,""top"":7781,""bottom"":10000},""time"":1729913709231},{""box"":{""left"":6399,""right"":8091,""top"":7781,""bottom"":10000},""time"":1729913709405},{""box"":{""left"":6399,""right"":8091,""top"":7781,""bottom"":10000},""time"":1729913709456},{""box"":{""left"":6399,""right"":8091,""top"":7781,""bottom"":10000},""time"":1729913709510},{""box"":{""left"":6399,""right"":8091,""top"":7781,""bottom"":10000},""time"":1729913709569},{""box"":{""left"":6399,""right"":8091,""top"":7781,""bottom"":10000},""time"":1729913709630},{""box"":{""left"":6399,""right"":8091,""top"":7781,""bottom"":10000},""time"":1729913709692},{""box"":{""left"":6399,""right"":8091,""top"":7781,""bottom"":10000},""time"":1729913709733},{""box"":{""left"":6399,""right"":8091,""top"":7781,""bottom"":10000},""time"":1729913709796},{""box"":{""left"":6399,""right"":8091,""top"":7781,""bottom"":10000},""time"":1729913709856},{""box"":{""left"":6399,""right"":8091,""top"":7781,""bottom"":10000},""time"":1729913709917},{""box"":{""left"":6399,""right"":8091,""top"":7781,""bottom"":10000},""time"":1729913709958},{""box"":{""left"":6399,""right"":8091,""top"":7781,""bottom"":10000},""time"":1729913710029},{""box"":{""left"":6399,""right"":8091,""top"":7781,""bottom"":10000},""time"":1729913710141},{""box"":{""left"":6399,""right"":8091,""top"":7781,""bottom"":10000},""time"":1729913710203},{""box"":{""left"":6399,""right"":8091,""top"":7781,""bottom"":10000},""time"":1729913710255},{""box"":{""left"":6399,""right"":8091,""top"":7781,""bottom"":10000},""time"":1729913710318},{""box"":{""left"":6399,""right"":8091,""top"":7781,""bottom"":10000},""time"":1729913710368},{""box"":{""left"":6399,""right"":8091,""top"":7781,""bottom"":10000},""time"":1729913710431},{""box"":{""left"":6399,""right"":8091,""top"":7781,""bottom"":10000},""time"":1729913710492},{""box"":{""left"":6399,""right"":8091,""top"":7781,""bottom"":10000},""time"":1729913710534},{""box"":{""left"":6399,""right"":8091,""top"":7781,""bottom"":10000},""time"":1729913710605},{""box"":{""left"":6399,""right"":8091,""top"":7781,""bottom"":10000},""time"":1729913710655},{""box"":{""left"":6399,""right"":8091,""top"":7781,""bottom"":10000},""time"":1729913710707},{""box"":{""left"":6399,""right"":8091,""top"":7781,""bottom"":10000},""time"":1729913710757},{""box"":{""left"":6399,""right"":8091,""top"":7781,""bottom"":10000},""time"":1729913710831},{""box"":{""left"":6399,""right"":8091,""top"":7781,""bottom"":10000},""time"":1729913710934},{""box"":{""left"":6399,""right"":8091,""top"":7781,""bottom"":10000},""time"":1729913710987},{""box"":{""left"":6399,""right"":8091,""top"":7781,""bottom"":10000},""time"":1729913711089},{""box"":{""left"":6399,""right"":8091,""top"":7781,""bottom"":10000},""time"":1729913711108},{""box"":{""left"":6399,""right"":8091,""top"":7781,""bottom"":10000},""time"":1729913711306},{""box"":{""left"":6399,""right"":8091,""top"":7781,""bottom"":10000},""time"":1729913711336},{""box"":{""left"":6399,""right"":8091,""top"":7781,""bottom"":10000},""time"":1729913711367},{""box"":{""left"":6399,""right"":8091,""top"":7781,""bottom"":10000},""time"":1729913711397},{""box"":{""left"":6399,""right"":8091,""top"":7781,""bottom"":10000},""time"":1729913711419},{""box"":{""left"":6399,""right"":8091,""top"":7781,""bottom"":10000},""time"":1729913711450},{""box"":{""left"":6399,""right"":8091,""top"":7781,""bottom"":10000},""time"":1729913711481},{""box"":{""left"":6399,""right"":8091,""top"":7781,""bottom"":10000},""time"":1729913711511},{""box"":{""left"":6399,""right"":8091,""top"":7781,""bottom"":10000},""time"":1729913711543},{""box"":{""left"":6399,""right"":8091,""top"":7781,""bottom"":10000},""time"":1729913711573},{""box"":{""left"":6399,""right"":8091,""top"":7781,""bottom"":10000},""time"":1729913711594},{""box"":{""left"":6399,""right"":8091,""top"":7781,""bottom"":10000},""time"":1729913711624},{""box"":{""left"":6399,""right"":8091,""top"":7781,""bottom"":10000},""time"":1729913711658},{""box"":{""left"":6399,""right"":8091,""top"":7781,""bottom"":10000},""time"":1729913711688},{""box"":{""left"":6399,""right"":8091,""top"":7781,""bottom"":10000},""time"":1729913711709},{""box"":{""left"":6399,""right"":8091,""top"":7781,""bottom"":10000},""time"":1729913711739},{""box"":{""left"":6399,""right"":8091,""top"":7781,""bottom"":10000},""time"":1729913711771},{""box"":{""left"":6399,""right"":8091,""top"":7781,""bottom"":10000},""time"":1729913711801},{""box"":{""left"":6399,""right"":8091,""top"":7781,""bottom"":10000},""time"":1729913711828},{""box"":{""left"":6399,""right"":8091,""top"":7781,""bottom"":10000},""time"":1729913711860},{""box"":{""left"":6399,""right"":8091,""top"":7781,""bottom"":10000},""time"":1729913711889},{""box"":{""left"":6399,""right"":8091,""top"":7781,""bottom"":10000},""time"":1729913711919},{""box"":{""left"":6399,""right"":8091,""top"":7781,""bottom"":10000},""time"":1729913711999},{""box"":{""left"":6399,""right"":8091,""top"":7781,""bottom"":10000},""time"":1729913712028},{""box"":{""left"":6399,""right"":8091,""top"":7781,""bottom"":10000},""time"":1729913712083},{""box"":{""left"":6399,""right"":8091,""top"":7781,""bottom"":10000},""time"":1729913712104},{""box"":{""left"":6399,""right"":8091,""top"":7781,""bottom"":10000},""time"":1729913712134},{""box"":{""left"":6399,""right"":8091,""top"":7781,""bottom"":10000},""time"":1729913712175},{""box"":{""left"":6399,""right"":8091,""top"":7781,""bottom"":10000},""time"":1729913712215},{""box"":{""left"":6399,""right"":8091,""top"":7781,""bottom"":10000},""time"":1729913712236},{""box"":{""left"":6399,""right"":8091,""top"":7781,""bottom"":10000},""time"":1729913712266},{""box"":{""left"":6399,""right"":8091,""top"":7781,""bottom"":10000},""time"":1729913712288},{""box"":{""left"":6399,""right"":8091,""top"":7781,""bottom"":10000},""time"":1729913712328},{""box"":{""left"":6399,""right"":8091,""top"":7781,""bottom"":10000},""time"":1729913712358},{""box"":{""left"":6399,""right"":8091,""top"":7781,""bottom"":10000},""time"":1729913712397},{""box"":{""left"":6399,""right"":8091,""top"":7781,""bottom"":10000},""time"":1729913712428},{""box"":{""left"":6399,""right"":8091,""top"":7781,""bottom"":10000},""time"":1729913712526},{""box"":{""left"":6399,""right"":8091,""top"":7781,""bottom"":10000},""time"":1729913712556},{""box"":{""left"":6399,""right"":8091,""top"":7781,""bottom"":10000},""time"":1729913712630},{""box"":{""left"":6399,""right"":8091,""top"":7781,""bottom"":10000},""time"":1729913712670},{""box"":{""left"":6399,""right"":8091,""top"":7781,""bottom"":10000},""time"":1729913712690},{""box"":{""left"":6399,""right"":8091,""top"":7781,""bottom"":10000},""time"":1729913712720},{""box"":{""left"":6399,""right"":8091,""top"":7781,""bottom"":10000},""time"":1729913712734},{""box"":{""left"":6399,""right"":8091,""top"":7781,""bottom"":10000},""time"":1729913712775},{""box"":{""left"":6399,""right"":8091,""top"":7781,""bottom"":10000},""time"":1729913712825},{""box"":{""left"":6399,""right"":8091,""top"":7781,""bottom"":10000},""time"":1729913712868},{""box"":{""left"":6399,""right"":8091,""top"":7781,""bottom"":10000},""time"":1729913712898},{""box"":{""left"":6399,""right"":8091,""top"":7781,""bottom"":10000},""time"":1729913712959},{""box"":{""left"":6399,""right"":8091,""top"":7781,""bottom"":10000},""time"":1729913713021},{""box"":{""left"":6399,""right"":8091,""top"":7781,""bottom"":10000},""time"":1729913713051},{""box"":{""left"":6399,""right"":8091,""top"":7781,""bottom"":10000},""time"":1729913713081},{""box"":{""left"":6399,""right"":8091,""top"":7781,""bottom"":10000},""time"":1729913713101},{""box"":{""left"":6399,""right"":8091,""top"":7781,""bottom"":10000},""time"":1729913713133},{""box"":{""left"":6399,""right"":8091,""top"":7781,""bottom"":10000},""time"":1729913713196},{""box"":{""left"":6399,""right"":8091,""top"":7781,""bottom"":10000},""time"":1729913713216},{""box"":{""left"":6399,""right"":8091,""top"":7781,""bottom"":10000},""time"":1729913713269},{""box"":{""left"":6399,""right"":8091,""top"":7781,""bottom"":10000},""time"":1729913713331},{""box"":{""left"":6399,""right"":8091,""top"":7781,""bottom"":10000},""time"":1729913713363},{""box"":{""left"":6399,""right"":8091,""top"":7781,""bottom"":10000},""time"":1729913713394},{""box"":{""left"":6399,""right"":8091,""top"":7781,""bottom"":10000},""time"":1729913713424},{""box"":{""left"":6399,""right"":8091,""top"":7781,""bottom"":10000},""time"":1729913713454},{""box"":{""left"":6399,""right"":8091,""top"":7781,""bottom"":10000},""time"":1729913713476},{""box"":{""left"":6399,""right"":8091,""top"":7781,""bottom"":10000},""time"":1729913713515},{""box"":{""left"":6399,""right"":8091,""top"":7781,""bottom"":10000},""time"":1729913713557},{""box"":{""left"":6399,""right"":8091,""top"":7781,""bottom"":10000},""time"":1729913713589},{""box"":{""left"":6399,""right"":8091,""top"":7781,""bottom"":10000},""time"":1729913713618},{""box"":{""left"":6399,""right"":8091,""top"":7781,""bottom"":10000},""time"":1729913713652},{""box"":{""left"":6399,""right"":8091,""top"":7781,""bottom"":10000},""time"":1729913713681},{""box"":{""left"":6399,""right"":8091,""top"":7781,""bottom"":10000},""time"":1729913713713},{""box"":{""left"":6399,""right"":8091,""top"":7781,""bottom"":10000},""time"":1729913713743},{""box"":{""left"":6399,""right"":8091,""top"":7781,""bottom"":10000},""time"":1729913713767},{""box"":{""left"":6399,""right"":8091,""top"":7781,""bottom"":10000},""time"":1729913713797},{""box"":{""left"":6399,""right"":8091,""top"":7781,""bottom"":10000},""time"":1729913713837},{""box"":{""left"":6399,""right"":8091,""top"":7781,""bottom"":10000},""time"":1729913713867},{""box"":{""left"":6399,""right"":8091,""top"":7781,""bottom"":10000},""time"":1729913713880},{""box"":{""left"":6399,""right"":8091,""top"":7781,""bottom"":10000},""time"":1729913713909},{""box"":{""left"":6399,""right"":8091,""top"":7781,""bottom"":10000},""time"":1729913713934},{""box"":{""left"":6399,""right"":8091,""top"":7781,""bottom"":10000},""time"":1729913713964},{""box"":{""left"":6399,""right"":8091,""top"":7781,""bottom"":10000},""time"":1729913714013},{""box"":{""left"":6399,""right"":8091,""top"":7781,""bottom"":10000},""time"":1729913714043},{""box"":{""left"":6399,""right"":8091,""top"":7781,""bottom"":10000},""time"":1729913714053},{""box"":{""left"":6399,""right"":8091,""top"":7781,""bottom"":10000},""time"":1729913714083},{""box"":{""left"":6399,""right"":8091,""top"":7781,""bottom"":10000},""time"":1729913714109},{""box"":{""left"":6399,""right"":8091,""top"":7781,""bottom"":10000},""time"":1729913714139},{""box"":{""left"":6399,""right"":8091,""top"":7781,""bottom"":10000},""time"":1729913714266},{""box"":{""left"":6399,""right"":8091,""top"":7781,""bottom"":10000},""time"":1729913714296},{""box"":{""left"":6399,""right"":8091,""top"":7781,""bottom"":10000},""time"":1729913714328},{""box"":{""left"":6399,""right"":8091,""top"":7781,""bottom"":10000},""time"":1729913714358},{""box"":{""left"":6399,""right"":8091,""top"":7781,""bottom"":10000},""time"":1729913714380},{""box"":{""left"":6399,""right"":8091,""top"":7781,""bottom"":10000},""time"":1729913714419},{""box"":{""left"":6399,""right"":8091,""top"":7781,""bottom"":10000},""time"":1729913714442},{""box"":{""left"":6399,""right"":8091,""top"":7781,""bottom"":10000},""time"":1729913714473},{""box"":{""left"":6399,""right"":8091,""top"":7781,""bottom"":10000},""time"":1729913714494},{""box"":{""left"":6399,""right"":8091,""top"":7781,""bottom"":10000},""time"":1729913714524},{""box"":{""left"":6399,""right"":8091,""top"":7781,""bottom"":10000},""time"":1729913714556},{""box"":{""left"":6399,""right"":8091,""top"":7781,""bottom"":10000},""time"":1729913714586},{""box"":{""left"":6399,""right"":8091,""top"":7781,""bottom"":10000},""time"":1729913714607},{""box"":{""left"":6399,""right"":8091,""top"":7781,""bottom"":10000},""time"":1729913714637},{""box"":{""left"":6399,""right"":8091,""top"":7781,""bottom"":10000},""time"":1729913714668},{""box"":{""left"":6399,""right"":8091,""top"":7781,""bottom"":10000},""time"":1729913714698},{""box"":{""left"":6399,""right"":8091,""top"":7781,""bottom"":10000},""time"":1729913714730},{""box"":{""left"":6399,""right"":8091,""top"":7781,""bottom"":10000},""time"":1729913714759},{""box"":{""left"":6399,""right"":8091,""top"":7781,""bottom"":10000},""time"":1729913714792},{""box"":{""left"":6399,""right"":8091,""top"":7781,""bottom"":10000},""time"":1729913714831},{""box"":{""left"":6399,""right"":8091,""top"":7781,""bottom"":10000},""time"":1729913714899},{""box"":{""left"":6399,""right"":8091,""top"":7781,""bottom"":10000},""time"":1729913714929},{""box"":{""left"":6399,""right"":8091,""top"":7781,""bottom"":10000},""time"":1729913714958},{""box"":{""left"":6399,""right"":8091,""top"":7781,""bottom"":10000},""time"":1729913714999},{""box"":{""left"":6399,""right"":8091,""top"":7781,""bottom"":10000},""time"":1729913715029},{""box"":{""left"":6399,""right"":8091,""top"":7781,""bottom"":10000},""time"":1729913715058},{""box"":{""left"":6399,""right"":8091,""top"":7781,""bottom"":10000},""time"":1729913715127},{""box"":{""left"":6399,""right"":8091,""top"":7781,""bottom"":10000},""time"":1729913715196},{""box"":{""left"":6399,""right"":8091,""top"":7781,""bottom"":10000},""time"":1729913715236},{""box"":{""left"":6399,""right"":8091,""top"":7781,""bottom"":10000},""time"":1729913715265},{""box"":{""left"":6399,""right"":8091,""top"":7781,""bottom"":10000},""time"":1729913715324},{""box"":{""left"":6399,""right"":8091,""top"":7781,""bottom"":10000},""time"":1729913715353},{""box"":{""left"":6399,""right"":8091,""top"":7781,""bottom"":10000},""time"":1729913715393},{""box"":{""left"":6399,""right"":8091,""top"":7781,""bottom"":10000},""time"":1729913715422},{""box"":{""left"":6399,""right"":8091,""top"":7781,""bottom"":10000},""time"":1729913715442},{""box"":{""left"":6399,""right"":8091,""top"":7781,""bottom"":10000},""time"":1729913715482},{""box"":{""left"":6399,""right"":8091,""top"":7781,""bottom"":10000},""time"":1729913715511},{""box"":{""left"":6399,""right"":8091,""top"":7781,""bottom"":10000},""time"":1729913715550},{""box"":{""left"":6399,""right"":8091,""top"":7781,""bottom"":10000},""time"":1729913715580},{""box"":{""left"":6399,""right"":8091,""top"":7781,""bottom"":10000},""time"":1729913715619},{""box"":{""left"":6399,""right"":8091,""top"":7781,""bottom"":10000},""time"":1729913715648},{""box"":{""left"":6399,""right"":8091,""top"":7781,""bottom"":10000},""time"":1729913715687},{""box"":{""left"":6399,""right"":8091,""top"":7781,""bottom"":10000},""time"":1729913715727},{""box"":{""left"":6399,""right"":8091,""top"":7781,""bottom"":10000},""time"":1729913715786},{""box"":{""left"":6399,""right"":8091,""top"":7781,""bottom"":10000},""time"":1729913715825},{""box"":{""left"":6399,""right"":8091,""top"":7781,""bottom"":10000},""time"":1729913715835},{""box"":{""left"":6399,""right"":8091,""top"":7781,""bottom"":10000},""time"":1729913715864},{""box"":{""left"":6399,""right"":8091,""top"":7781,""bottom"":10000},""time"":1729913715894},{""box"":{""left"":6399,""right"":8091,""top"":7781,""bottom"":10000},""time"":1729913715974},{""box"":{""left"":6399,""right"":8091,""top"":7781,""bottom"":10000},""time"":1729913716004},{""box"":{""left"":6399,""right"":8091,""top"":7781,""bottom"":10000},""time"":1729913716035},{""box"":{""left"":6399,""right"":8091,""top"":7781,""bottom"":10000},""time"":1729913716074},{""box"":{""left"":6399,""right"":8091,""top"":7781,""bottom"":10000},""time"":1729913716113},{""box"":{""left"":6399,""right"":8091,""top"":7781,""bottom"":10000},""time"":1729913716168},{""box"":{""left"":6399,""right"":8091,""top"":7781,""bottom"":10000},""time"":1729913716293},{""box"":{""left"":6399,""right"":8091,""top"":7781,""bottom"":10000},""time"":1729913716328},{""box"":{""left"":6399,""right"":8091,""top"":7781,""bottom"":10000},""time"":1729913716360},{""box"":{""left"":6399,""right"":8091,""top"":7781,""bottom"":10000},""time"":1729913716388},{""box"":{""left"":6399,""right"":8091,""top"":7781,""bottom"":10000},""time"":1729913716417},{""box"":{""left"":6399,""right"":8091,""top"":7781,""bottom"":10000},""time"":1729913716442},{""box"":{""left"":6399,""right"":8091,""top"":7781,""bottom"":10000},""time"":1729913716471},{""box"":{""left"":6399,""right"":8091,""top"":7781,""bottom"":10000},""time"":1729913716513},{""box"":{""left"":6399,""right"":8091,""top"":7781,""bottom"":10000},""time"":1729913716542},{""box"":{""left"":6399,""right"":8091,""top"":7781,""bottom"":10000},""time"":1729913716581},{""box"":{""left"":6399,""right"":8091,""top"":7781,""bottom"":10000},""time"":1729913716637},{""box"":{""left"":6399,""right"":8091,""top"":7781,""bottom"":10000},""time"":1729913716667},{""box"":{""left"":6399,""right"":8091,""top"":7781,""bottom"":10000},""time"":1729913716697},{""box"":{""left"":6399,""right"":8091,""top"":7781,""bottom"":10000},""time"":1729913716728},{""box"":{""left"":6399,""right"":8091,""top"":7781,""bottom"":10000},""time"":1729913716738},{""box"":{""left"":6399,""right"":8091,""top"":7781,""bottom"":10000},""time"":1729913716789},{""box"":{""left"":6399,""right"":8091,""top"":7781,""bottom"":10000},""time"":1729913716840},{""box"":{""left"":6399,""right"":8091,""top"":7781,""bottom"":10000},""time"":1729913716892},{""box"":{""left"":6399,""right"":8091,""top"":7781,""bottom"":10000},""time"":1729913716902},{""box"":{""left"":6399,""right"":8091,""top"":7781,""bottom"":10000},""time"":1729913716972},{""box"":{""left"":6399,""right"":8091,""top"":7781,""bottom"":10000},""time"":1729913717075},{""box"":{""left"":6399,""right"":8091,""top"":7781,""bottom"":10000},""time"":1729913717105},{""box"":{""left"":6399,""right"":8091,""top"":7781,""bottom"":10000},""time"":1729913717128},{""box"":{""left"":6399,""right"":8091,""top"":7781,""bottom"":10000},""time"":1729913717138},{""box"":{""left"":6399,""right"":8091,""top"":7781,""bottom"":10000},""time"":1729913717179},{""box"":{""left"":6399,""right"":8091,""top"":7781,""bottom"":10000},""time"":1729913717189},{""box"":{""left"":6399,""right"":8091,""top"":7781,""bottom"":10000},""time"":1729913717240},{""box"":{""left"":6399,""right"":8091,""top"":7781,""bottom"":10000},""time"":1729913717293},{""box"":{""left"":6399,""right"":8091,""top"":7781,""bottom"":10000},""time"":1729913717303},{""box"":{""left"":6399,""right"":8091,""top"":7781,""bottom"":10000},""time"":1729913717353},{""box"":{""left"":6399,""right"":8091,""top"":7781,""bottom"":10000},""time"":1729913717406},{""box"":{""left"":6399,""right"":8091,""top"":7781,""bottom"":10000},""time"":1729913717421},{""box"":{""left"":6399,""right"":8091,""top"":7781,""bottom"":10000},""time"":1729913717488},{""box"":{""left"":6399,""right"":8091,""top"":7781,""bottom"":10000},""time"":1729913717539},{""box"":{""left"":6399,""right"":8091,""top"":7781,""bottom"":10000},""time"":1729913717579},{""box"":{""left"":6399,""right"":8091,""top"":7781,""bottom"":10000},""time"":1729913717590},{""box"":{""left"":6399,""right"":8091,""top"":7781,""bottom"":10000},""time"":1729913717641},{""box"":{""left"":6399,""right"":8091,""top"":7781,""bottom"":10000},""time"":1729913717660},{""box"":{""left"":6399,""right"":8091,""top"":7781,""bottom"":10000},""time"":1729913717693},{""box"":{""left"":6399,""right"":8091,""top"":7781,""bottom"":10000},""time"":1729913717703},{""box"":{""left"":6399,""right"":8091,""top"":7781,""bottom"":10000},""time"":1729913717754},{""box"":{""left"":6399,""right"":8091,""top"":7781,""bottom"":10000},""time"":1729913717806},{""box"":{""left"":6399,""right"":8091,""top"":7781,""bottom"":10000},""time"":1729913717868},{""box"":{""left"":6399,""right"":8091,""top"":7781,""bottom"":10000},""time"":1729913717920},{""box"":{""left"":6399,""right"":8091,""top"":7781,""bottom"":10000},""time"":1729913717930},{""box"":{""left"":6399,""right"":8091,""top"":7781,""bottom"":10000},""time"":1729913717982},{""box"":{""left"":6399,""right"":8091,""top"":7781,""bottom"":10000},""time"":1729913717992},{""box"":{""left"":6399,""right"":8091,""top"":7781,""bottom"":10000},""time"":1729913718034},{""box"":{""left"":6399,""right"":8091,""top"":7781,""bottom"":10000},""time"":1729913718095},{""box"":{""left"":6399,""right"":8091,""top"":7781,""bottom"":10000},""time"":1729913718145},{""box"":{""left"":6399,""right"":8091,""top"":7781,""bottom"":10000},""time"":1729913718209},{""box"":{""left"":6399,""right"":8091,""top"":7781,""bottom"":10000},""time"":1729913718261},{""box"":{""left"":6399,""right"":8091,""top"":7781,""bottom"":10000},""time"":1729913718312},{""box"":{""left"":6399,""right"":8091,""top"":7781,""bottom"":10000},""time"":1729913718322},{""box"":{""left"":6399,""right"":8091,""top"":7781,""bottom"":10000},""time"":1729913718374},{""box"":{""left"":6399,""right"":8091,""top"":7781,""bottom"":10000},""time"":1729913718425},{""box"":{""left"":6399,""right"":8091,""top"":7781,""bottom"":10000},""time"":1729913718488},{""box"":{""left"":6399,""right"":8091,""top"":7781,""bottom"":10000},""time"":1729913718498},{""box"":{""left"":6399,""right"":8091,""top"":7781,""bottom"":10000},""time"":1729913718549},{""box"":{""left"":6399,""right"":8091,""top"":7781,""bottom"":10000},""time"":1729913718603},{""box"":{""left"":6399,""right"":8091,""top"":7781,""bottom"":10000},""time"":1729913718664},{""box"":{""left"":6399,""right"":8091,""top"":7781,""bottom"":10000},""time"":1729913718715},{""box"":{""left"":6399,""right"":8091,""top"":7781,""bottom"":10000},""time"":1729913718776},{""box"":{""left"":6399,""right"":8091,""top"":7781,""bottom"":10000},""time"":1729913718827},{""box"":{""left"":6399,""right"":8091,""top"":7781,""bottom"":10000},""time"":1729913718900},{""box"":{""left"":6399,""right"":8091,""top"":7781,""bottom"":10000},""time"":1729913718951},{""box"":{""left"":6399,""right"":8091,""top"":7781,""bottom"":10000},""time"":1729913719004},{""box"":{""left"":6399,""right"":8091,""top"":7781,""bottom"":10000},""time"":1729913719015},{""box"":{""left"":6399,""right"":8091,""top"":7781,""bottom"":10000},""time"":1729913719066},{""box"":{""left"":6399,""right"":8091,""top"":7781,""bottom"":10000},""time"":1729913719117},{""box"":{""left"":6399,""right"":8091,""top"":7781,""bottom"":10000},""time"":1729913719137},{""box"":{""left"":6399,""right"":8091,""top"":7781,""bottom"":10000},""time"":1729913719168},{""box"":{""left"":6399,""right"":8091,""top"":7781,""bottom"":10000},""time"":1729913719179},{""box"":{""left"":6399,""right"":8091,""top"":7781,""bottom"":10000},""time"":1729913719240},{""box"":{""left"":6399,""right"":8091,""top"":7781,""bottom"":10000},""time"":1729913719283},{""box"":{""left"":6399,""right"":8091,""top"":7781,""bottom"":10000},""time"":1729913719345},{""box"":{""left"":6399,""right"":8091,""top"":7781,""bottom"":10000},""time"":1729913719397},{""box"":{""left"":6399,""right"":8091,""top"":7781,""bottom"":10000},""time"":1729913719408},{""box"":{""left"":6399,""right"":8091,""top"":7781,""bottom"":10000},""time"":1729913719459},{""box"":{""left"":6399,""right"":8091,""top"":7781,""bottom"":10000},""time"":1729913719511},{""box"":{""left"":6399,""right"":8091,""top"":7781,""bottom"":10000},""time"":1729913719573},{""box"":{""left"":6399,""right"":8091,""top"":7781,""bottom"":10000},""time"":1729913719634},{""box"":{""left"":6399,""right"":8091,""top"":7781,""bottom"":10000},""time"":1729913719687},{""box"":{""left"":6399,""right"":8091,""top"":7781,""bottom"":10000},""time"":1729913719708},{""box"":{""left"":6399,""right"":8091,""top"":7781,""bottom"":10000},""time"":1729913719747},{""box"":{""left"":6399,""right"":8091,""top"":7781,""bottom"":10000},""time"":1729913719800},{""box"":{""left"":6399,""right"":8091,""top"":7781,""bottom"":10000},""time"":1729913719812},{""box"":{""left"":6399,""right"":8091,""top"":7781,""bottom"":10000},""time"":1729913719862},{""box"":{""left"":6399,""right"":8091,""top"":7781,""bottom"":10000},""time"":1729913719914},{""box"":{""left"":6399,""right"":8091,""top"":7781,""bottom"":10000},""time"":1729913719966},{""box"":{""left"":6399,""right"":8091,""top"":7781,""bottom"":10000},""time"":1729913720036},{""box"":{""left"":6399,""right"":8091,""top"":7781,""bottom"":10000},""time"":1729913720087},{""box"":{""left"":6399,""right"":8091,""top"":7781,""bottom"":10000},""time"":1729913720107},{""box"":{""left"":6399,""right"":8091,""top"":7781,""bottom"":10000},""time"":1729913720147},{""box"":{""left"":6399,""right"":8091,""top"":7781,""bottom"":10000},""time"":1729913720201},{""box"":{""left"":6399,""right"":8091,""top"":7781,""bottom"":10000},""time"":1729913720262},{""box"":{""left"":6399,""right"":8091,""top"":7781,""bottom"":10000},""time"":1729913720324},{""box"":{""left"":6399,""right"":8091,""top"":7781,""bottom"":10000},""time"":1729913720375},{""box"":{""left"":6399,""right"":8091,""top"":7781,""bottom"":10000},""time"":1729913720426},{""box"":{""left"":6399,""right"":8091,""top"":7781,""bottom"":10000},""time"":1729913720487},{""box"":{""left"":6399,""right"":8091,""top"":7781,""bottom"":10000},""time"":1729913720538},{""box"":{""left"":6399,""right"":8091,""top"":7781,""bottom"":10000},""time"":1729913720600},{""box"":{""left"":6399,""right"":8091,""top"":7781,""bottom"":10000},""time"":1729913720653},{""box"":{""left"":6399,""right"":8091,""top"":7781,""bottom"":10000},""time"":1729913720714},{""box"":{""left"":6399,""right"":8091,""top"":7781,""bottom"":10000},""time"":1729913720725},{""box"":{""left"":6399,""right"":8091,""top"":7781,""bottom"":10000},""time"":1729913720768},{""box"":{""left"":6399,""right"":8091,""top"":7781,""bottom"":10000},""time"":1729913720779},{""box"":{""left"":6399,""right"":8091,""top"":7781,""bottom"":10000},""time"":1729913720829},{""box"":{""left"":6399,""right"":8091,""top"":7781,""bottom"":10000},""time"":1729913720849},{""box"":{""left"":6399,""right"":8091,""top"":7781,""bottom"":10000},""time"":1729913720898},{""box"":{""left"":6399,""right"":8091,""top"":7781,""bottom"":10000},""time"":1729913720908},{""box"":{""left"":6399,""right"":8091,""top"":7781,""bottom"":10000},""time"":1729913720957},{""box"":{""left"":6399,""right"":8091,""top"":7781,""bottom"":10000},""time"":1729913720968},{""box"":{""left"":6399,""right"":8091,""top"":7781,""bottom"":10000},""time"":1729913721017},{""box"":{""left"":6399,""right"":8091,""top"":7781,""bottom"":10000},""time"":1729913721037},{""box"":{""left"":6399,""right"":8091,""top"":7781,""bottom"":10000},""time"":1729913721086},{""box"":{""left"":6399,""right"":8091,""top"":7781,""bottom"":10000},""time"":1729913721096},{""box"":{""left"":6399,""right"":8091,""top"":7781,""bottom"":10000},""time"":1729913721194},{""box"":{""left"":6399,""right"":8091,""top"":7781,""bottom"":10000},""time"":1729913721204},{""box"":{""left"":6399,""right"":8091,""top"":7781,""bottom"":10000},""time"":1729913721254},{""box"":{""left"":6399,""right"":8091,""top"":7781,""bottom"":10000},""time"":1729913721264},{""box"":{""left"":6399,""right"":8091,""top"":7781,""bottom"":10000},""time"":1729913721313},{""box"":{""left"":6399,""right"":8091,""top"":7781,""bottom"":10000},""time"":1729913721323},{""box"":{""left"":6399,""right"":8091,""top"":7781,""bottom"":10000},""time"":1729913721372},{""box"":{""left"":6399,""right"":8091,""top"":7781,""bottom"":10000},""time"":1729913721382},{""box"":{""left"":6399,""right"":8091,""top"":7781,""bottom"":10000},""time"":1729913721432},{""box"":{""left"":6399,""right"":8091,""top"":7781,""bottom"":10000},""time"":1729913721442},{""box"":{""left"":6399,""right"":8091,""top"":7781,""bottom"":10000},""time"":1729913721491},{""box"":{""left"":6399,""right"":8091,""top"":7781,""bottom"":10000},""time"":1729913721501},{""box"":{""left"":6399,""right"":8091,""top"":7781,""bottom"":10000},""time"":1729913721550},{""box"":{""left"":6399,""right"":8091,""top"":7781,""bottom"":10000},""time"":1729913721572},{""box"":{""left"":6399,""right"":8091,""top"":7781,""bottom"":10000},""time"":1729913721592},{""box"":{""left"":6399,""right"":8091,""top"":7781,""bottom"":10000},""time"":1729913721641},{""box"":{""left"":6399,""right"":8091,""top"":7781,""bottom"":10000},""time"":1729913721675},{""box"":{""left"":6399,""right"":8091,""top"":7781,""bottom"":10000},""time"":1729913721738},{""box"":{""left"":6399,""right"":8091,""top"":7781,""bottom"":10000},""time"":1729913721748},{""box"":{""left"":6399,""right"":8091,""top"":7781,""bottom"":10000},""time"":1729913721799},{""box"":{""left"":6399,""right"":8091,""top"":7781,""bottom"":10000},""time"":1729913721911},{""box"":{""left"":6399,""right"":8091,""top"":7781,""bottom"":10000},""time"":1729913721965},{""box"":{""left"":6399,""right"":8091,""top"":7781,""bottom"":10000},""time"":1729913721976},{""box"":{""left"":6399,""right"":8091,""top"":7781,""bottom"":10000},""time"":1729913722027},{""box"":{""left"":6399,""right"":8091,""top"":7781,""bottom"":10000},""time"":1729913722089},{""box"":{""left"":6399,""right"":8091,""top"":7781,""bottom"":10000},""time"":1729913722138},{""box"":{""left"":6399,""right"":8091,""top"":7781,""bottom"":10000},""time"":1729913722149},{""box"":{""left"":6399,""right"":8091,""top"":7781,""bottom"":10000},""time"":1729913722198},{""box"":{""left"":6399,""right"":8091,""top"":7781,""bottom"":10000},""time"":1729913722248},{""box"":{""left"":6399,""right"":8091,""top"":7781,""bottom"":10000},""time"":1729913722258},{""box"":{""left"":6399,""right"":8091,""top"":7781,""bottom"":10000},""time"":1729913722308},{""box"":{""left"":6399,""right"":8091,""top"":7781,""bottom"":10000},""time"":1729913722359},{""box"":{""left"":6399,""right"":8091,""top"":7781,""bottom"":10000},""time"":1729913722379},{""box"":{""left"":6399,""right"":8091,""top"":7781,""bottom"":10000},""time"":1729913722429},{""box"":{""left"":6399,""right"":8091,""top"":7781,""bottom"":10000},""time"":1729913722439},{""box"":{""left"":6399,""right"":8091,""top"":7781,""bottom"":10000},""time"":1729913722487},{""box"":{""left"":6399,""right"":8091,""top"":7781,""bottom"":10000},""time"":1729913722498},{""box"":{""left"":6399,""right"":8091,""top"":7781,""bottom"":10000},""time"":1729913722547},{""box"":{""left"":6399,""right"":8091,""top"":7781,""bottom"":10000},""time"":1729913722557},{""box"":{""left"":6399,""right"":8091,""top"":7781,""bottom"":10000},""time"":1729913722606},{""box"":{""left"":6399,""right"":8091,""top"":7781,""bottom"":10000},""time"":1729913722649},{""box"":{""left"":6399,""right"":8091,""top"":7781,""bottom"":10000},""time"":1729913722700},{""box"":{""left"":6399,""right"":8091,""top"":7781,""bottom"":10000},""time"":1729913722762},{""box"":{""left"":6399,""right"":8091,""top"":7781,""bottom"":10000},""time"":1729913722813},{""box"":{""left"":6399,""right"":8091,""top"":7781,""bottom"":10000},""time"":1729913722874},{""box"":{""left"":6399,""right"":8091,""top"":7781,""bottom"":10000},""time"":1729913722936},{""box"":{""left"":6399,""right"":8091,""top"":7781,""bottom"":10000},""time"":1729913722987},{""box"":{""left"":6399,""right"":8091,""top"":7781,""bottom"":10000},""time"":1729913723058},{""box"":{""left"":6399,""right"":8091,""top"":7781,""bottom"":10000},""time"":1729913723107},{""box"":{""left"":6399,""right"":8091,""top"":7781,""bottom"":10000},""time"":1729913723128},{""box"":{""left"":6399,""right"":8091,""top"":7781,""bottom"":10000},""time"":1729913723176},{""box"":{""left"":6399,""right"":8091,""top"":7781,""bottom"":10000},""time"":1729913723214},{""box"":{""left"":6399,""right"":8091,""top"":7781,""bottom"":10000},""time"":1729913723286},{""box"":{""left"":6399,""right"":8091,""top"":7781,""bottom"":10000},""time"":1729913723329},{""box"":{""left"":6399,""right"":8091,""top"":7781,""bottom"":10000},""time"":1729913723339},{""box"":{""left"":6399,""right"":8091,""top"":7781,""bottom"":10000},""time"":1729913723389},{""box"":{""left"":6399,""right"":8091,""top"":7781,""bottom"":10000},""time"":1729913723443},{""box"":{""left"":6399,""right"":8091,""top"":7781,""bottom"":10000},""time"":1729913723504},{""box"":{""left"":6399,""right"":8091,""top"":7781,""bottom"":10000},""time"":1729913723556},{""box"":{""left"":6399,""right"":8091,""top"":7781,""bottom"":10000},""time"":1729913723618},{""box"":{""left"":6399,""right"":8091,""top"":7781,""bottom"":10000},""time"":1729913723669},{""box"":{""left"":6399,""right"":8091,""top"":7781,""bottom"":10000},""time"":1729913723734},{""box"":{""left"":6399,""right"":8091,""top"":7781,""bottom"":10000},""time"":1729913723794},{""box"":{""left"":6399,""right"":8091,""top"":7781,""bottom"":10000},""time"":1729913723845},{""box"":{""left"":6399,""right"":8091,""top"":7781,""bottom"":10000},""time"":1729913723898},{""box"":{""left"":6399,""right"":8091,""top"":7781,""bottom"":10000},""time"":1729913723958},{""box"":{""left"":6399,""right"":8091,""top"":7781,""bottom"":10000},""time"":1729913724012},{""box"":{""left"":6399,""right"":8091,""top"":7781,""bottom"":10000},""time"":1729913724063},{""box"":{""left"":6399,""right"":8091,""top"":7781,""bottom"":10000},""time"":1729913724135},{""box"":{""left"":6399,""right"":8091,""top"":7781,""bottom"":10000},""time"":1729913724184},{""box"":{""left"":6399,""right"":8091,""top"":7781,""bottom"":10000},""time"":1729913724195},{""box"":{""left"":6399,""right"":8091,""top"":7781,""bottom"":10000},""time"":1729913724244},{""box"":{""left"":6399,""right"":8091,""top"":7781,""bottom"":10000},""time"":1729913724294},{""box"":{""left"":6399,""right"":8091,""top"":7781,""bottom"":10000},""time"":1729913724304},{""box"":{""left"":6399,""right"":8091,""top"":7781,""bottom"":10000},""time"":1729913724353},{""box"":{""left"":6399,""right"":8091,""top"":7781,""bottom"":10000},""time"":1729913724408},{""box"":{""left"":6399,""right"":8091,""top"":7781,""bottom"":10000},""time"":1729913724469},{""box"":{""left"":6399,""right"":8091,""top"":7781,""bottom"":10000},""time"":1729913724644},{""box"":{""left"":6399,""right"":8091,""top"":7781,""bottom"":10000},""time"":1729913724870},{""box"":{""left"":6399,""right"":8091,""top"":7781,""bottom"":10000},""time"":1729913724986},{""box"":{""left"":6399,""right"":8091,""top"":7781,""bottom"":10000},""time"":1729913725047},{""box"":{""left"":6399,""right"":8091,""top"":7781,""bottom"":10000},""time"":1729913725098},{""box"":{""left"":6399,""right"":8091,""top"":7781,""bottom"":10000},""time"":1729913725160},{""box"":{""left"":6399,""right"":8091,""top"":7781,""bottom"":10000},""time"":1729913725221},{""box"":{""left"":6399,""right"":8091,""top"":7781,""bottom"":10000},""time"":1729913725273},{""box"":{""left"":6399,""right"":8091,""top"":7781,""bottom"":10000},""time"":1729913725325},{""box"":{""left"":6399,""right"":8091,""top"":7781,""bottom"":10000},""time"":1729913725385},{""box"":{""left"":6399,""right"":8091,""top"":7781,""bottom"":10000},""time"":1729913725395},{""box"":{""left"":6399,""right"":8091,""top"":7781,""bottom"":10000},""time"":1729913725445},{""box"":{""left"":6399,""right"":8091,""top"":7781,""bottom"":10000},""time"":1729913725455},{""box"":{""left"":6399,""right"":8091,""top"":7781,""bottom"":10000},""time"":1729913725504},{""box"":{""left"":6399,""right"":8091,""top"":7781,""bottom"":10000},""time"":1729913725515},{""box"":{""left"":6399,""right"":8091,""top"":7781,""bottom"":10000},""time"":1729913725564},{""box"":{""left"":6399,""right"":8091,""top"":7781,""bottom"":10000},""time"":1729913725574},{""box"":{""left"":6399,""right"":8091,""top"":7781,""bottom"":10000},""time"":1729913725624},{""box"":{""left"":6399,""right"":8091,""top"":7781,""bottom"":10000},""time"":1729913725634},{""box"":{""left"":6399,""right"":8091,""top"":7781,""bottom"":10000},""time"":1729913725683},{""box"":{""left"":6399,""right"":8091,""top"":7781,""bottom"":10000},""time"":1729913725693},{""box"":{""left"":6399,""right"":8091,""top"":7781,""bottom"":10000},""time"":1729913725743},{""box"":{""left"":6399,""right"":8091,""top"":7781,""bottom"":10000},""time"":1729913725753},{""box"":{""left"":6399,""right"":8091,""top"":7781,""bottom"":10000},""time"":1729913725776},{""box"":{""left"":6399,""right"":8091,""top"":7781,""bottom"":10000},""time"":1729913725786},{""box"":{""left"":6399,""right"":8091,""top"":7781,""bottom"":10000},""time"":1729913725836},{""box"":{""left"":6399,""right"":8091,""top"":7781,""bottom"":10000},""time"":1729913725846},{""box"":{""left"":6399,""right"":8091,""top"":7781,""bottom"":10000},""time"":1729913725895},{""box"":{""left"":6399,""right"":8091,""top"":7781,""bottom"":10000},""time"":1729913725906},{""box"":{""left"":6399,""right"":8091,""top"":7781,""bottom"":10000},""time"":1729913725955},{""box"":{""left"":6399,""right"":8091,""top"":7781,""bottom"":10000},""time"":1729913725965},{""box"":{""left"":6399,""right"":8091,""top"":7781,""bottom"":10000},""time"":1729913726015},{""box"":{""left"":6399,""right"":8091,""top"":7781,""bottom"":10000},""time"":1729913726025},{""box"":{""left"":6399,""right"":8091,""top"":7781,""bottom"":10000},""time"":1729913726074},{""box"":{""left"":6399,""right"":8091,""top"":7781,""bottom"":10000},""time"":1729913726084},{""box"":{""left"":6399,""right"":8091,""top"":7781,""bottom"":10000},""time"":1729913726133},{""box"":{""left"":6399,""right"":8091,""top"":7781,""bottom"":10000},""time"":1729913726153},{""box"":{""left"":6399,""right"":8091,""top"":7781,""bottom"":10000},""time"":1729913726172},{""box"":{""left"":6399,""right"":8091,""top"":7781,""bottom"":10000},""time"":1729913726183},{""box"":{""left"":6399,""right"":8091,""top"":7781,""bottom"":10000},""time"":1729913726232},{""box"":{""left"":6399,""right"":8091,""top"":7781,""bottom"":10000},""time"":1729913726273},{""box"":{""left"":6399,""right"":8091,""top"":7781,""bottom"":10000},""time"":1729913726344},{""box"":{""left"":6399,""right"":8091,""top"":7781,""bottom"":10000},""time"":1729913726395},{""box"":{""left"":6399,""right"":8091,""top"":7781,""bottom"":10000},""time"":1729913726406},{""box"":{""left"":6399,""right"":8091,""top"":7781,""bottom"":10000},""time"":1729913726455},{""box"":{""left"":6399,""right"":8091,""top"":7781,""bottom"":10000},""time"":1729913726466},{""box"":{""left"":6399,""right"":8091,""top"":7781,""bottom"":10000},""time"":1729913726514},{""box"":{""left"":6399,""right"":8091,""top"":7781,""bottom"":10000},""time"":1729913726525},{""box"":{""left"":6399,""right"":8091,""top"":7781,""bottom"":10000},""time"":1729913726573},{""box"":{""left"":6399,""right"":8091,""top"":7781,""bottom"":10000},""time"":1729913726614},{""box"":{""left"":6399,""right"":8091,""top"":7781,""bottom"":10000},""time"":1729913726624},{""box"":{""left"":6399,""right"":8091,""top"":7781,""bottom"":10000},""time"":1729913726674},{""box"":{""left"":6399,""right"":8091,""top"":7781,""bottom"":10000},""time"":1729913726684}",,,,,
57030,Person,2024-10-26 12:35:01,2024-10-26 12:35:08,"{""left"":1914,""right"":2586,""top"":2187,""bottom"":4087},{""box"":{""left"":1914,""right"":2586,""top"":2187,""bottom"":4087},""time"":1729913701636},{""box"":{""left"":1914,""right"":2586,""top"":2187,""bottom"":4087},""time"":1729913701684},{""box"":{""left"":1914,""right"":2586,""top"":2187,""bottom"":4087},""time"":1729913701840},{""box"":{""left"":1914,""right"":2586,""top"":2187,""bottom"":4087},""time"":1729913701962},{""box"":{""left"":1914,""right"":2586,""top"":2187,""bottom"":4087},""time"":1729913702070},{""box"":{""left"":1914,""right"":2586,""top"":2187,""bottom"":4087},""time"":1729913702129},{""box"":{""left"":1914,""right"":2586,""top"":2187,""bottom"":4087},""time"":1729913702312},{""box"":{""left"":1914,""right"":2586,""top"":2187,""bottom"":4087},""time"":1729913702383},{""box"":{""left"":1914,""right"":2586,""top"":2187,""bottom"":4087},""time"":1729913702441},{""box"":{""left"":1914,""right"":2586,""top"":2187,""bottom"":4087},""time"":1729913702501},{""box"":{""left"":1914,""right"":2586,""top"":2187,""bottom"":4087},""time"":1729913702574},{""box"":{""left"":1914,""right"":2586,""top"":2187,""bottom"":4087},""time"":1729913702642},{""box"":{""left"":1914,""right"":2586,""top"":2187,""bottom"":4087},""time"":1729913702751},{""box"":{""left"":1914,""right"":2586,""top"":2187,""bottom"":4087},""time"":1729913702809},{""box"":{""left"":1914,""right"":2586,""top"":2187,""bottom"":4087},""time"":1729913702915},{""box"":{""left"":1914,""right"":2586,""top"":2187,""bottom"":4087},""time"":1729913702983},{""box"":{""left"":1914,""right"":2586,""top"":2187,""bottom"":4087},""time"":1729913703041},{""box"":{""left"":1914,""right"":2586,""top"":2187,""bottom"":4087},""time"":1729913703099},{""box"":{""left"":1914,""right"":2586,""top"":2187,""bottom"":4087},""time"":1729913703148},{""box"":{""left"":1914,""right"":2586,""top"":2187,""bottom"":4087},""time"":1729913703197},{""box"":{""left"":1914,""right"":2586,""top"":2187,""bottom"":4087},""time"":1729913703255},{""box"":{""left"":1914,""right"":2586,""top"":2187,""bottom"":4087},""time"":1729913703378},{""box"":{""left"":1914,""right"":2586,""top"":2187,""bottom"":4087},""time"":1729913703439},{""box"":{""left"":1914,""right"":2586,""top"":2187,""bottom"":4087},""time"":1729913703487},{""box"":{""left"":1914,""right"":2586,""top"":2187,""bottom"":4087},""time"":1729913703543},{""box"":{""left"":1914,""right"":2586,""top"":2187,""bottom"":4087},""time"":1729913703708},{""box"":{""left"":1914,""right"":2586,""top"":2187,""bottom"":4087},""time"":1729913703771},{""box"":{""left"":1914,""right"":2586,""top"":2187,""bottom"":4087},""time"":1729913703841},{""box"":{""left"":1914,""right"":2586,""top"":2187,""bottom"":4087},""time"":1729913703899},{""box"":{""left"":1914,""right"":2586,""top"":2187,""bottom"":4087},""time"":1729913703957},{""box"":{""left"":1914,""right"":2586,""top"":2187,""bottom"":4087},""time"":1729913704015},{""box"":{""left"":1914,""right"":2586,""top"":2187,""bottom"":4087},""time"":1729913704064},{""box"":{""left"":1914,""right"":2586,""top"":2187,""bottom"":4087},""time"":1729913704122},{""box"":{""left"":1914,""right"":2586,""top"":2187,""bottom"":4087},""time"":1729913704214},{""box"":{""left"":1914,""right"":2586,""top"":2187,""bottom"":4087},""time"":1729913704287},{""box"":{""left"":1914,""right"":2586,""top"":2187,""bottom"":4087},""time"":1729913704349},{""box"":{""left"":1914,""right"":2586,""top"":2187,""bottom"":4087},""time"":1729913704407},{""box"":{""left"":1914,""right"":2586,""top"":2187,""bottom"":4087},""time"":1729913704460},{""box"":{""left"":1914,""right"":2586,""top"":2187,""bottom"":4087},""time"":1729913704522},{""box"":{""left"":1914,""right"":2586,""top"":2187,""bottom"":4087},""time"":1729913704573},{""box"":{""left"":1914,""right"":2586,""top"":2187,""bottom"":4087},""time"":1729913704626},{""box"":{""left"":1914,""right"":2586,""top"":2187,""bottom"":4087},""time"":1729913704729},{""box"":{""left"":1914,""right"":2586,""top"":2187,""bottom"":4087},""time"":1729913704800},{""box"":{""left"":1914,""right"":2586,""top"":2187,""bottom"":4087},""time"":1729913704861},{""box"":{""left"":1914,""right"":2586,""top"":2187,""bottom"":4087},""time"":1729913704912},{""box"":{""left"":1914,""right"":2586,""top"":2187,""bottom"":4087},""time"":1729913704963},{""box"":{""left"":1914,""right"":2586,""top"":2187,""bottom"":4087},""time"":1729913705014},{""box"":{""left"":1914,""right"":2586,""top"":2187,""bottom"":4087},""time"":1729913705087},{""box"":{""left"":1914,""right"":2586,""top"":2187,""bottom"":4087},""time"":1729913705148},{""box"":{""left"":1914,""right"":2586,""top"":2187,""bottom"":4087},""time"":1729913705202},{""box"":{""left"":1914,""right"":2586,""top"":2187,""bottom"":4087},""time"":1729913705263},{""box"":{""left"":1914,""right"":2586,""top"":2187,""bottom"":4087},""time"":1729913705315},{""box"":{""left"":1914,""right"":2586,""top"":2187,""bottom"":4087},""time"":1729913705377},{""box"":{""left"":1914,""right"":2586,""top"":2187,""bottom"":4087},""time"":1729913705429},{""box"":{""left"":1914,""right"":2586,""top"":2187,""bottom"":4087},""time"":1729913705483},{""box"":{""left"":1914,""right"":2586,""top"":2187,""bottom"":4087},""time"":1729913705544},{""box"":{""left"":1914,""right"":2586,""top"":2187,""bottom"":4087},""time"":1729913705597},{""box"":{""left"":1914,""right"":2586,""top"":2187,""bottom"":4087},""time"":1729913705660},{""box"":{""left"":1914,""right"":2586,""top"":2187,""bottom"":4087},""time"":1729913705711},{""box"":{""left"":1914,""right"":2586,""top"":2187,""bottom"":4087},""time"":1729913705773},{""box"":{""left"":1914,""right"":2586,""top"":2187,""bottom"":4087},""time"":1729913705844},{""box"":{""left"":1914,""right"":2586,""top"":2187,""bottom"":4087},""time"":1729913705902},{""box"":{""left"":1914,""right"":2586,""top"":2187,""bottom"":4087},""time"":1729913705999},{""box"":{""left"":1914,""right"":2586,""top"":2187,""bottom"":4087},""time"":1729913706058},{""box"":{""left"":1914,""right"":2586,""top"":2187,""bottom"":4087},""time"":1729913706106},{""box"":{""left"":1914,""right"":2586,""top"":2187,""bottom"":4087},""time"":1729913706156},{""box"":{""left"":1914,""right"":2586,""top"":2187,""bottom"":4087},""time"":1729913706227},{""box"":{""left"":1914,""right"":2586,""top"":2187,""bottom"":4087},""time"":1729913706275},{""box"":{""left"":1914,""right"":2586,""top"":2187,""bottom"":4087},""time"":1729913706334},{""box"":{""left"":1914,""right"":2586,""top"":2187,""bottom"":4087},""time"":1729913706383},{""box"":{""left"":1914,""right"":2586,""top"":2187,""bottom"":4087},""time"":1729913706443},{""box"":{""left"":1914,""right"":2586,""top"":2187,""bottom"":4087},""time"":1729913706504},{""box"":{""left"":1914,""right"":2586,""top"":2187,""bottom"":4087},""time"":1729913706554},{""box"":{""left"":1914,""right"":2586,""top"":2187,""bottom"":4087},""time"":1729913706617},{""box"":{""left"":1914,""right"":2586,""top"":2187,""bottom"":4087},""time"":1729913706668},{""box"":{""left"":1914,""right"":2586,""top"":2187,""bottom"":4087},""time"":1729913706729},{""box"":{""left"":1914,""right"":2586,""top"":2187,""bottom"":4087},""time"":1729913706781},{""box"":{""left"":1914,""right"":2586,""top"":2187,""bottom"":4087},""time"":1729913706956},{""box"":{""left"":1914,""right"":2586,""top"":2187,""bottom"":4087},""time"":1729913707017},{""box"":{""left"":1914,""right"":2586,""top"":2187,""bottom"":4087},""time"":1729913707081},{""box"":{""left"":1914,""right"":2586,""top"":2187,""bottom"":4087},""time"":1729913707142},{""box"":{""left"":1914,""right"":2586,""top"":2187,""bottom"":4087},""time"":1729913707200},{""box"":{""left"":1914,""right"":2586,""top"":2187,""bottom"":4087},""time"":1729913707259},{""box"":{""left"":1914,""right"":2586,""top"":2187,""bottom"":4087},""time"":1729913707307},{""box"":{""left"":1914,""right"":2586,""top"":2187,""bottom"":4087},""time"":1729913707365},{""box"":{""left"":1914,""right"":2586,""top"":2187,""bottom"":4087},""time"":1729913707424},{""box"":{""left"":1914,""right"":2586,""top"":2187,""bottom"":4087},""time"":1729913707482},{""box"":{""left"":1914,""right"":2586,""top"":2187,""bottom"":4087},""time"":1729913707546},{""box"":{""left"":1914,""right"":2586,""top"":2187,""bottom"":4087},""time"":1729913707595},{""box"":{""left"":1914,""right"":2586,""top"":2187,""bottom"":4087},""time"":1729913707644},{""box"":{""left"":1914,""right"":2586,""top"":2187,""bottom"":4087},""time"":1729913707697},{""box"":{""left"":1914,""right"":2586,""top"":2187,""bottom"":4087},""time"":1729913707749},{""box"":{""left"":1914,""right"":2586,""top"":2187,""bottom"":4087},""time"":1729913707823},{""box"":{""left"":1914,""right"":2586,""top"":2187,""bottom"":4087},""time"":1729913707883},{""box"":{""left"":1914,""right"":2586,""top"":2187,""bottom"":4087},""time"":1729913707932},{""box"":{""left"":1914,""right"":2586,""top"":2187,""bottom"":4087},""time"":1729913707985},{""box"":{""left"":1914,""right"":2586,""top"":2187,""bottom"":4087},""time"":1729913708058},{""box"":{""left"":1914,""right"":2586,""top"":2187,""bottom"":4087},""time"":1729913708107},{""box"":{""left"":1914,""right"":2586,""top"":2187,""bottom"":4087},""time"":1729913708159},{""box"":{""left"":1914,""right"":2586,""top"":2187,""bottom"":4087},""time"":1729913708220},{""box"":{""left"":1914,""right"":2586,""top"":2187,""bottom"":4087},""time"":1729913708273},{""box"":{""left"":1914,""right"":2586,""top"":2187,""bottom"":4087},""time"":1729913708344},{""box"":{""left"":1914,""right"":2586,""top"":2187,""bottom"":4087},""time"":1729913708397}",,,,,
57031,Person,2024-10-26 12:35:01,2024-10-26 12:35:37,"{""left"":7306,""right"":3781,""top"":7881,""bottom"":5197},{""box"":{""left"":7306,""right"":3781,""top"":7881,""bottom"":5197},""time"":1729913702511},{""box"":{""left"":7306,""right"":3781,""top"":7881,""bottom"":5197},""time"":1729913702584},{""box"":{""left"":7306,""right"":3781,""top"":7881,""bottom"":5197},""time"":1729913702652},{""box"":{""left"":7306,""right"":3781,""top"":7881,""bottom"":5197},""time"":1729913702761},{""box"":{""left"":7306,""right"":3781,""top"":7881,""bottom"":5197},""time"":1729913702925},{""box"":{""left"":7306,""right"":3781,""top"":7881,""bottom"":5197},""time"":1729913702993},{""box"":{""left"":7306,""right"":3781,""top"":7881,""bottom"":5197},""time"":1729913705024},{""box"":{""left"":7306,""right"":3781,""top"":7881,""bottom"":5197},""time"":1729913705854},{""box"":{""left"":7306,""right"":3781,""top"":7881,""bottom"":5197},""time"":1729913705912},{""box"":{""left"":7306,""right"":3781,""top"":7881,""bottom"":5197},""time"":1729913706009},{""box"":{""left"":7306,""right"":3781,""top"":7881,""bottom"":5197},""time"":1729913706068},{""box"":{""left"":7306,""right"":3781,""top"":7881,""bottom"":5197},""time"":1729913706116},{""box"":{""left"":7306,""right"":3781,""top"":7881,""bottom"":5197},""time"":1729913706166},{""box"":{""left"":7306,""right"":3781,""top"":7881,""bottom"":5197},""time"":1729913706236},{""box"":{""left"":7306,""right"":3781,""top"":7881,""bottom"":5197},""time"":1729913706285},{""box"":{""left"":7306,""right"":3781,""top"":7881,""bottom"":5197},""time"":1729913706344},{""box"":{""left"":7306,""right"":3781,""top"":7881,""bottom"":5197},""time"":1729913706392},{""box"":{""left"":7306,""right"":3781,""top"":7881,""bottom"":5197},""time"":1729913706790},{""box"":{""left"":7306,""right"":3781,""top"":7881,""bottom"":5197},""time"":1729913708407},{""box"":{""left"":7306,""right"":3781,""top"":7881,""bottom"":5197},""time"":1729913708499},{""box"":{""left"":7306,""right"":3781,""top"":7881,""bottom"":5197},""time"":1729913708562},{""box"":{""left"":7306,""right"":3781,""top"":7881,""bottom"":5197},""time"":1729913708624},{""box"":{""left"":7306,""right"":3781,""top"":7881,""bottom"":5197},""time"":1729913708666},{""box"":{""left"":7306,""right"":3781,""top"":7881,""bottom"":5197},""time"":1729913708738},{""box"":{""left"":7306,""right"":3781,""top"":7881,""bottom"":5197},""time"":1729913708780},{""box"":{""left"":7306,""right"":3781,""top"":7881,""bottom"":5197},""time"":1729913708841},{""box"":{""left"":7306,""right"":3781,""top"":7881,""bottom"":5197},""time"":1729913708893},{""box"":{""left"":7306,""right"":3781,""top"":7881,""bottom"":5197},""time"":1729913708944},{""box"":{""left"":7306,""right"":3781,""top"":7881,""bottom"":5197},""time"":1729913709006},{""box"":{""left"":7306,""right"":3781,""top"":7881,""bottom"":5197},""time"":1729913709128},{""box"":{""left"":7306,""right"":3781,""top"":7881,""bottom"":5197},""time"":1729913709180},{""box"":{""left"":7306,""right"":3781,""top"":7881,""bottom"":5197},""time"":1729913709241},{""box"":{""left"":7306,""right"":3781,""top"":7881,""bottom"":5197},""time"":1729913709290},{""box"":{""left"":7306,""right"":3781,""top"":7881,""bottom"":5197},""time"":1729913709414},{""box"":{""left"":7306,""right"":3781,""top"":7881,""bottom"":5197},""time"":1729913709465},{""box"":{""left"":7306,""right"":3781,""top"":7881,""bottom"":5197},""time"":1729913709520},{""box"":{""left"":7306,""right"":3781,""top"":7881,""bottom"":5197},""time"":1729913709578},{""box"":{""left"":7306,""right"":3781,""top"":7881,""bottom"":5197},""time"":1729913709639},{""box"":{""left"":7306,""right"":3781,""top"":7881,""bottom"":5197},""time"":1729913709743},{""box"":{""left"":7306,""right"":3781,""top"":7881,""bottom"":5197},""time"":1729913709806},{""box"":{""left"":7306,""right"":3781,""top"":7881,""bottom"":5197},""time"":1729913709866},{""box"":{""left"":7306,""right"":3781,""top"":7881,""bottom"":5197},""time"":1729913709927},{""box"":{""left"":7306,""right"":3781,""top"":7881,""bottom"":5197},""time"":1729913709967},{""box"":{""left"":7306,""right"":3781,""top"":7881,""bottom"":5197},""time"":1729913710038},{""box"":{""left"":7306,""right"":3781,""top"":7881,""bottom"":5197},""time"":1729913710151},{""box"":{""left"":7306,""right"":3781,""top"":7881,""bottom"":5197},""time"":1729913710212},{""box"":{""left"":7306,""right"":3781,""top"":7881,""bottom"":5197},""time"":1729913710265},{""box"":{""left"":7306,""right"":3781,""top"":7881,""bottom"":5197},""time"":1729913710327},{""box"":{""left"":7306,""right"":3781,""top"":7881,""bottom"":5197},""time"":1729913710378},{""box"":{""left"":7306,""right"":3781,""top"":7881,""bottom"":5197},""time"":1729913710441},{""box"":{""left"":7306,""right"":3781,""top"":7881,""bottom"":5197},""time"":1729913710502},{""box"":{""left"":7306,""right"":3781,""top"":7881,""bottom"":5197},""time"":1729913710543},{""box"":{""left"":7306,""right"":3781,""top"":7881,""bottom"":5197},""time"":1729913710615},{""box"":{""left"":7306,""right"":3781,""top"":7881,""bottom"":5197},""time"":1729913710665},{""box"":{""left"":7306,""right"":3781,""top"":7881,""bottom"":5197},""time"":1729913710717},{""box"":{""left"":7306,""right"":3781,""top"":7881,""bottom"":5197},""time"":1729913710767},{""box"":{""left"":7306,""right"":3781,""top"":7881,""bottom"":5197},""time"":1729913710840},{""box"":{""left"":7306,""right"":3781,""top"":7881,""bottom"":5197},""time"":1729913710943},{""box"":{""left"":7306,""right"":3781,""top"":7881,""bottom"":5197},""time"":1729913711118},{""box"":{""left"":7306,""right"":3781,""top"":7881,""bottom"":5197},""time"":1729913711346},{""box"":{""left"":7306,""right"":3781,""top"":7881,""bottom"":5197},""time"":1729913711407},{""box"":{""left"":7306,""right"":3781,""top"":7881,""bottom"":5197},""time"":1729913711460},{""box"":{""left"":7306,""right"":3781,""top"":7881,""bottom"":5197},""time"":1729913711521},{""box"":{""left"":7306,""right"":3781,""top"":7881,""bottom"":5197},""time"":1729913711582},{""box"":{""left"":7306,""right"":3781,""top"":7881,""bottom"":5197},""time"":1729913711634},{""box"":{""left"":7306,""right"":3781,""top"":7881,""bottom"":5197},""time"":1729913711697},{""box"":{""left"":7306,""right"":3781,""top"":7881,""bottom"":5197},""time"":1729913711749},{""box"":{""left"":7306,""right"":3781,""top"":7881,""bottom"":5197},""time"":1729913711869},{""box"":{""left"":7306,""right"":3781,""top"":7881,""bottom"":5197},""time"":1729913711929},{""box"":{""left"":7306,""right"":3781,""top"":7881,""bottom"":5197},""time"":1729913712038},{""box"":{""left"":7306,""right"":3781,""top"":7881,""bottom"":5197},""time"":1729913712093},{""box"":{""left"":7306,""right"":3781,""top"":7881,""bottom"":5197},""time"":1729913712185},{""box"":{""left"":7306,""right"":3781,""top"":7881,""bottom"":5197},""time"":1729913712225},{""box"":{""left"":7306,""right"":3781,""top"":7881,""bottom"":5197},""time"":1729913712298},{""box"":{""left"":7306,""right"":3781,""top"":7881,""bottom"":5197},""time"":1729913712337},{""box"":{""left"":7306,""right"":3781,""top"":7881,""bottom"":5197},""time"":1729913712368},{""box"":{""left"":7306,""right"":3781,""top"":7881,""bottom"":5197},""time"":1729913712407},{""box"":{""left"":7306,""right"":3781,""top"":7881,""bottom"":5197},""time"":1729913712438},{""box"":{""left"":7306,""right"":3781,""top"":7881,""bottom"":5197},""time"":1729913712640},{""box"":{""left"":7306,""right"":3781,""top"":7881,""bottom"":5197},""time"":1729913712680},{""box"":{""left"":7306,""right"":3781,""top"":7881,""bottom"":5197},""time"":1729913712746},{""box"":{""left"":7306,""right"":3781,""top"":7881,""bottom"":5197},""time"":1729913712785},{""box"":{""left"":7306,""right"":3781,""top"":7881,""bottom"":5197},""time"":1729913712835},{""box"":{""left"":7306,""right"":3781,""top"":7881,""bottom"":5197},""time"":1729913712930},{""box"":{""left"":7306,""right"":3781,""top"":7881,""bottom"":5197},""time"":1729913712969},{""box"":{""left"":7306,""right"":3781,""top"":7881,""bottom"":5197},""time"":1729913712989},{""box"":{""left"":7306,""right"":3781,""top"":7881,""bottom"":5197},""time"":1729913713031},{""box"":{""left"":7306,""right"":3781,""top"":7881,""bottom"":5197},""time"":1729913713090},{""box"":{""left"":7306,""right"":3781,""top"":7881,""bottom"":5197},""time"":1729913713225},{""box"":{""left"":7306,""right"":3781,""top"":7881,""bottom"":5197},""time"":1729913713249},{""box"":{""left"":7306,""right"":3781,""top"":7881,""bottom"":5197},""time"":1729913713278},{""box"":{""left"":7306,""right"":3781,""top"":7881,""bottom"":5197},""time"":1729913713310},{""box"":{""left"":7306,""right"":3781,""top"":7881,""bottom"":5197},""time"":1729913713340},{""box"":{""left"":7306,""right"":3781,""top"":7881,""bottom"":5197},""time"":1729913713404},{""box"":{""left"":7306,""right"":3781,""top"":7881,""bottom"":5197},""time"":1729913713487},{""box"":{""left"":7306,""right"":3781,""top"":7881,""bottom"":5197},""time"":1729913713525},{""box"":{""left"":7306,""right"":3781,""top"":7881,""bottom"":5197},""time"":1729913713537},{""box"":{""left"":7306,""right"":3781,""top"":7881,""bottom"":5197},""time"":1729913713567},{""box"":{""left"":7306,""right"":3781,""top"":7881,""bottom"":5197},""time"":1729913714801},{""box"":{""left"":7306,""right"":3781,""top"":7881,""bottom"":5197},""time"":1729913714840},{""box"":{""left"":7306,""right"":3781,""top"":7881,""bottom"":5197},""time"":1729913714870},{""box"":{""left"":7306,""right"":3781,""top"":7881,""bottom"":5197},""time"":1729913714909},{""box"":{""left"":7306,""right"":3781,""top"":7881,""bottom"":5197},""time"":1729913715207},{""box"":{""left"":7306,""right"":3781,""top"":7881,""bottom"":5197},""time"":1729913715245},{""box"":{""left"":7306,""right"":3781,""top"":7881,""bottom"":5197},""time"":1729913715275},{""box"":{""left"":7306,""right"":3781,""top"":7881,""bottom"":5197},""time"":1729913715304},{""box"":{""left"":7306,""right"":3781,""top"":7881,""bottom"":5197},""time"":1729913715363},{""box"":{""left"":7306,""right"":3781,""top"":7881,""bottom"":5197},""time"":1729913715452},{""box"":{""left"":7306,""right"":3781,""top"":7881,""bottom"":5197},""time"":1729913715491},{""box"":{""left"":7306,""right"":3781,""top"":7881,""bottom"":5197},""time"":1729913715521},{""box"":{""left"":7306,""right"":3781,""top"":7881,""bottom"":5197},""time"":1729913715560},{""box"":{""left"":7306,""right"":3781,""top"":7881,""bottom"":5197},""time"":1729913715590},{""box"":{""left"":7306,""right"":3781,""top"":7881,""bottom"":5197},""time"":1729913715629},{""box"":{""left"":7306,""right"":3781,""top"":7881,""bottom"":5197},""time"":1729913715659},{""box"":{""left"":7306,""right"":3781,""top"":7881,""bottom"":5197},""time"":1729913715697},{""box"":{""left"":7306,""right"":3781,""top"":7881,""bottom"":5197},""time"":1729913715796},{""box"":{""left"":7306,""right"":3781,""top"":7881,""bottom"":5197},""time"":1729913716046},{""box"":{""left"":7306,""right"":3781,""top"":7881,""bottom"":5197},""time"":1729913716084},{""box"":{""left"":7306,""right"":3781,""top"":7881,""bottom"":5197},""time"":1729913716094},{""box"":{""left"":7306,""right"":3781,""top"":7881,""bottom"":5197},""time"":1729913716123},{""box"":{""left"":7306,""right"":3781,""top"":7881,""bottom"":5197},""time"":1729913716149},{""box"":{""left"":7306,""right"":3781,""top"":7881,""bottom"":5197},""time"":1729913716178},{""box"":{""left"":7306,""right"":3781,""top"":7881,""bottom"":5197},""time"":1729913716274},{""box"":{""left"":7306,""right"":3781,""top"":7881,""bottom"":5197},""time"":1729913716302},{""box"":{""left"":7306,""right"":3781,""top"":7881,""bottom"":5197},""time"":1729913716370},{""box"":{""left"":7306,""right"":3781,""top"":7881,""bottom"":5197},""time"":1729913716552},{""box"":{""left"":7306,""right"":3781,""top"":7881,""bottom"":5197},""time"":1729913716562},{""box"":{""left"":7306,""right"":3781,""top"":7881,""bottom"":5197},""time"":1729913716591},{""box"":{""left"":7306,""right"":3781,""top"":7881,""bottom"":5197},""time"":1729913716615},{""box"":{""left"":7306,""right"":3781,""top"":7881,""bottom"":5197},""time"":1729913716647},{""box"":{""left"":7306,""right"":3781,""top"":7881,""bottom"":5197},""time"":1729913716748},{""box"":{""left"":7306,""right"":3781,""top"":7881,""bottom"":5197},""time"":1729913716779},{""box"":{""left"":7306,""right"":3781,""top"":7881,""bottom"":5197},""time"":1729913716798},{""box"":{""left"":7306,""right"":3781,""top"":7881,""bottom"":5197},""time"":1729913716952},{""box"":{""left"":7306,""right"":3781,""top"":7881,""bottom"":5197},""time"":1729913716982},{""box"":{""left"":7306,""right"":3781,""top"":7881,""bottom"":5197},""time"":1729913717085},{""box"":{""left"":7306,""right"":3781,""top"":7881,""bottom"":5197},""time"":1729913717115},{""box"":{""left"":7306,""right"":3781,""top"":7881,""bottom"":5197},""time"":1729913717147},{""box"":{""left"":7306,""right"":3781,""top"":7881,""bottom"":5197},""time"":1729913717199},{""box"":{""left"":7306,""right"":3781,""top"":7881,""bottom"":5197},""time"":1729913717230},{""box"":{""left"":7306,""right"":3781,""top"":7881,""bottom"":5197},""time"":1729913717250},{""box"":{""left"":7306,""right"":3781,""top"":7881,""bottom"":5197},""time"":1729913717313},{""box"":{""left"":7306,""right"":3781,""top"":7881,""bottom"":5197},""time"":1729913717436},{""box"":{""left"":7306,""right"":3781,""top"":7881,""bottom"":5197},""time"":1729913717473},{""box"":{""left"":7306,""right"":3781,""top"":7881,""bottom"":5197},""time"":1729913717504},{""box"":{""left"":7306,""right"":3781,""top"":7881,""bottom"":5197},""time"":1729913717529},{""box"":{""left"":7306,""right"":3781,""top"":7881,""bottom"":5197},""time"":1729913717549},{""box"":{""left"":7306,""right"":3781,""top"":7881,""bottom"":5197},""time"":1729913717599},{""box"":{""left"":7306,""right"":3781,""top"":7881,""bottom"":5197},""time"":1729913717651},{""box"":{""left"":7306,""right"":3781,""top"":7881,""bottom"":5197},""time"":1729913717670},{""box"":{""left"":7306,""right"":3781,""top"":7881,""bottom"":5197},""time"":1729913717713},{""box"":{""left"":7306,""right"":3781,""top"":7881,""bottom"":5197},""time"":1729913717940},{""box"":{""left"":7306,""right"":3781,""top"":7881,""bottom"":5197},""time"":1729913718002},{""box"":{""left"":7306,""right"":3781,""top"":7881,""bottom"":5197},""time"":1729913718199},{""box"":{""left"":7306,""right"":3781,""top"":7881,""bottom"":5197},""time"":1729913718219},{""box"":{""left"":7306,""right"":3781,""top"":7881,""bottom"":5197},""time"":1729913718332},{""box"":{""left"":7306,""right"":3781,""top"":7881,""bottom"":5197},""time"":1729913718508},{""box"":{""left"":7306,""right"":3781,""top"":7881,""bottom"":5197},""time"":1729913718890},{""box"":{""left"":7306,""right"":3781,""top"":7881,""bottom"":5197},""time"":1729913718910},{""box"":{""left"":7306,""right"":3781,""top"":7881,""bottom"":5197},""time"":1729913719025},{""box"":{""left"":7306,""right"":3781,""top"":7881,""bottom"":5197},""time"":1729913719127},{""box"":{""left"":7306,""right"":3781,""top"":7881,""bottom"":5197},""time"":1729913719147},{""box"":{""left"":7306,""right"":3781,""top"":7881,""bottom"":5197},""time"":1729913719189},{""box"":{""left"":7306,""right"":3781,""top"":7881,""bottom"":5197},""time"":1729913719230},{""box"":{""left"":7306,""right"":3781,""top"":7881,""bottom"":5197},""time"":1729913719250},{""box"":{""left"":7306,""right"":3781,""top"":7881,""bottom"":5197},""time"":1729913719355},{""box"":{""left"":7306,""right"":3781,""top"":7881,""bottom"":5197},""time"":1729913719417},{""box"":{""left"":7306,""right"":3781,""top"":7881,""bottom"":5197},""time"":1729913719697},{""box"":{""left"":7306,""right"":3781,""top"":7881,""bottom"":5197},""time"":1729913719718},{""box"":{""left"":7306,""right"":3781,""top"":7881,""bottom"":5197},""time"":1729913719822},{""box"":{""left"":7306,""right"":3781,""top"":7881,""bottom"":5197},""time"":1729913720026},{""box"":{""left"":7306,""right"":3781,""top"":7881,""bottom"":5197},""time"":1729913720046},{""box"":{""left"":7306,""right"":3781,""top"":7881,""bottom"":5197},""time"":1729913720097},{""box"":{""left"":7306,""right"":3781,""top"":7881,""bottom"":5197},""time"":1729913720117},{""box"":{""left"":7306,""right"":3781,""top"":7881,""bottom"":5197},""time"":1729913720314},{""box"":{""left"":7306,""right"":3781,""top"":7881,""bottom"":5197},""time"":1729913720334},{""box"":{""left"":7306,""right"":3781,""top"":7881,""bottom"":5197},""time"":1729913720735},{""box"":{""left"":7306,""right"":3781,""top"":7881,""bottom"":5197},""time"":1729913720789},{""box"":{""left"":7306,""right"":3781,""top"":7881,""bottom"":5197},""time"":1729913720839},{""box"":{""left"":7306,""right"":3781,""top"":7881,""bottom"":5197},""time"":1729913720859},{""box"":{""left"":7306,""right"":3781,""top"":7881,""bottom"":5197},""time"":1729913720918},{""box"":{""left"":7306,""right"":3781,""top"":7881,""bottom"":5197},""time"":1729913720978},{""box"":{""left"":7306,""right"":3781,""top"":7881,""bottom"":5197},""time"":1729913721027},{""box"":{""left"":7306,""right"":3781,""top"":7881,""bottom"":5197},""time"":1729913721047},{""box"":{""left"":7306,""right"":3781,""top"":7881,""bottom"":5197},""time"":1729913721106},{""box"":{""left"":7306,""right"":3781,""top"":7881,""bottom"":5197},""time"":1729913721145},{""box"":{""left"":7306,""right"":3781,""top"":7881,""bottom"":5197},""time"":1729913721155},{""box"":{""left"":7306,""right"":3781,""top"":7881,""bottom"":5197},""time"":1729913721214},{""box"":{""left"":7306,""right"":3781,""top"":7881,""bottom"":5197},""time"":1729913721274},{""box"":{""left"":7306,""right"":3781,""top"":7881,""bottom"":5197},""time"":1729913721333},{""box"":{""left"":7306,""right"":3781,""top"":7881,""bottom"":5197},""time"":1729913721392},{""box"":{""left"":7306,""right"":3781,""top"":7881,""bottom"":5197},""time"":1729913721452},{""box"":{""left"":7306,""right"":3781,""top"":7881,""bottom"":5197},""time"":1729913721511},{""box"":{""left"":7306,""right"":3781,""top"":7881,""bottom"":5197},""time"":1729913721582},{""box"":{""left"":7306,""right"":3781,""top"":7881,""bottom"":5197},""time"":1729913721602},{""box"":{""left"":7306,""right"":3781,""top"":7881,""bottom"":5197},""time"":1729913721758},{""box"":{""left"":7306,""right"":3781,""top"":7881,""bottom"":5197},""time"":1729913721985},{""box"":{""left"":7306,""right"":3781,""top"":7881,""bottom"":5197},""time"":1729913722079},{""box"":{""left"":7306,""right"":3781,""top"":7881,""bottom"":5197},""time"":1729913722099},{""box"":{""left"":7306,""right"":3781,""top"":7881,""bottom"":5197},""time"":1729913722158},{""box"":{""left"":7306,""right"":3781,""top"":7881,""bottom"":5197},""time"":1729913722268},{""box"":{""left"":7306,""right"":3781,""top"":7881,""bottom"":5197},""time"":1729913722369},{""box"":{""left"":7306,""right"":3781,""top"":7881,""bottom"":5197},""time"":1729913722389},{""box"":{""left"":7306,""right"":3781,""top"":7881,""bottom"":5197},""time"":1729913722449},{""box"":{""left"":7306,""right"":3781,""top"":7881,""bottom"":5197},""time"":1729913722508},{""box"":{""left"":7306,""right"":3781,""top"":7881,""bottom"":5197},""time"":1729913722567},{""box"":{""left"":7306,""right"":3781,""top"":7881,""bottom"":5197},""time"":1729913723048},{""box"":{""left"":7306,""right"":3781,""top"":7881,""bottom"":5197},""time"":1729913723068},{""box"":{""left"":7306,""right"":3781,""top"":7881,""bottom"":5197},""time"":1729913723117},{""box"":{""left"":7306,""right"":3781,""top"":7881,""bottom"":5197},""time"":1729913723137},{""box"":{""left"":7306,""right"":3781,""top"":7881,""bottom"":5197},""time"":1729913723276},{""box"":{""left"":7306,""right"":3781,""top"":7881,""bottom"":5197},""time"":1729913723296},{""box"":{""left"":7306,""right"":3781,""top"":7881,""bottom"":5197},""time"":1729913723349},{""box"":{""left"":7306,""right"":3781,""top"":7881,""bottom"":5197},""time"":1729913723784},{""box"":{""left"":7306,""right"":3781,""top"":7881,""bottom"":5197},""time"":1729913724125},{""box"":{""left"":7306,""right"":3781,""top"":7881,""bottom"":5197},""time"":1729913724145},{""box"":{""left"":7306,""right"":3781,""top"":7881,""bottom"":5197},""time"":1729913724205},{""box"":{""left"":7306,""right"":3781,""top"":7881,""bottom"":5197},""time"":1729913724314},{""box"":{""left"":7306,""right"":3781,""top"":7881,""bottom"":5197},""time"":1729913724522},{""box"":{""left"":7306,""right"":3781,""top"":7881,""bottom"":5197},""time"":1729913724532},{""box"":{""left"":7306,""right"":3781,""top"":7881,""bottom"":5197},""time"":1729913724582},{""box"":{""left"":7306,""right"":3781,""top"":7881,""bottom"":5197},""time"":1729913724695},{""box"":{""left"":7306,""right"":3781,""top"":7881,""bottom"":5197},""time"":1729913724705},{""box"":{""left"":7306,""right"":3781,""top"":7881,""bottom"":5197},""time"":1729913724756},{""box"":{""left"":7306,""right"":3781,""top"":7881,""bottom"":5197},""time"":1729913724809},{""box"":{""left"":7306,""right"":3781,""top"":7881,""bottom"":5197},""time"":1729913724819},{""box"":{""left"":7306,""right"":3781,""top"":7881,""bottom"":5197},""time"":1729913724923},{""box"":{""left"":7306,""right"":3781,""top"":7881,""bottom"":5197},""time"":1729913724933},{""box"":{""left"":7306,""right"":3781,""top"":7881,""bottom"":5197},""time"":1729913725405},{""box"":{""left"":7306,""right"":3781,""top"":7881,""bottom"":5197},""time"":1729913725465},{""box"":{""left"":7306,""right"":3781,""top"":7881,""bottom"":5197},""time"":1729913725525},{""box"":{""left"":7306,""right"":3781,""top"":7881,""bottom"":5197},""time"":1729913725584},{""box"":{""left"":7306,""right"":3781,""top"":7881,""bottom"":5197},""time"":1729913725644},{""box"":{""left"":7306,""right"":3781,""top"":7881,""bottom"":5197},""time"":1729913725703},{""box"":{""left"":7306,""right"":3781,""top"":7881,""bottom"":5197},""time"":1729913725763},{""box"":{""left"":7306,""right"":3781,""top"":7881,""bottom"":5197},""time"":1729913725796},{""box"":{""left"":7306,""right"":3781,""top"":7881,""bottom"":5197},""time"":1729913725856},{""box"":{""left"":7306,""right"":3781,""top"":7881,""bottom"":5197},""time"":1729913725916},{""box"":{""left"":7306,""right"":3781,""top"":7881,""bottom"":5197},""time"":1729913725975},{""box"":{""left"":7306,""right"":3781,""top"":7881,""bottom"":5197},""time"":1729913726035},{""box"":{""left"":7306,""right"":3781,""top"":7881,""bottom"":5197},""time"":1729913726094},{""box"":{""left"":7306,""right"":3781,""top"":7881,""bottom"":5197},""time"":1729913726144},{""box"":{""left"":7306,""right"":3781,""top"":7881,""bottom"":5197},""time"":1729913726193},{""box"":{""left"":7306,""right"":3781,""top"":7881,""bottom"":5197},""time"":1729913726416},{""box"":{""left"":7306,""right"":3781,""top"":7881,""bottom"":5197},""time"":1729913726476},{""box"":{""left"":7306,""right"":3781,""top"":7881,""bottom"":5197},""time"":1729913726534},{""box"":{""left"":7306,""right"":3781,""top"":7881,""bottom"":5197},""time"":1729913726634},{""box"":{""left"":7306,""right"":3781,""top"":7881,""bottom"":5197},""time"":1729913726695},{""box"":{""left"":7306,""right"":3781,""top"":7881,""bottom"":5197},""time"":1729913726734},{""box"":{""left"":7306,""right"":3781,""top"":7881,""bottom"":5197},""time"":1729913726744},{""box"":{""left"":7306,""right"":3781,""top"":7881,""bottom"":5197},""time"":1729913726787},{""box"":{""left"":7306,""right"":3781,""top"":7881,""bottom"":5197},""time"":1729913726838},{""box"":{""left"":7306,""right"":3781,""top"":7881,""bottom"":5197},""time"":1729913726892},{""box"":{""left"":7306,""right"":3781,""top"":7881,""bottom"":5197},""time"":1729913726903},{""box"":{""left"":7306,""right"":3781,""top"":7881,""bottom"":5197},""time"":1729913726952},{""box"":{""left"":7306,""right"":3781,""top"":7881,""bottom"":5197},""time"":1729913727014},{""box"":{""left"":7306,""right"":3781,""top"":7881,""bottom"":5197},""time"":1729913727065},{""box"":{""left"":7306,""right"":3781,""top"":7881,""bottom"":5197},""time"":1729913727129},{""box"":{""left"":7306,""right"":3781,""top"":7881,""bottom"":5197},""time"":1729913727138},{""box"":{""left"":7306,""right"":3781,""top"":7881,""bottom"":5197},""time"":1729913727189},{""box"":{""left"":7306,""right"":3781,""top"":7881,""bottom"":5197},""time"":1729913727242},{""box"":{""left"":7306,""right"":3781,""top"":7881,""bottom"":5197},""time"":1729913727253},{""box"":{""left"":7306,""right"":3781,""top"":7881,""bottom"":5197},""time"":1729913727304},{""box"":{""left"":7306,""right"":3781,""top"":7881,""bottom"":5197},""time"":1729913727357},{""box"":{""left"":7306,""right"":3781,""top"":7881,""bottom"":5197},""time"":1729913727418},{""box"":{""left"":7306,""right"":3781,""top"":7881,""bottom"":5197},""time"":1729913727429},{""box"":{""left"":7306,""right"":3781,""top"":7881,""bottom"":5197},""time"":1729913727477},{""box"":{""left"":7306,""right"":3781,""top"":7881,""bottom"":5197},""time"":1729913727539},{""box"":{""left"":7306,""right"":3781,""top"":7881,""bottom"":5197},""time"":1729913727553},{""box"":{""left"":7306,""right"":3781,""top"":7881,""bottom"":5197},""time"":1729913727620},{""box"":{""left"":7306,""right"":3781,""top"":7881,""bottom"":5197},""time"":1729913727646},{""box"":{""left"":7306,""right"":3781,""top"":7881,""bottom"":5197},""time"":1729913727657},{""box"":{""left"":7306,""right"":3781,""top"":7881,""bottom"":5197},""time"":1729913727707},{""box"":{""left"":7306,""right"":3781,""top"":7881,""bottom"":5197},""time"":1729913727718},{""box"":{""left"":7306,""right"":3781,""top"":7881,""bottom"":5197},""time"":1729913727766},{""box"":{""left"":7306,""right"":3781,""top"":7881,""bottom"":5197},""time"":1729913727786},{""box"":{""left"":7306,""right"":3781,""top"":7881,""bottom"":5197},""time"":1729913727835},{""box"":{""left"":7306,""right"":3781,""top"":7881,""bottom"":5197},""time"":1729913727845},{""box"":{""left"":7306,""right"":3781,""top"":7881,""bottom"":5197},""time"":1729913727884},{""box"":{""left"":7306,""right"":3781,""top"":7881,""bottom"":5197},""time"":1729913727895},{""box"":{""left"":7306,""right"":3781,""top"":7881,""bottom"":5197},""time"":1729913727943},{""box"":{""left"":7306,""right"":3781,""top"":7881,""bottom"":5197},""time"":1729913727953},{""box"":{""left"":7306,""right"":3781,""top"":7881,""bottom"":5197},""time"":1729913728002},{""box"":{""left"":7306,""right"":3781,""top"":7881,""bottom"":5197},""time"":1729913728012},{""box"":{""left"":7306,""right"":3781,""top"":7881,""bottom"":5197},""time"":1729913728053},{""box"":{""left"":7306,""right"":3781,""top"":7881,""bottom"":5197},""time"":1729913728063},{""box"":{""left"":7306,""right"":3781,""top"":7881,""bottom"":5197},""time"":1729913728113},{""box"":{""left"":7306,""right"":3781,""top"":7881,""bottom"":5197},""time"":1729913728123},{""box"":{""left"":7306,""right"":3781,""top"":7881,""bottom"":5197},""time"":1729913728166},{""box"":{""left"":7306,""right"":3781,""top"":7881,""bottom"":5197},""time"":1729913728186},{""box"":{""left"":7306,""right"":3781,""top"":7881,""bottom"":5197},""time"":1729913728234},{""box"":{""left"":7306,""right"":3781,""top"":7881,""bottom"":5197},""time"":1729913728244},{""box"":{""left"":7306,""right"":3781,""top"":7881,""bottom"":5197},""time"":1729913728293},{""box"":{""left"":7306,""right"":3781,""top"":7881,""bottom"":5197},""time"":1729913728303},{""box"":{""left"":7306,""right"":3781,""top"":7881,""bottom"":5197},""time"":1729913728352},{""box"":{""left"":7306,""right"":3781,""top"":7881,""bottom"":5197},""time"":1729913728371},{""box"":{""left"":7306,""right"":3781,""top"":7881,""bottom"":5197},""time"":1729913728410},{""box"":{""left"":7306,""right"":3781,""top"":7881,""bottom"":5197},""time"":1729913728441},{""box"":{""left"":7306,""right"":3781,""top"":7881,""bottom"":5197},""time"":1729913728530},{""box"":{""left"":7306,""right"":3781,""top"":7881,""bottom"":5197},""time"":1729913728574},{""box"":{""left"":7306,""right"":3781,""top"":7881,""bottom"":5197},""time"":1729913728594},{""box"":{""left"":7306,""right"":3781,""top"":7881,""bottom"":5197},""time"":1729913728643},{""box"":{""left"":7306,""right"":3781,""top"":7881,""bottom"":5197},""time"":1729913728663},{""box"":{""left"":7306,""right"":3781,""top"":7881,""bottom"":5197},""time"":1729913728686},{""box"":{""left"":7306,""right"":3781,""top"":7881,""bottom"":5197},""time"":1729913728706},{""box"":{""left"":7306,""right"":3781,""top"":7881,""bottom"":5197},""time"":1729913728779},{""box"":{""left"":7306,""right"":3781,""top"":7881,""bottom"":5197},""time"":1729913728807},{""box"":{""left"":7306,""right"":3781,""top"":7881,""bottom"":5197},""time"":1729913728874},{""box"":{""left"":7306,""right"":3781,""top"":7881,""bottom"":5197},""time"":1729913728932},{""box"":{""left"":7306,""right"":3781,""top"":7881,""bottom"":5197},""time"":1729913728953},{""box"":{""left"":7306,""right"":3781,""top"":7881,""bottom"":5197},""time"":1729913729011},{""box"":{""left"":7306,""right"":3781,""top"":7881,""bottom"":5197},""time"":1729913729031},{""box"":{""left"":7306,""right"":3781,""top"":7881,""bottom"":5197},""time"":1729913729090},{""box"":{""left"":7306,""right"":3781,""top"":7881,""bottom"":5197},""time"":1729913729110},{""box"":{""left"":7306,""right"":3781,""top"":7881,""bottom"":5197},""time"":1729913729155},{""box"":{""left"":7306,""right"":3781,""top"":7881,""bottom"":5197},""time"":1729913729185},{""box"":{""left"":7306,""right"":3781,""top"":7881,""bottom"":5197},""time"":1729913729213},{""box"":{""left"":7306,""right"":3781,""top"":7881,""bottom"":5197},""time"":1729913729223},{""box"":{""left"":7306,""right"":3781,""top"":7881,""bottom"":5197},""time"":1729913729272},{""box"":{""left"":7306,""right"":3781,""top"":7881,""bottom"":5197},""time"":1729913729293},{""box"":{""left"":7306,""right"":3781,""top"":7881,""bottom"":5197},""time"":1729913729333},{""box"":{""left"":7306,""right"":3781,""top"":7881,""bottom"":5197},""time"":1729913729343},{""box"":{""left"":7306,""right"":3781,""top"":7881,""bottom"":5197},""time"":1729913729392},{""box"":{""left"":7306,""right"":3781,""top"":7881,""bottom"":5197},""time"":1729913729402},{""box"":{""left"":7306,""right"":3781,""top"":7881,""bottom"":5197},""time"":1729913729442},{""box"":{""left"":7306,""right"":3781,""top"":7881,""bottom"":5197},""time"":1729913729461},{""box"":{""left"":7306,""right"":3781,""top"":7881,""bottom"":5197},""time"":1729913729480},{""box"":{""left"":7306,""right"":3781,""top"":7881,""bottom"":5197},""time"":1729913729520},{""box"":{""left"":7306,""right"":3781,""top"":7881,""bottom"":5197},""time"":1729913729624},{""box"":{""left"":7306,""right"":3781,""top"":7881,""bottom"":5197},""time"":1729913729674},{""box"":{""left"":7306,""right"":3781,""top"":7881,""bottom"":5197},""time"":1729913729736},{""box"":{""left"":7306,""right"":3781,""top"":7881,""bottom"":5197},""time"":1729913729787},{""box"":{""left"":7306,""right"":3781,""top"":7881,""bottom"":5197},""time"":1729913729851},{""box"":{""left"":7306,""right"":3781,""top"":7881,""bottom"":5197},""time"":1729913729862},{""box"":{""left"":7306,""right"":3781,""top"":7881,""bottom"":5197},""time"":1729913729912},{""box"":{""left"":7306,""right"":3781,""top"":7881,""bottom"":5197},""time"":1729913729932},{""box"":{""left"":7306,""right"":3781,""top"":7881,""bottom"":5197},""time"":1729913729965},{""box"":{""left"":7306,""right"":3781,""top"":7881,""bottom"":5197},""time"":1729913730026},{""box"":{""left"":7306,""right"":3781,""top"":7881,""bottom"":5197},""time"":1729913730079},{""box"":{""left"":7306,""right"":3781,""top"":7881,""bottom"":5197},""time"":1729913730152},{""box"":{""left"":7306,""right"":3781,""top"":7881,""bottom"":5197},""time"":1729913730203},{""box"":{""left"":7306,""right"":3781,""top"":7881,""bottom"":5197},""time"":1729913730255},{""box"":{""left"":7306,""right"":3781,""top"":7881,""bottom"":5197},""time"":1729913730315},{""box"":{""left"":7306,""right"":3781,""top"":7881,""bottom"":5197},""time"":1729913730326},{""box"":{""left"":7306,""right"":3781,""top"":7881,""bottom"":5197},""time"":1729913730376},{""box"":{""left"":7306,""right"":3781,""top"":7881,""bottom"":5197},""time"":1729913730429},{""box"":{""left"":7306,""right"":3781,""top"":7881,""bottom"":5197},""time"":1729913730494},{""box"":{""left"":7306,""right"":3781,""top"":7881,""bottom"":5197},""time"":1729913730504},{""box"":{""left"":7306,""right"":3781,""top"":7881,""bottom"":5197},""time"":1729913730605},{""box"":{""left"":7306,""right"":3781,""top"":7881,""bottom"":5197},""time"":1729913730616},{""box"":{""left"":7306,""right"":3781,""top"":7881,""bottom"":5197},""time"":1729913730667},{""box"":{""left"":7306,""right"":3781,""top"":7881,""bottom"":5197},""time"":1729913730892},{""box"":{""left"":7306,""right"":3781,""top"":7881,""bottom"":5197},""time"":1729913730902},{""box"":{""left"":7306,""right"":3781,""top"":7881,""bottom"":5197},""time"":1729913730962},{""box"":{""left"":7306,""right"":3781,""top"":7881,""bottom"":5197},""time"":1729913731006},{""box"":{""left"":7306,""right"":3781,""top"":7881,""bottom"":5197},""time"":1729913731067},{""box"":{""left"":7306,""right"":3781,""top"":7881,""bottom"":5197},""time"":1729913731077},{""box"":{""left"":7306,""right"":3781,""top"":7881,""bottom"":5197},""time"":1729913731127},{""box"":{""left"":7306,""right"":3781,""top"":7881,""bottom"":5197},""time"":1729913731138},{""box"":{""left"":7306,""right"":3781,""top"":7881,""bottom"":5197},""time"":1729913731188},{""box"":{""left"":7306,""right"":3781,""top"":7881,""bottom"":5197},""time"":1729913731198},{""box"":{""left"":7306,""right"":3781,""top"":7881,""bottom"":5197},""time"":1729913731258},{""box"":{""left"":7306,""right"":3781,""top"":7881,""bottom"":5197},""time"":1729913731268},{""box"":{""left"":7306,""right"":3781,""top"":7881,""bottom"":5197},""time"":1729913731318},{""box"":{""left"":7306,""right"":3781,""top"":7881,""bottom"":5197},""time"":1729913731329},{""box"":{""left"":7306,""right"":3781,""top"":7881,""bottom"":5197},""time"":1729913731388},{""box"":{""left"":7306,""right"":3781,""top"":7881,""bottom"":5197},""time"":1729913731399},{""box"":{""left"":7306,""right"":3781,""top"":7881,""bottom"":5197},""time"":1729913731449},{""box"":{""left"":7306,""right"":3781,""top"":7881,""bottom"":5197},""time"":1729913731459},{""box"":{""left"":7306,""right"":3781,""top"":7881,""bottom"":5197},""time"":1729913731509},{""box"":{""left"":7306,""right"":3781,""top"":7881,""bottom"":5197},""time"":1729913731520},{""box"":{""left"":7306,""right"":3781,""top"":7881,""bottom"":5197},""time"":1729913731570},{""box"":{""left"":7306,""right"":3781,""top"":7881,""bottom"":5197},""time"":1729913731580},{""box"":{""left"":7306,""right"":3781,""top"":7881,""bottom"":5197},""time"":1729913731640},{""box"":{""left"":7306,""right"":3781,""top"":7881,""bottom"":5197},""time"":1729913731650},{""box"":{""left"":7306,""right"":3781,""top"":7881,""bottom"":5197},""time"":1729913731700},{""box"":{""left"":7306,""right"":3781,""top"":7881,""bottom"":5197},""time"":1729913731710},{""box"":{""left"":7306,""right"":3781,""top"":7881,""bottom"":5197},""time"":1729913731776},{""box"":{""left"":7306,""right"":3781,""top"":7881,""bottom"":5197},""time"":1729913731787},{""box"":{""left"":7306,""right"":3781,""top"":7881,""bottom"":5197},""time"":1729913731852},{""box"":{""left"":7306,""right"":3781,""top"":7881,""bottom"":5197},""time"":1729913731904},{""box"":{""left"":7306,""right"":3781,""top"":7881,""bottom"":5197},""time"":1729913731935},{""box"":{""left"":7306,""right"":3781,""top"":7881,""bottom"":5197},""time"":1729913731985},{""box"":{""left"":7306,""right"":3781,""top"":7881,""bottom"":5197},""time"":1729913731996},{""box"":{""left"":7306,""right"":3781,""top"":7881,""bottom"":5197},""time"":1729913732055},{""box"":{""left"":7306,""right"":3781,""top"":7881,""bottom"":5197},""time"":1729913732110},{""box"":{""left"":7306,""right"":3781,""top"":7881,""bottom"":5197},""time"":1729913732164},{""box"":{""left"":7306,""right"":3781,""top"":7881,""bottom"":5197},""time"":1729913732218},{""box"":{""left"":7306,""right"":3781,""top"":7881,""bottom"":5197},""time"":1729913732273},{""box"":{""left"":7306,""right"":3781,""top"":7881,""bottom"":5197},""time"":1729913732327},{""box"":{""left"":7306,""right"":3781,""top"":7881,""bottom"":5197},""time"":1729913732381},{""box"":{""left"":7306,""right"":3781,""top"":7881,""bottom"":5197},""time"":1729913732435},{""box"":{""left"":7306,""right"":3781,""top"":7881,""bottom"":5197},""time"":1729913732490},{""box"":{""left"":7306,""right"":3781,""top"":7881,""bottom"":5197},""time"":1729913732544},{""box"":{""left"":7306,""right"":3781,""top"":7881,""bottom"":5197},""time"":1729913732554},{""box"":{""left"":7306,""right"":3781,""top"":7881,""bottom"":5197},""time"":1729913732620},{""box"":{""left"":7306,""right"":3781,""top"":7881,""bottom"":5197},""time"":1729913732672},{""box"":{""left"":7306,""right"":3781,""top"":7881,""bottom"":5197},""time"":1729913732683},{""box"":{""left"":7306,""right"":3781,""top"":7881,""bottom"":5197},""time"":1729913732748},{""box"":{""left"":7306,""right"":3781,""top"":7881,""bottom"":5197},""time"":1729913732758},{""box"":{""left"":7306,""right"":3781,""top"":7881,""bottom"":5197},""time"":1729913732824},{""box"":{""left"":7306,""right"":3781,""top"":7881,""bottom"":5197},""time"":1729913732834},{""box"":{""left"":7306,""right"":3781,""top"":7881,""bottom"":5197},""time"":1729913732899},{""box"":{""left"":7306,""right"":3781,""top"":7881,""bottom"":5197},""time"":1729913732910},{""box"":{""left"":7306,""right"":3781,""top"":7881,""bottom"":5197},""time"":1729913732975},{""box"":{""left"":7306,""right"":3781,""top"":7881,""bottom"":5197},""time"":1729913732986},{""box"":{""left"":7306,""right"":3781,""top"":7881,""bottom"":5197},""time"":1729913733051},{""box"":{""left"":7306,""right"":3781,""top"":7881,""bottom"":5197},""time"":1729913733061},{""box"":{""left"":7306,""right"":3781,""top"":7881,""bottom"":5197},""time"":1729913733233},{""box"":{""left"":7306,""right"":3781,""top"":7881,""bottom"":5197},""time"":1729913733243},{""box"":{""left"":7306,""right"":3781,""top"":7881,""bottom"":5197},""time"":1729913733310},{""box"":{""left"":7306,""right"":3781,""top"":7881,""bottom"":5197},""time"":1729913733320},{""box"":{""left"":7306,""right"":3781,""top"":7881,""bottom"":5197},""time"":1729913733385},{""box"":{""left"":7306,""right"":3781,""top"":7881,""bottom"":5197},""time"":1729913733396},{""box"":{""left"":7306,""right"":3781,""top"":7881,""bottom"":5197},""time"":1729913733406},{""box"":{""left"":7306,""right"":3781,""top"":7881,""bottom"":5197},""time"":1729913733471},{""box"":{""left"":7306,""right"":3781,""top"":7881,""bottom"":5197},""time"":1729913733481},{""box"":{""left"":7306,""right"":3781,""top"":7881,""bottom"":5197},""time"":1729913733546},{""box"":{""left"":7306,""right"":3781,""top"":7881,""bottom"":5197},""time"":1729913733556},{""box"":{""left"":7306,""right"":3781,""top"":7881,""bottom"":5197},""time"":1729913733621},{""box"":{""left"":7306,""right"":3781,""top"":7881,""bottom"":5197},""time"":1729913733673},{""box"":{""left"":7306,""right"":3781,""top"":7881,""bottom"":5197},""time"":1729913733704},{""box"":{""left"":7306,""right"":3781,""top"":7881,""bottom"":5197},""time"":1729913733714},{""box"":{""left"":7306,""right"":3781,""top"":7881,""bottom"":5197},""time"":1729913733779},{""box"":{""left"":7306,""right"":3781,""top"":7881,""bottom"":5197},""time"":1729913733789},{""box"":{""left"":7306,""right"":3781,""top"":7881,""bottom"":5197},""time"":1729913733854},{""box"":{""left"":7306,""right"":3781,""top"":7881,""bottom"":5197},""time"":1729913733865},{""box"":{""left"":7306,""right"":3781,""top"":7881,""bottom"":5197},""time"":1729913733924},{""box"":{""left"":7306,""right"":3781,""top"":7881,""bottom"":5197},""time"":1729913733934},{""box"":{""left"":7306,""right"":3781,""top"":7881,""bottom"":5197},""time"":1729913733985},{""box"":{""left"":7306,""right"":3781,""top"":7881,""bottom"":5197},""time"":1729913733995},{""box"":{""left"":7306,""right"":3781,""top"":7881,""bottom"":5197},""time"":1729913734060},{""box"":{""left"":7306,""right"":3781,""top"":7881,""bottom"":5197},""time"":1729913734071},{""box"":{""left"":7306,""right"":3781,""top"":7881,""bottom"":5197},""time"":1729913734135},{""box"":{""left"":7306,""right"":3781,""top"":7881,""bottom"":5197},""time"":1729913734186},{""box"":{""left"":7306,""right"":3781,""top"":7881,""bottom"":5197},""time"":1729913734240},{""box"":{""left"":7306,""right"":3781,""top"":7881,""bottom"":5197},""time"":1729913734294},{""box"":{""left"":7306,""right"":3781,""top"":7881,""bottom"":5197},""time"":1729913734304},{""box"":{""left"":7306,""right"":3781,""top"":7881,""bottom"":5197},""time"":1729913734346},{""box"":{""left"":7306,""right"":3781,""top"":7881,""bottom"":5197},""time"":1729913734400},{""box"":{""left"":7306,""right"":3781,""top"":7881,""bottom"":5197},""time"":1729913734454},{""box"":{""left"":7306,""right"":3781,""top"":7881,""bottom"":5197},""time"":1729913734508},{""box"":{""left"":7306,""right"":3781,""top"":7881,""bottom"":5197},""time"":1729913734557},{""box"":{""left"":7306,""right"":3781,""top"":7881,""bottom"":5197},""time"":1729913734597},{""box"":{""left"":7306,""right"":3781,""top"":7881,""bottom"":5197},""time"":1729913734648},{""box"":{""left"":7306,""right"":3781,""top"":7881,""bottom"":5197},""time"":1729913734658},{""box"":{""left"":7306,""right"":3781,""top"":7881,""bottom"":5197},""time"":1729913734718},{""box"":{""left"":7306,""right"":3781,""top"":7881,""bottom"":5197},""time"":1729913734729},{""box"":{""left"":7306,""right"":3781,""top"":7881,""bottom"":5197},""time"":1729913734794},{""box"":{""left"":7306,""right"":3781,""top"":7881,""bottom"":5197},""time"":1729913734804},{""box"":{""left"":7306,""right"":3781,""top"":7881,""bottom"":5197},""time"":1729913734858},{""box"":{""left"":7306,""right"":3781,""top"":7881,""bottom"":5197},""time"":1729913734869},{""box"":{""left"":7306,""right"":3781,""top"":7881,""bottom"":5197},""time"":1729913734918},{""box"":{""left"":7306,""right"":3781,""top"":7881,""bottom"":5197},""time"":1729913734929},{""box"":{""left"":7306,""right"":3781,""top"":7881,""bottom"":5197},""time"":1729913734978},{""box"":{""left"":7306,""right"":3781,""top"":7881,""bottom"":5197},""time"":1729913734988},{""box"":{""left"":7306,""right"":3781,""top"":7881,""bottom"":5197},""time"":1729913735057},{""box"":{""left"":7306,""right"":3781,""top"":7881,""bottom"":5197},""time"":1729913735109},{""box"":{""left"":7306,""right"":3781,""top"":7881,""bottom"":5197},""time"":1729913735159},{""box"":{""left"":7306,""right"":3781,""top"":7881,""bottom"":5197},""time"":1729913735199},{""box"":{""left"":7306,""right"":3781,""top"":7881,""bottom"":5197},""time"":1729913735209},{""box"":{""left"":7306,""right"":3781,""top"":7881,""bottom"":5197},""time"":1729913735278},{""box"":{""left"":7306,""right"":3781,""top"":7881,""bottom"":5197},""time"":1729913735328},{""box"":{""left"":7306,""right"":3781,""top"":7881,""bottom"":5197},""time"":1729913735338},{""box"":{""left"":7306,""right"":3781,""top"":7881,""bottom"":5197},""time"":1729913735368},{""box"":{""left"":7306,""right"":3781,""top"":7881,""bottom"":5197},""time"":1729913735398},{""box"":{""left"":7306,""right"":3781,""top"":7881,""bottom"":5197},""time"":1729913735438},{""box"":{""left"":7306,""right"":3781,""top"":7881,""bottom"":5197},""time"":1729913735477},{""box"":{""left"":7306,""right"":3781,""top"":7881,""bottom"":5197},""time"":1729913735517},{""box"":{""left"":7306,""right"":3781,""top"":7881,""bottom"":5197},""time"":1729913735528},{""box"":{""left"":7306,""right"":3781,""top"":7881,""bottom"":5197},""time"":1729913735577},{""box"":{""left"":7306,""right"":3781,""top"":7881,""bottom"":5197},""time"":1729913735588},{""box"":{""left"":7306,""right"":3781,""top"":7881,""bottom"":5197},""time"":1729913735627},{""box"":{""left"":7306,""right"":3781,""top"":7881,""bottom"":5197},""time"":1729913735637},{""box"":{""left"":7306,""right"":3781,""top"":7881,""bottom"":5197},""time"":1729913735697},{""box"":{""left"":7306,""right"":3781,""top"":7881,""bottom"":5197},""time"":1729913735747},{""box"":{""left"":7306,""right"":3781,""top"":7881,""bottom"":5197},""time"":1729913735797},{""box"":{""left"":7306,""right"":3781,""top"":7881,""bottom"":5197},""time"":1729913735847},{""box"":{""left"":7306,""right"":3781,""top"":7881,""bottom"":5197},""time"":1729913735897},{""box"":{""left"":7306,""right"":3781,""top"":7881,""bottom"":5197},""time"":1729913735907},{""box"":{""left"":7306,""right"":3781,""top"":7881,""bottom"":5197},""time"":1729913735967},{""box"":{""left"":7306,""right"":3781,""top"":7881,""bottom"":5197},""time"":1729913736007},{""box"":{""left"":7306,""right"":3781,""top"":7881,""bottom"":5197},""time"":1729913736057},{""box"":{""left"":7306,""right"":3781,""top"":7881,""bottom"":5197},""time"":1729913736107},{""box"":{""left"":7306,""right"":3781,""top"":7881,""bottom"":5197},""time"":1729913736247},{""box"":{""left"":7306,""right"":3781,""top"":7881,""bottom"":5197},""time"":1729913736296},{""box"":{""left"":7306,""right"":3781,""top"":7881,""bottom"":5197},""time"":1729913736346},{""box"":{""left"":7306,""right"":3781,""top"":7881,""bottom"":5197},""time"":1729913736356},{""box"":{""left"":7306,""right"":3781,""top"":7881,""bottom"":5197},""time"":1729913736406},{""box"":{""left"":7306,""right"":3781,""top"":7881,""bottom"":5197},""time"":1729913736456},{""box"":{""left"":7306,""right"":3781,""top"":7881,""bottom"":5197},""time"":1729913736506},{""box"":{""left"":7306,""right"":3781,""top"":7881,""bottom"":5197},""time"":1729913736555},{""box"":{""left"":7306,""right"":3781,""top"":7881,""bottom"":5197},""time"":1729913736679},{""box"":{""left"":7306,""right"":3781,""top"":7881,""bottom"":5197},""time"":1729913736690},{""box"":{""left"":7306,""right"":3781,""top"":7881,""bottom"":5197},""time"":1729913736959},{""box"":{""left"":7306,""right"":3781,""top"":7881,""bottom"":5197},""time"":1729913736969},{""box"":{""left"":7306,""right"":3781,""top"":7881,""bottom"":5197},""time"":1729913737021},{""box"":{""left"":7306,""right"":3781,""top"":7881,""bottom"":5197},""time"":1729913737031},{""box"":{""left"":7306,""right"":3781,""top"":7881,""bottom"":5197},""time"":1729913737081},{""box"":{""left"":7306,""right"":3781,""top"":7881,""bottom"":5197},""time"":1729913737133},{""box"":{""left"":7306,""right"":3781,""top"":7881,""bottom"":5197},""time"":1729913737144},{""box"":{""left"":7306,""right"":3781,""top"":7881,""bottom"":5197},""time"":1729913737195},{""box"":{""left"":7306,""right"":3781,""top"":7881,""bottom"":5197},""time"":1729913737206},{""box"":{""left"":7306,""right"":3781,""top"":7881,""bottom"":5197},""time"":1729913737256},{""box"":{""left"":7306,""right"":3781,""top"":7881,""bottom"":5197},""time"":1729913737267},{""box"":{""left"":7306,""right"":3781,""top"":7881,""bottom"":5197},""time"":1729913737318}",,,,,
57032,Person,2024-10-26 12:35:07,2024-10-26 12:35:09,"{""left"":5968,""right"":1937,""top"":6118,""bottom"":2801},{""box"":{""left"":5968,""right"":1937,""top"":6118,""bottom"":2801},""time"":1729913708571},{""box"":{""left"":5968,""right"":1937,""top"":6118,""bottom"":2801},""time"":1729913708903},{""box"":{""left"":5968,""right"":1937,""top"":6118,""bottom"":2801},""time"":1729913709015},{""box"":{""left"":5968,""right"":1937,""top"":6118,""bottom"":2801},""time"":1729913709250}",,,,,
57033,Person,2024-10-26 12:35:17,2024-10-26 12:35:36,"{""left"":1962,""right"":2427,""top"":2156,""bottom"":3593},{""box"":{""left"":1962,""right"":2427,""top"":2156,""bottom"":3593},""time"":1729913718228},{""box"":{""left"":1962,""right"":2427,""top"":2156,""bottom"":3593},""time"":1729913718342},{""box"":{""left"":1962,""right"":2427,""top"":2156,""bottom"":3593},""time"":1729913718518},{""box"":{""left"":1962,""right"":2427,""top"":2156,""bottom"":3593},""time"":1729913718920},{""box"":{""left"":1962,""right"":2427,""top"":2156,""bottom"":3593},""time"":1729913719035},{""box"":{""left"":1962,""right"":2427,""top"":2156,""bottom"":3593},""time"":1729913719260},{""box"":{""left"":1962,""right"":2427,""top"":2156,""bottom"":3593},""time"":1729913719427},{""box"":{""left"":1962,""right"":2427,""top"":2156,""bottom"":3593},""time"":1729913719727},{""box"":{""left"":1962,""right"":2427,""top"":2156,""bottom"":3593},""time"":1729913719832},{""box"":{""left"":1962,""right"":2427,""top"":2156,""bottom"":3593},""time"":1729913720056},{""box"":{""left"":1962,""right"":2427,""top"":2156,""bottom"":3593},""time"":1729913720127},{""box"":{""left"":1962,""right"":2427,""top"":2156,""bottom"":3593},""time"":1729913720343},{""box"":{""left"":1962,""right"":2427,""top"":2156,""bottom"":3593},""time"":1729913720798},{""box"":{""left"":1962,""right"":2427,""top"":2156,""bottom"":3593},""time"":1729913720869},{""box"":{""left"":1962,""right"":2427,""top"":2156,""bottom"":3593},""time"":1729913720928},{""box"":{""left"":1962,""right"":2427,""top"":2156,""bottom"":3593},""time"":1729913720987},{""box"":{""left"":1962,""right"":2427,""top"":2156,""bottom"":3593},""time"":1729913721057},{""box"":{""left"":1962,""right"":2427,""top"":2156,""bottom"":3593},""time"":1729913721116},{""box"":{""left"":1962,""right"":2427,""top"":2156,""bottom"":3593},""time"":1729913721165},{""box"":{""left"":1962,""right"":2427,""top"":2156,""bottom"":3593},""time"":1729913721224},{""box"":{""left"":1962,""right"":2427,""top"":2156,""bottom"":3593},""time"":1729913721284},{""box"":{""left"":1962,""right"":2427,""top"":2156,""bottom"":3593},""time"":1729913721343},{""box"":{""left"":1962,""right"":2427,""top"":2156,""bottom"":3593},""time"":1729913721402},{""box"":{""left"":1962,""right"":2427,""top"":2156,""bottom"":3593},""time"":1729913721462},{""box"":{""left"":1962,""right"":2427,""top"":2156,""bottom"":3593},""time"":1729913721521},{""box"":{""left"":1962,""right"":2427,""top"":2156,""bottom"":3593},""time"":1729913721612},{""box"":{""left"":1962,""right"":2427,""top"":2156,""bottom"":3593},""time"":1729913721768},{""box"":{""left"":1962,""right"":2427,""top"":2156,""bottom"":3593},""time"":1729913721995},{""box"":{""left"":1962,""right"":2427,""top"":2156,""bottom"":3593},""time"":1729913722109},{""box"":{""left"":1962,""right"":2427,""top"":2156,""bottom"":3593},""time"":1729913722168},{""box"":{""left"":1962,""right"":2427,""top"":2156,""bottom"":3593},""time"":1729913722278},{""box"":{""left"":1962,""right"":2427,""top"":2156,""bottom"":3593},""time"":1729913722399},{""box"":{""left"":1962,""right"":2427,""top"":2156,""bottom"":3593},""time"":1729913722458},{""box"":{""left"":1962,""right"":2427,""top"":2156,""bottom"":3593},""time"":1729913722517},{""box"":{""left"":1962,""right"":2427,""top"":2156,""bottom"":3593},""time"":1729913722577},{""box"":{""left"":1962,""right"":2427,""top"":2156,""bottom"":3593},""time"":1729913723078},{""box"":{""left"":1962,""right"":2427,""top"":2156,""bottom"":3593},""time"":1729913723147},{""box"":{""left"":1962,""right"":2427,""top"":2156,""bottom"":3593},""time"":1729913723359},{""box"":{""left"":1962,""right"":2427,""top"":2156,""bottom"":3593},""time"":1729913724155},{""box"":{""left"":1962,""right"":2427,""top"":2156,""bottom"":3593},""time"":1729913724214},{""box"":{""left"":1962,""right"":2427,""top"":2156,""bottom"":3593},""time"":1729913724324},{""box"":{""left"":1962,""right"":2427,""top"":2156,""bottom"":3593},""time"":1729913724542},{""box"":{""left"":1962,""right"":2427,""top"":2156,""bottom"":3593},""time"":1729913724592},{""box"":{""left"":1962,""right"":2427,""top"":2156,""bottom"":3593},""time"":1729913724715},{""box"":{""left"":1962,""right"":2427,""top"":2156,""bottom"":3593},""time"":1729913724766},{""box"":{""left"":1962,""right"":2427,""top"":2156,""bottom"":3593},""time"":1729913724829},{""box"":{""left"":1962,""right"":2427,""top"":2156,""bottom"":3593},""time"":1729913724943},{""box"":{""left"":1962,""right"":2427,""top"":2156,""bottom"":3593},""time"":1729913725415},{""box"":{""left"":1962,""right"":2427,""top"":2156,""bottom"":3593},""time"":1729913725475},{""box"":{""left"":1962,""right"":2427,""top"":2156,""bottom"":3593},""time"":1729913725534},{""box"":{""left"":1962,""right"":2427,""top"":2156,""bottom"":3593},""time"":1729913725594},{""box"":{""left"":1962,""right"":2427,""top"":2156,""bottom"":3593},""time"":1729913725654},{""box"":{""left"":1962,""right"":2427,""top"":2156,""bottom"":3593},""time"":1729913725713},{""box"":{""left"":1962,""right"":2427,""top"":2156,""bottom"":3593},""time"":1729913725806},{""box"":{""left"":1962,""right"":2427,""top"":2156,""bottom"":3593},""time"":1729913725866},{""box"":{""left"":1962,""right"":2427,""top"":2156,""bottom"":3593},""time"":1729913725926},{""box"":{""left"":1962,""right"":2427,""top"":2156,""bottom"":3593},""time"":1729913725985},{""box"":{""left"":1962,""right"":2427,""top"":2156,""bottom"":3593},""time"":1729913726045},{""box"":{""left"":1962,""right"":2427,""top"":2156,""bottom"":3593},""time"":1729913726104},{""box"":{""left"":1962,""right"":2427,""top"":2156,""bottom"":3593},""time"":1729913726203},{""box"":{""left"":1962,""right"":2427,""top"":2156,""bottom"":3593},""time"":1729913726426},{""box"":{""left"":1962,""right"":2427,""top"":2156,""bottom"":3593},""time"":1729913726486},{""box"":{""left"":1962,""right"":2427,""top"":2156,""bottom"":3593},""time"":1729913726544},{""box"":{""left"":1962,""right"":2427,""top"":2156,""bottom"":3593},""time"":1729913726643},{""box"":{""left"":1962,""right"":2427,""top"":2156,""bottom"":3593},""time"":1729913726704},{""box"":{""left"":1962,""right"":2427,""top"":2156,""bottom"":3593},""time"":1729913726754},{""box"":{""left"":1962,""right"":2427,""top"":2156,""bottom"":3593},""time"":1729913726797},{""box"":{""left"":1962,""right"":2427,""top"":2156,""bottom"":3593},""time"":1729913726848},{""box"":{""left"":1962,""right"":2427,""top"":2156,""bottom"":3593},""time"":1729913726912},{""box"":{""left"":1962,""right"":2427,""top"":2156,""bottom"":3593},""time"":1729913726962},{""box"":{""left"":1962,""right"":2427,""top"":2156,""bottom"":3593},""time"":1729913727024},{""box"":{""left"":1962,""right"":2427,""top"":2156,""bottom"":3593},""time"":1729913727075},{""box"":{""left"":1962,""right"":2427,""top"":2156,""bottom"":3593},""time"":1729913727149},{""box"":{""left"":1962,""right"":2427,""top"":2156,""bottom"":3593},""time"":1729913727199},{""box"":{""left"":1962,""right"":2427,""top"":2156,""bottom"":3593},""time"":1729913727262},{""box"":{""left"":1962,""right"":2427,""top"":2156,""bottom"":3593},""time"":1729913727314},{""box"":{""left"":1962,""right"":2427,""top"":2156,""bottom"":3593},""time"":1729913727366},{""box"":{""left"":1962,""right"":2427,""top"":2156,""bottom"":3593},""time"":1729913727438},{""box"":{""left"":1962,""right"":2427,""top"":2156,""bottom"":3593},""time"":1729913727487},{""box"":{""left"":1962,""right"":2427,""top"":2156,""bottom"":3593},""time"":1729913727567},{""box"":{""left"":1962,""right"":2427,""top"":2156,""bottom"":3593},""time"":1729913727666},{""box"":{""left"":1962,""right"":2427,""top"":2156,""bottom"":3593},""time"":1729913727727},{""box"":{""left"":1962,""right"":2427,""top"":2156,""bottom"":3593},""time"":1729913727777},{""box"":{""left"":1962,""right"":2427,""top"":2156,""bottom"":3593},""time"":1729913727796},{""box"":{""left"":1962,""right"":2427,""top"":2156,""bottom"":3593},""time"":1729913727855},{""box"":{""left"":1962,""right"":2427,""top"":2156,""bottom"":3593},""time"":1729913727904},{""box"":{""left"":1962,""right"":2427,""top"":2156,""bottom"":3593},""time"":1729913727963},{""box"":{""left"":1962,""right"":2427,""top"":2156,""bottom"":3593},""time"":1729913728022},{""box"":{""left"":1962,""right"":2427,""top"":2156,""bottom"":3593},""time"":1729913728073},{""box"":{""left"":1962,""right"":2427,""top"":2156,""bottom"":3593},""time"":1729913728133},{""box"":{""left"":1962,""right"":2427,""top"":2156,""bottom"":3593},""time"":1729913728176},{""box"":{""left"":1962,""right"":2427,""top"":2156,""bottom"":3593},""time"":1729913728195},{""box"":{""left"":1962,""right"":2427,""top"":2156,""bottom"":3593},""time"":1729913728254},{""box"":{""left"":1962,""right"":2427,""top"":2156,""bottom"":3593},""time"":1729913728313},{""box"":{""left"":1962,""right"":2427,""top"":2156,""bottom"":3593},""time"":1729913728362},{""box"":{""left"":1962,""right"":2427,""top"":2156,""bottom"":3593},""time"":1729913728381},{""box"":{""left"":1962,""right"":2427,""top"":2156,""bottom"":3593},""time"":1729913728421},{""box"":{""left"":1962,""right"":2427,""top"":2156,""bottom"":3593},""time"":1729913728450},{""box"":{""left"":1962,""right"":2427,""top"":2156,""bottom"":3593},""time"":1729913728508},{""box"":{""left"":1962,""right"":2427,""top"":2156,""bottom"":3593},""time"":1729913728540},{""box"":{""left"":1962,""right"":2427,""top"":2156,""bottom"":3593},""time"":1729913728604},{""box"":{""left"":1962,""right"":2427,""top"":2156,""bottom"":3593},""time"":1729913728673},{""box"":{""left"":1962,""right"":2427,""top"":2156,""bottom"":3593},""time"":1729913728715},{""box"":{""left"":1962,""right"":2427,""top"":2156,""bottom"":3593},""time"":1729913728789},{""box"":{""left"":1962,""right"":2427,""top"":2156,""bottom"":3593},""time"":1729913728884},{""box"":{""left"":1962,""right"":2427,""top"":2156,""bottom"":3593},""time"":1729913728963},{""box"":{""left"":1962,""right"":2427,""top"":2156,""bottom"":3593},""time"":1729913729041},{""box"":{""left"":1962,""right"":2427,""top"":2156,""bottom"":3593},""time"":1729913729120},{""box"":{""left"":1962,""right"":2427,""top"":2156,""bottom"":3593},""time"":1729913729195},{""box"":{""left"":1962,""right"":2427,""top"":2156,""bottom"":3593},""time"":1729913729233},{""box"":{""left"":1962,""right"":2427,""top"":2156,""bottom"":3593},""time"":1729913729303},{""box"":{""left"":1962,""right"":2427,""top"":2156,""bottom"":3593},""time"":1729913729352},{""box"":{""left"":1962,""right"":2427,""top"":2156,""bottom"":3593},""time"":1729913729412},{""box"":{""left"":1962,""right"":2427,""top"":2156,""bottom"":3593},""time"":1729913729491},{""box"":{""left"":1962,""right"":2427,""top"":2156,""bottom"":3593},""time"":1729913729872},{""box"":{""left"":1962,""right"":2427,""top"":2156,""bottom"":3593},""time"":1729913730162},{""box"":{""left"":1962,""right"":2427,""top"":2156,""bottom"":3593},""time"":1729913730213},{""box"":{""left"":1962,""right"":2427,""top"":2156,""bottom"":3593},""time"":1729913730265},{""box"":{""left"":1962,""right"":2427,""top"":2156,""bottom"":3593},""time"":1729913730336},{""box"":{""left"":1962,""right"":2427,""top"":2156,""bottom"":3593},""time"":1729913730386},{""box"":{""left"":1962,""right"":2427,""top"":2156,""bottom"":3593},""time"":1729913730439},{""box"":{""left"":1962,""right"":2427,""top"":2156,""bottom"":3593},""time"":1729913730514},{""box"":{""left"":1962,""right"":2427,""top"":2156,""bottom"":3593},""time"":1729913730554},{""box"":{""left"":1962,""right"":2427,""top"":2156,""bottom"":3593},""time"":1729913730626},{""box"":{""left"":1962,""right"":2427,""top"":2156,""bottom"":3593},""time"":1729913730677},{""box"":{""left"":1962,""right"":2427,""top"":2156,""bottom"":3593},""time"":1729913730718},{""box"":{""left"":1962,""right"":2427,""top"":2156,""bottom"":3593},""time"":1729913730778},{""box"":{""left"":1962,""right"":2427,""top"":2156,""bottom"":3593},""time"":1729913730840},{""box"":{""left"":1962,""right"":2427,""top"":2156,""bottom"":3593},""time"":1729913730913},{""box"":{""left"":1962,""right"":2427,""top"":2156,""bottom"":3593},""time"":1729913730972},{""box"":{""left"":1962,""right"":2427,""top"":2156,""bottom"":3593},""time"":1729913731016},{""box"":{""left"":1962,""right"":2427,""top"":2156,""bottom"":3593},""time"":1729913731087},{""box"":{""left"":1962,""right"":2427,""top"":2156,""bottom"":3593},""time"":1729913731148},{""box"":{""left"":1962,""right"":2427,""top"":2156,""bottom"":3593},""time"":1729913731208},{""box"":{""left"":1962,""right"":2427,""top"":2156,""bottom"":3593},""time"":1729913731278},{""box"":{""left"":1962,""right"":2427,""top"":2156,""bottom"":3593},""time"":1729913731339},{""box"":{""left"":1962,""right"":2427,""top"":2156,""bottom"":3593},""time"":1729913731409},{""box"":{""left"":1962,""right"":2427,""top"":2156,""bottom"":3593},""time"":1729913731469},{""box"":{""left"":1962,""right"":2427,""top"":2156,""bottom"":3593},""time"":1729913731530},{""box"":{""left"":1962,""right"":2427,""top"":2156,""bottom"":3593},""time"":1729913731590},{""box"":{""left"":1962,""right"":2427,""top"":2156,""bottom"":3593},""time"":1729913731660},{""box"":{""left"":1962,""right"":2427,""top"":2156,""bottom"":3593},""time"":1729913731720},{""box"":{""left"":1962,""right"":2427,""top"":2156,""bottom"":3593},""time"":1729913731797},{""box"":{""left"":1962,""right"":2427,""top"":2156,""bottom"":3593},""time"":1729913731862},{""box"":{""left"":1962,""right"":2427,""top"":2156,""bottom"":3593},""time"":1729913731914},{""box"":{""left"":1962,""right"":2427,""top"":2156,""bottom"":3593},""time"":1729913731945},{""box"":{""left"":1962,""right"":2427,""top"":2156,""bottom"":3593},""time"":1729913732006},{""box"":{""left"":1962,""right"":2427,""top"":2156,""bottom"":3593},""time"":1729913732066},{""box"":{""left"":1962,""right"":2427,""top"":2156,""bottom"":3593},""time"":1729913732120},{""box"":{""left"":1962,""right"":2427,""top"":2156,""bottom"":3593},""time"":1729913732174},{""box"":{""left"":1962,""right"":2427,""top"":2156,""bottom"":3593},""time"":1729913732228},{""box"":{""left"":1962,""right"":2427,""top"":2156,""bottom"":3593},""time"":1729913732283},{""box"":{""left"":1962,""right"":2427,""top"":2156,""bottom"":3593},""time"":1729913732337},{""box"":{""left"":1962,""right"":2427,""top"":2156,""bottom"":3593},""time"":1729913732391},{""box"":{""left"":1962,""right"":2427,""top"":2156,""bottom"":3593},""time"":1729913732445},{""box"":{""left"":1962,""right"":2427,""top"":2156,""bottom"":3593},""time"":1729913732500},{""box"":{""left"":1962,""right"":2427,""top"":2156,""bottom"":3593},""time"":1729913732564},{""box"":{""left"":1962,""right"":2427,""top"":2156,""bottom"":3593},""time"":1729913732630},{""box"":{""left"":1962,""right"":2427,""top"":2156,""bottom"":3593},""time"":1729913732693},{""box"":{""left"":1962,""right"":2427,""top"":2156,""bottom"":3593},""time"":1729913732768},{""box"":{""left"":1962,""right"":2427,""top"":2156,""bottom"":3593},""time"":1729913732844},{""box"":{""left"":1962,""right"":2427,""top"":2156,""bottom"":3593},""time"":1729913732920},{""box"":{""left"":1962,""right"":2427,""top"":2156,""bottom"":3593},""time"":1729913732996},{""box"":{""left"":1962,""right"":2427,""top"":2156,""bottom"":3593},""time"":1729913733072},{""box"":{""left"":1962,""right"":2427,""top"":2156,""bottom"":3593},""time"":1729913733254},{""box"":{""left"":1962,""right"":2427,""top"":2156,""bottom"":3593},""time"":1729913733330},{""box"":{""left"":1962,""right"":2427,""top"":2156,""bottom"":3593},""time"":1729913733416},{""box"":{""left"":1962,""right"":2427,""top"":2156,""bottom"":3593},""time"":1729913733491},{""box"":{""left"":1962,""right"":2427,""top"":2156,""bottom"":3593},""time"":1729913733566},{""box"":{""left"":1962,""right"":2427,""top"":2156,""bottom"":3593},""time"":1729913733632},{""box"":{""left"":1962,""right"":2427,""top"":2156,""bottom"":3593},""time"":1729913733682},{""box"":{""left"":1962,""right"":2427,""top"":2156,""bottom"":3593},""time"":1729913733724},{""box"":{""left"":1962,""right"":2427,""top"":2156,""bottom"":3593},""time"":1729913733799},{""box"":{""left"":1962,""right"":2427,""top"":2156,""bottom"":3593},""time"":1729913733874},{""box"":{""left"":1962,""right"":2427,""top"":2156,""bottom"":3593},""time"":1729913733944},{""box"":{""left"":1962,""right"":2427,""top"":2156,""bottom"":3593},""time"":1729913734006},{""box"":{""left"":1962,""right"":2427,""top"":2156,""bottom"":3593},""time"":1729913734080},{""box"":{""left"":1962,""right"":2427,""top"":2156,""bottom"":3593},""time"":1729913734146},{""box"":{""left"":1962,""right"":2427,""top"":2156,""bottom"":3593},""time"":1729913734196},{""box"":{""left"":1962,""right"":2427,""top"":2156,""bottom"":3593},""time"":1729913734250},{""box"":{""left"":1962,""right"":2427,""top"":2156,""bottom"":3593},""time"":1729913734314},{""box"":{""left"":1962,""right"":2427,""top"":2156,""bottom"":3593},""time"":1729913734356},{""box"":{""left"":1962,""right"":2427,""top"":2156,""bottom"":3593},""time"":1729913734410},{""box"":{""left"":1962,""right"":2427,""top"":2156,""bottom"":3593},""time"":1729913734464},{""box"":{""left"":1962,""right"":2427,""top"":2156,""bottom"":3593},""time"":1729913734517},{""box"":{""left"":1962,""right"":2427,""top"":2156,""bottom"":3593},""time"":1729913734567},{""box"":{""left"":1962,""right"":2427,""top"":2156,""bottom"":3593},""time"":1729913734607},{""box"":{""left"":1962,""right"":2427,""top"":2156,""bottom"":3593},""time"":1729913734669},{""box"":{""left"":1962,""right"":2427,""top"":2156,""bottom"":3593},""time"":1729913734739},{""box"":{""left"":1962,""right"":2427,""top"":2156,""bottom"":3593},""time"":1729913734998},{""box"":{""left"":1962,""right"":2427,""top"":2156,""bottom"":3593},""time"":1729913735068},{""box"":{""left"":1962,""right"":2427,""top"":2156,""bottom"":3593},""time"":1729913735119},{""box"":{""left"":1962,""right"":2427,""top"":2156,""bottom"":3593},""time"":1729913735169},{""box"":{""left"":1962,""right"":2427,""top"":2156,""bottom"":3593},""time"":1729913735219},{""box"":{""left"":1962,""right"":2427,""top"":2156,""bottom"":3593},""time"":1729913735289},{""box"":{""left"":1962,""right"":2427,""top"":2156,""bottom"":3593},""time"":1729913735408},{""box"":{""left"":1962,""right"":2427,""top"":2156,""bottom"":3593},""time"":1729913735448},{""box"":{""left"":1962,""right"":2427,""top"":2156,""bottom"":3593},""time"":1729913735488},{""box"":{""left"":1962,""right"":2427,""top"":2156,""bottom"":3593},""time"":1729913735537},{""box"":{""left"":1962,""right"":2427,""top"":2156,""bottom"":3593},""time"":1729913735647},{""box"":{""left"":1962,""right"":2427,""top"":2156,""bottom"":3593},""time"":1729913735707},{""box"":{""left"":1962,""right"":2427,""top"":2156,""bottom"":3593},""time"":1729913735757},{""box"":{""left"":1962,""right"":2427,""top"":2156,""bottom"":3593},""time"":1729913735807},{""box"":{""left"":1962,""right"":2427,""top"":2156,""bottom"":3593},""time"":1729913735857},{""box"":{""left"":1962,""right"":2427,""top"":2156,""bottom"":3593},""time"":1729913735917},{""box"":{""left"":1962,""right"":2427,""top"":2156,""bottom"":3593},""time"":1729913735977},{""box"":{""left"":1962,""right"":2427,""top"":2156,""bottom"":3593},""time"":1729913736017},{""box"":{""left"":1962,""right"":2427,""top"":2156,""bottom"":3593},""time"":1729913736067},{""box"":{""left"":1962,""right"":2427,""top"":2156,""bottom"":3593},""time"":1729913736117},{""box"":{""left"":1962,""right"":2427,""top"":2156,""bottom"":3593},""time"":1729913736148},{""box"":{""left"":1962,""right"":2427,""top"":2156,""bottom"":3593},""time"":1729913736197},{""box"":{""left"":1962,""right"":2427,""top"":2156,""bottom"":3593},""time"":1729913736257},{""box"":{""left"":1962,""right"":2427,""top"":2156,""bottom"":3593},""time"":1729913736307},{""box"":{""left"":1962,""right"":2427,""top"":2156,""bottom"":3593},""time"":1729913736366},{""box"":{""left"":1962,""right"":2427,""top"":2156,""bottom"":3593},""time"":1729913736416},{""box"":{""left"":1962,""right"":2427,""top"":2156,""bottom"":3593},""time"":1729913736466},{""box"":{""left"":1962,""right"":2427,""top"":2156,""bottom"":3593},""time"":1729913736515},{""box"":{""left"":1962,""right"":2427,""top"":2156,""bottom"":3593},""time"":1729913736566},{""box"":{""left"":1962,""right"":2427,""top"":2156,""bottom"":3593},""time"":1729913736606},{""box"":{""left"":1962,""right"":2427,""top"":2156,""bottom"":3593},""time"":1729913736655},{""box"":{""left"":1962,""right"":2427,""top"":2156,""bottom"":3593},""time"":1729913736699},{""box"":{""left"":1962,""right"":2427,""top"":2156,""bottom"":3593},""time"":1729913736749},{""box"":{""left"":1962,""right"":2427,""top"":2156,""bottom"":3593},""time"":1729913736773},{""box"":{""left"":1962,""right"":2427,""top"":2156,""bottom"":3593},""time"":1729913736796}",,,,,
57034,Person,2024-10-26 12:35:18,2024-10-26 12:35:40,"{""left"":2075,""right"":2437,""top"":2337,""bottom"":3687},{""box"":{""left"":2075,""right"":2437,""top"":2337,""bottom"":3687},""time"":1729913719737},{""box"":{""left"":2075,""right"":2437,""top"":2337,""bottom"":3687},""time"":1729913719841},{""box"":{""left"":2075,""right"":2437,""top"":2337,""bottom"":3687},""time"":1729913720066},{""box"":{""left"":2075,""right"":2437,""top"":2337,""bottom"":3687},""time"":1729913720137},{""box"":{""left"":2075,""right"":2437,""top"":2337,""bottom"":3687},""time"":1729913720353},{""box"":{""left"":2075,""right"":2437,""top"":2337,""bottom"":3687},""time"":1729913720808},{""box"":{""left"":2075,""right"":2437,""top"":2337,""bottom"":3687},""time"":1729913720879},{""box"":{""left"":2075,""right"":2437,""top"":2337,""bottom"":3687},""time"":1729913720938},{""box"":{""left"":2075,""right"":2437,""top"":2337,""bottom"":3687},""time"":1729913720997},{""box"":{""left"":2075,""right"":2437,""top"":2337,""bottom"":3687},""time"":1729913721066},{""box"":{""left"":2075,""right"":2437,""top"":2337,""bottom"":3687},""time"":1729913721125},{""box"":{""left"":2075,""right"":2437,""top"":2337,""bottom"":3687},""time"":1729913721175},{""box"":{""left"":2075,""right"":2437,""top"":2337,""bottom"":3687},""time"":1729913721234},{""box"":{""left"":2075,""right"":2437,""top"":2337,""bottom"":3687},""time"":1729913721293},{""box"":{""left"":2075,""right"":2437,""top"":2337,""bottom"":3687},""time"":1729913721353},{""box"":{""left"":2075,""right"":2437,""top"":2337,""bottom"":3687},""time"":1729913721412},{""box"":{""left"":2075,""right"":2437,""top"":2337,""bottom"":3687},""time"":1729913721471},{""box"":{""left"":2075,""right"":2437,""top"":2337,""bottom"":3687},""time"":1729913721531},{""box"":{""left"":2075,""right"":2437,""top"":2337,""bottom"":3687},""time"":1729913721621},{""box"":{""left"":2075,""right"":2437,""top"":2337,""bottom"":3687},""time"":1729913721777},{""box"":{""left"":2075,""right"":2437,""top"":2337,""bottom"":3687},""time"":1729913722005},{""box"":{""left"":2075,""right"":2437,""top"":2337,""bottom"":3687},""time"":1729913722119},{""box"":{""left"":2075,""right"":2437,""top"":2337,""bottom"":3687},""time"":1729913722178},{""box"":{""left"":2075,""right"":2437,""top"":2337,""bottom"":3687},""time"":1729913722287},{""box"":{""left"":2075,""right"":2437,""top"":2337,""bottom"":3687},""time"":1729913722409},{""box"":{""left"":2075,""right"":2437,""top"":2337,""bottom"":3687},""time"":1729913722468},{""box"":{""left"":2075,""right"":2437,""top"":2337,""bottom"":3687},""time"":1729913722527},{""box"":{""left"":2075,""right"":2437,""top"":2337,""bottom"":3687},""time"":1729913722586},{""box"":{""left"":2075,""right"":2437,""top"":2337,""bottom"":3687},""time"":1729913723088},{""box"":{""left"":2075,""right"":2437,""top"":2337,""bottom"":3687},""time"":1729913723157},{""box"":{""left"":2075,""right"":2437,""top"":2337,""bottom"":3687},""time"":1729913723306},{""box"":{""left"":2075,""right"":2437,""top"":2337,""bottom"":3687},""time"":1729913723369},{""box"":{""left"":2075,""right"":2437,""top"":2337,""bottom"":3687},""time"":1729913724164},{""box"":{""left"":2075,""right"":2437,""top"":2337,""bottom"":3687},""time"":1729913724224},{""box"":{""left"":2075,""right"":2437,""top"":2337,""bottom"":3687},""time"":1729913724333},{""box"":{""left"":2075,""right"":2437,""top"":2337,""bottom"":3687},""time"":1729913724551},{""box"":{""left"":2075,""right"":2437,""top"":2337,""bottom"":3687},""time"":1729913724602},{""box"":{""left"":2075,""right"":2437,""top"":2337,""bottom"":3687},""time"":1729913724725},{""box"":{""left"":2075,""right"":2437,""top"":2337,""bottom"":3687},""time"":1729913724776},{""box"":{""left"":2075,""right"":2437,""top"":2337,""bottom"":3687},""time"":1729913724839},{""box"":{""left"":2075,""right"":2437,""top"":2337,""bottom"":3687},""time"":1729913724953},{""box"":{""left"":2075,""right"":2437,""top"":2337,""bottom"":3687},""time"":1729913725425},{""box"":{""left"":2075,""right"":2437,""top"":2337,""bottom"":3687},""time"":1729913725484},{""box"":{""left"":2075,""right"":2437,""top"":2337,""bottom"":3687},""time"":1729913725544},{""box"":{""left"":2075,""right"":2437,""top"":2337,""bottom"":3687},""time"":1729913725604},{""box"":{""left"":2075,""right"":2437,""top"":2337,""bottom"":3687},""time"":1729913725663},{""box"":{""left"":2075,""right"":2437,""top"":2337,""bottom"":3687},""time"":1729913725723},{""box"":{""left"":2075,""right"":2437,""top"":2337,""bottom"":3687},""time"":1729913725816},{""box"":{""left"":2075,""right"":2437,""top"":2337,""bottom"":3687},""time"":1729913725876},{""box"":{""left"":2075,""right"":2437,""top"":2337,""bottom"":3687},""time"":1729913725935},{""box"":{""left"":2075,""right"":2437,""top"":2337,""bottom"":3687},""time"":1729913725995},{""box"":{""left"":2075,""right"":2437,""top"":2337,""bottom"":3687},""time"":1729913726054},{""box"":{""left"":2075,""right"":2437,""top"":2337,""bottom"":3687},""time"":1729913726114},{""box"":{""left"":2075,""right"":2437,""top"":2337,""bottom"":3687},""time"":1729913726212},{""box"":{""left"":2075,""right"":2437,""top"":2337,""bottom"":3687},""time"":1729913726436},{""box"":{""left"":2075,""right"":2437,""top"":2337,""bottom"":3687},""time"":1729913726495},{""box"":{""left"":2075,""right"":2437,""top"":2337,""bottom"":3687},""time"":1729913726554},{""box"":{""left"":2075,""right"":2437,""top"":2337,""bottom"":3687},""time"":1729913726653},{""box"":{""left"":2075,""right"":2437,""top"":2337,""bottom"":3687},""time"":1729913726714},{""box"":{""left"":2075,""right"":2437,""top"":2337,""bottom"":3687},""time"":1729913726763},{""box"":{""left"":2075,""right"":2437,""top"":2337,""bottom"":3687},""time"":1729913726807},{""box"":{""left"":2075,""right"":2437,""top"":2337,""bottom"":3687},""time"":1729913726858},{""box"":{""left"":2075,""right"":2437,""top"":2337,""bottom"":3687},""time"":1729913726922},{""box"":{""left"":2075,""right"":2437,""top"":2337,""bottom"":3687},""time"":1729913726972},{""box"":{""left"":2075,""right"":2437,""top"":2337,""bottom"":3687},""time"":1729913727034},{""box"":{""left"":2075,""right"":2437,""top"":2337,""bottom"":3687},""time"":1729913727084},{""box"":{""left"":2075,""right"":2437,""top"":2337,""bottom"":3687},""time"":1729913727158},{""box"":{""left"":2075,""right"":2437,""top"":2337,""bottom"":3687},""time"":1729913727209},{""box"":{""left"":2075,""right"":2437,""top"":2337,""bottom"":3687},""time"":1729913727272},{""box"":{""left"":2075,""right"":2437,""top"":2337,""bottom"":3687},""time"":1729913727324},{""box"":{""left"":2075,""right"":2437,""top"":2337,""bottom"":3687},""time"":1729913727376},{""box"":{""left"":2075,""right"":2437,""top"":2337,""bottom"":3687},""time"":1729913727448},{""box"":{""left"":2075,""right"":2437,""top"":2337,""bottom"":3687},""time"":1729913727497},{""box"":{""left"":2075,""right"":2437,""top"":2337,""bottom"":3687},""time"":1729913727581},{""box"":{""left"":2075,""right"":2437,""top"":2337,""bottom"":3687},""time"":1729913727676},{""box"":{""left"":2075,""right"":2437,""top"":2337,""bottom"":3687},""time"":1729913727737},{""box"":{""left"":2075,""right"":2437,""top"":2337,""bottom"":3687},""time"":1729913727806},{""box"":{""left"":2075,""right"":2437,""top"":2337,""bottom"":3687},""time"":1729913727864},{""box"":{""left"":2075,""right"":2437,""top"":2337,""bottom"":3687},""time"":1729913727914},{""box"":{""left"":2075,""right"":2437,""top"":2337,""bottom"":3687},""time"":1729913727973},{""box"":{""left"":2075,""right"":2437,""top"":2337,""bottom"":3687},""time"":1729913728032},{""box"":{""left"":2075,""right"":2437,""top"":2337,""bottom"":3687},""time"":1729913728205},{""box"":{""left"":2075,""right"":2437,""top"":2337,""bottom"":3687},""time"":1729913728264},{""box"":{""left"":2075,""right"":2437,""top"":2337,""bottom"":3687},""time"":1729913728323},{""box"":{""left"":2075,""right"":2437,""top"":2337,""bottom"":3687},""time"":1729913728430},{""box"":{""left"":2075,""right"":2437,""top"":2337,""bottom"":3687},""time"":1729913728460},{""box"":{""left"":2075,""right"":2437,""top"":2337,""bottom"":3687},""time"":1729913728489},{""box"":{""left"":2075,""right"":2437,""top"":2337,""bottom"":3687},""time"":1729913728518},{""box"":{""left"":2075,""right"":2437,""top"":2337,""bottom"":3687},""time"":1729913728584},{""box"":{""left"":2075,""right"":2437,""top"":2337,""bottom"":3687},""time"":1729913728614},{""box"":{""left"":2075,""right"":2437,""top"":2337,""bottom"":3687},""time"":1729913728653},{""box"":{""left"":2075,""right"":2437,""top"":2337,""bottom"":3687},""time"":1729913728696},{""box"":{""left"":2075,""right"":2437,""top"":2337,""bottom"":3687},""time"":1729913728725},{""box"":{""left"":2075,""right"":2437,""top"":2337,""bottom"":3687},""time"":1729913728764},{""box"":{""left"":2075,""right"":2437,""top"":2337,""bottom"":3687},""time"":1729913728894},{""box"":{""left"":2075,""right"":2437,""top"":2337,""bottom"":3687},""time"":1729913728972},{""box"":{""left"":2075,""right"":2437,""top"":2337,""bottom"":3687},""time"":1729913729051},{""box"":{""left"":2075,""right"":2437,""top"":2337,""bottom"":3687},""time"":1729913729100},{""box"":{""left"":2075,""right"":2437,""top"":2337,""bottom"":3687},""time"":1729913729129},{""box"":{""left"":2075,""right"":2437,""top"":2337,""bottom"":3687},""time"":1729913729164},{""box"":{""left"":2075,""right"":2437,""top"":2337,""bottom"":3687},""time"":1729913729243},{""box"":{""left"":2075,""right"":2437,""top"":2337,""bottom"":3687},""time"":1729913729283},{""box"":{""left"":2075,""right"":2437,""top"":2337,""bottom"":3687},""time"":1729913729363},{""box"":{""left"":2075,""right"":2437,""top"":2337,""bottom"":3687},""time"":1729913729471},{""box"":{""left"":2075,""right"":2437,""top"":2337,""bottom"":3687},""time"":1729913729882},{""box"":{""left"":2075,""right"":2437,""top"":2337,""bottom"":3687},""time"":1729913729922},{""box"":{""left"":2075,""right"":2437,""top"":2337,""bottom"":3687},""time"":1729913730141},{""box"":{""left"":2075,""right"":2437,""top"":2337,""bottom"":3687},""time"":1729913730223},{""box"":{""left"":2075,""right"":2437,""top"":2337,""bottom"":3687},""time"":1729913730275},{""box"":{""left"":2075,""right"":2437,""top"":2337,""bottom"":3687},""time"":1729913730564},{""box"":{""left"":2075,""right"":2437,""top"":2337,""bottom"":3687},""time"":1729913730687},{""box"":{""left"":2075,""right"":2437,""top"":2337,""bottom"":3687},""time"":1729913730728},{""box"":{""left"":2075,""right"":2437,""top"":2337,""bottom"":3687},""time"":1729913730788},{""box"":{""left"":2075,""right"":2437,""top"":2337,""bottom"":3687},""time"":1729913730850},{""box"":{""left"":2075,""right"":2437,""top"":2337,""bottom"":3687},""time"":1729913730922},{""box"":{""left"":2075,""right"":2437,""top"":2337,""bottom"":3687},""time"":1729913731026},{""box"":{""left"":2075,""right"":2437,""top"":2337,""bottom"":3687},""time"":1729913731218},{""box"":{""left"":2075,""right"":2437,""top"":2337,""bottom"":3687},""time"":1729913731349},{""box"":{""left"":2075,""right"":2437,""top"":2337,""bottom"":3687},""time"":1729913731600},{""box"":{""left"":2075,""right"":2437,""top"":2337,""bottom"":3687},""time"":1729913731730},{""box"":{""left"":2075,""right"":2437,""top"":2337,""bottom"":3687},""time"":1729913731807},{""box"":{""left"":2075,""right"":2437,""top"":2337,""bottom"":3687},""time"":1729913731872},{""box"":{""left"":2075,""right"":2437,""top"":2337,""bottom"":3687},""time"":1729913731955},{""box"":{""left"":2075,""right"":2437,""top"":2337,""bottom"":3687},""time"":1729913732015},{""box"":{""left"":2075,""right"":2437,""top"":2337,""bottom"":3687},""time"":1729913732075},{""box"":{""left"":2075,""right"":2437,""top"":2337,""bottom"":3687},""time"":1729913732130},{""box"":{""left"":2075,""right"":2437,""top"":2337,""bottom"":3687},""time"":1729913732184},{""box"":{""left"":2075,""right"":2437,""top"":2337,""bottom"":3687},""time"":1729913732238},{""box"":{""left"":2075,""right"":2437,""top"":2337,""bottom"":3687},""time"":1729913732293},{""box"":{""left"":2075,""right"":2437,""top"":2337,""bottom"":3687},""time"":1729913732347},{""box"":{""left"":2075,""right"":2437,""top"":2337,""bottom"":3687},""time"":1729913732401},{""box"":{""left"":2075,""right"":2437,""top"":2337,""bottom"":3687},""time"":1729913732455},{""box"":{""left"":2075,""right"":2437,""top"":2337,""bottom"":3687},""time"":1729913732510},{""box"":{""left"":2075,""right"":2437,""top"":2337,""bottom"":3687},""time"":1729913732574},{""box"":{""left"":2075,""right"":2437,""top"":2337,""bottom"":3687},""time"":1729913732640},{""box"":{""left"":2075,""right"":2437,""top"":2337,""bottom"":3687},""time"":1729913732703},{""box"":{""left"":2075,""right"":2437,""top"":2337,""bottom"":3687},""time"":1729913732778},{""box"":{""left"":2075,""right"":2437,""top"":2337,""bottom"":3687},""time"":1729913732854},{""box"":{""left"":2075,""right"":2437,""top"":2337,""bottom"":3687},""time"":1729913732930},{""box"":{""left"":2075,""right"":2437,""top"":2337,""bottom"":3687},""time"":1729913733006},{""box"":{""left"":2075,""right"":2437,""top"":2337,""bottom"":3687},""time"":1729913733081},{""box"":{""left"":2075,""right"":2437,""top"":2337,""bottom"":3687},""time"":1729913733263},{""box"":{""left"":2075,""right"":2437,""top"":2337,""bottom"":3687},""time"":1729913733340},{""box"":{""left"":2075,""right"":2437,""top"":2337,""bottom"":3687},""time"":1729913733426},{""box"":{""left"":2075,""right"":2437,""top"":2337,""bottom"":3687},""time"":1729913733501},{""box"":{""left"":2075,""right"":2437,""top"":2337,""bottom"":3687},""time"":1729913733576},{""box"":{""left"":2075,""right"":2437,""top"":2337,""bottom"":3687},""time"":1729913733641},{""box"":{""left"":2075,""right"":2437,""top"":2337,""bottom"":3687},""time"":1729913733734},{""box"":{""left"":2075,""right"":2437,""top"":2337,""bottom"":3687},""time"":1729913733809},{""box"":{""left"":2075,""right"":2437,""top"":2337,""bottom"":3687},""time"":1729913733885},{""box"":{""left"":2075,""right"":2437,""top"":2337,""bottom"":3687},""time"":1729913733954},{""box"":{""left"":2075,""right"":2437,""top"":2337,""bottom"":3687},""time"":1729913734015},{""box"":{""left"":2075,""right"":2437,""top"":2337,""bottom"":3687},""time"":1729913734091},{""box"":{""left"":2075,""right"":2437,""top"":2337,""bottom"":3687},""time"":1729913734155},{""box"":{""left"":2075,""right"":2437,""top"":2337,""bottom"":3687},""time"":1729913734206},{""box"":{""left"":2075,""right"":2437,""top"":2337,""bottom"":3687},""time"":1729913734260},{""box"":{""left"":2075,""right"":2437,""top"":2337,""bottom"":3687},""time"":1729913734366},{""box"":{""left"":2075,""right"":2437,""top"":2337,""bottom"":3687},""time"":1729913734420},{""box"":{""left"":2075,""right"":2437,""top"":2337,""bottom"":3687},""time"":1729913734474},{""box"":{""left"":2075,""right"":2437,""top"":2337,""bottom"":3687},""time"":1729913734814},{""box"":{""left"":2075,""right"":2437,""top"":2337,""bottom"":3687},""time"":1729913734938},{""box"":{""left"":2075,""right"":2437,""top"":2337,""bottom"":3687},""time"":1729913735008},{""box"":{""left"":2075,""right"":2437,""top"":2337,""bottom"":3687},""time"":1729913735077},{""box"":{""left"":2075,""right"":2437,""top"":2337,""bottom"":3687},""time"":1729913735229},{""box"":{""left"":2075,""right"":2437,""top"":2337,""bottom"":3687},""time"":1729913735657},{""box"":{""left"":2075,""right"":2437,""top"":2337,""bottom"":3687},""time"":1729913735717},{""box"":{""left"":2075,""right"":2437,""top"":2337,""bottom"":3687},""time"":1729913735817},{""box"":{""left"":2075,""right"":2437,""top"":2337,""bottom"":3687},""time"":1729913735867},{""box"":{""left"":2075,""right"":2437,""top"":2337,""bottom"":3687},""time"":1729913735927},{""box"":{""left"":2075,""right"":2437,""top"":2337,""bottom"":3687},""time"":1729913736027},{""box"":{""left"":2075,""right"":2437,""top"":2337,""bottom"":3687},""time"":1729913736077},{""box"":{""left"":2075,""right"":2437,""top"":2337,""bottom"":3687},""time"":1729913736157},{""box"":{""left"":2075,""right"":2437,""top"":2337,""bottom"":3687},""time"":1729913736207},{""box"":{""left"":2075,""right"":2437,""top"":2337,""bottom"":3687},""time"":1729913736576},{""box"":{""left"":2075,""right"":2437,""top"":2337,""bottom"":3687},""time"":1729913736616},{""box"":{""left"":2075,""right"":2437,""top"":2337,""bottom"":3687},""time"":1729913736666},{""box"":{""left"":2075,""right"":2437,""top"":2337,""bottom"":3687},""time"":1729913736710},{""box"":{""left"":2075,""right"":2437,""top"":2337,""bottom"":3687},""time"":1729913736759},{""box"":{""left"":2075,""right"":2437,""top"":2337,""bottom"":3687},""time"":1729913736782},{""box"":{""left"":2075,""right"":2437,""top"":2337,""bottom"":3687},""time"":1729913736805},{""box"":{""left"":2075,""right"":2437,""top"":2337,""bottom"":3687},""time"":1729913736819},{""box"":{""left"":2075,""right"":2437,""top"":2337,""bottom"":3687},""time"":1729913736845},{""box"":{""left"":2075,""right"":2437,""top"":2337,""bottom"":3687},""time"":1729913736906},{""box"":{""left"":2075,""right"":2437,""top"":2337,""bottom"":3687},""time"":1729913736979},{""box"":{""left"":2075,""right"":2437,""top"":2337,""bottom"":3687},""time"":1729913737041},{""box"":{""left"":2075,""right"":2437,""top"":2337,""bottom"":3687},""time"":1729913737154},{""box"":{""left"":2075,""right"":2437,""top"":2337,""bottom"":3687},""time"":1729913737216},{""box"":{""left"":2075,""right"":2437,""top"":2337,""bottom"":3687},""time"":1729913737277},{""box"":{""left"":2075,""right"":2437,""top"":2337,""bottom"":3687},""time"":1729913737328},{""box"":{""left"":2075,""right"":2437,""top"":2337,""bottom"":3687},""time"":1729913737368},{""box"":{""left"":2075,""right"":2437,""top"":2337,""bottom"":3687},""time"":1729913737422},{""box"":{""left"":2075,""right"":2437,""top"":2337,""bottom"":3687},""time"":1729913737473},{""box"":{""left"":2075,""right"":2437,""top"":2337,""bottom"":3687},""time"":1729913737524},{""box"":{""left"":2075,""right"":2437,""top"":2337,""bottom"":3687},""time"":1729913737588},{""box"":{""left"":2075,""right"":2437,""top"":2337,""bottom"":3687},""time"":1729913737649},{""box"":{""left"":2075,""right"":2437,""top"":2337,""bottom"":3687},""time"":1729913737710},{""box"":{""left"":2075,""right"":2437,""top"":2337,""bottom"":3687},""time"":1729913737761},{""box"":{""left"":2075,""right"":2437,""top"":2337,""bottom"":3687},""time"":1729913737821},{""box"":{""left"":2075,""right"":2437,""top"":2337,""bottom"":3687},""time"":1729913737883},{""box"":{""left"":2075,""right"":2437,""top"":2337,""bottom"":3687},""time"":1729913737944},{""box"":{""left"":2075,""right"":2437,""top"":2337,""bottom"":3687},""time"":1729913737995},{""box"":{""left"":2075,""right"":2437,""top"":2337,""bottom"":3687},""time"":1729913738056},{""box"":{""left"":2075,""right"":2437,""top"":2337,""bottom"":3687},""time"":1729913738106},{""box"":{""left"":2075,""right"":2437,""top"":2337,""bottom"":3687},""time"":1729913738169},{""box"":{""left"":2075,""right"":2437,""top"":2337,""bottom"":3687},""time"":1729913738229},{""box"":{""left"":2075,""right"":2437,""top"":2337,""bottom"":3687},""time"":1729913738280},{""box"":{""left"":2075,""right"":2437,""top"":2337,""bottom"":3687},""time"":1729913738332},{""box"":{""left"":2075,""right"":2437,""top"":2337,""bottom"":3687},""time"":1729913738393},{""box"":{""left"":2075,""right"":2437,""top"":2337,""bottom"":3687},""time"":1729913738446},{""box"":{""left"":2075,""right"":2437,""top"":2337,""bottom"":3687},""time"":1729913738507},{""box"":{""left"":2075,""right"":2437,""top"":2337,""bottom"":3687},""time"":1729913738559},{""box"":{""left"":2075,""right"":2437,""top"":2337,""bottom"":3687},""time"":1729913738619},{""box"":{""left"":2075,""right"":2437,""top"":2337,""bottom"":3687},""time"":1729913738670},{""box"":{""left"":2075,""right"":2437,""top"":2337,""bottom"":3687},""time"":1729913738733},{""box"":{""left"":2075,""right"":2437,""top"":2337,""bottom"":3687},""time"":1729913738784},{""box"":{""left"":2075,""right"":2437,""top"":2337,""bottom"":3687},""time"":1729913738845},{""box"":{""left"":2075,""right"":2437,""top"":2337,""bottom"":3687},""time"":1729913738895},{""box"":{""left"":2075,""right"":2437,""top"":2337,""bottom"":3687},""time"":1729913738956},{""box"":{""left"":2075,""right"":2437,""top"":2337,""bottom"":3687},""time"":1729913739007},{""box"":{""left"":2075,""right"":2437,""top"":2337,""bottom"":3687},""time"":1729913739068},{""box"":{""left"":2075,""right"":2437,""top"":2337,""bottom"":3687},""time"":1729913739119},{""box"":{""left"":2075,""right"":2437,""top"":2337,""bottom"":3687},""time"":1729913739180},{""box"":{""left"":2075,""right"":2437,""top"":2337,""bottom"":3687},""time"":1729913739241},{""box"":{""left"":2075,""right"":2437,""top"":2337,""bottom"":3687},""time"":1729913739293},{""box"":{""left"":2075,""right"":2437,""top"":2337,""bottom"":3687},""time"":1729913739353},{""box"":{""left"":2075,""right"":2437,""top"":2337,""bottom"":3687},""time"":1729913739405},{""box"":{""left"":2075,""right"":2437,""top"":2337,""bottom"":3687},""time"":1729913739465},{""box"":{""left"":2075,""right"":2437,""top"":2337,""bottom"":3687},""time"":1729913739518},{""box"":{""left"":2075,""right"":2437,""top"":2337,""bottom"":3687},""time"":1729913739580},{""box"":{""left"":2075,""right"":2437,""top"":2337,""bottom"":3687},""time"":1729913739631},{""box"":{""left"":2075,""right"":2437,""top"":2337,""bottom"":3687},""time"":1729913739694},{""box"":{""left"":2075,""right"":2437,""top"":2337,""bottom"":3687},""time"":1729913739744},{""box"":{""left"":2075,""right"":2437,""top"":2337,""bottom"":3687},""time"":1729913739805},{""box"":{""left"":2075,""right"":2437,""top"":2337,""bottom"":3687},""time"":1729913739866},{""box"":{""left"":2075,""right"":2437,""top"":2337,""bottom"":3687},""time"":1729913739918},{""box"":{""left"":2075,""right"":2437,""top"":2337,""bottom"":3687},""time"":1729913739980},{""box"":{""left"":2075,""right"":2437,""top"":2337,""bottom"":3687},""time"":1729913740031}",,,,,
57035,Person,2024-10-26 12:35:20,2024-10-26 12:35:29,"{""left"":7580,""right"":4260,""top"":8142,""bottom"":5333},{""box"":{""left"":7580,""right"":4260,""top"":8142,""bottom"":5333},""time"":1729913724848},{""box"":{""left"":7580,""right"":4260,""top"":8142,""bottom"":5333},""time"":1729913724963},{""box"":{""left"":7580,""right"":4260,""top"":8142,""bottom"":5333},""time"":1729913727282},{""box"":{""left"":7580,""right"":4260,""top"":8142,""bottom"":5333},""time"":1729913727334},{""box"":{""left"":7580,""right"":4260,""top"":8142,""bottom"":5333},""time"":1729913727386},{""box"":{""left"":7580,""right"":4260,""top"":8142,""bottom"":5333},""time"":1729913727458},{""box"":{""left"":7580,""right"":4260,""top"":8142,""bottom"":5333},""time"":1729913727507},{""box"":{""left"":7580,""right"":4260,""top"":8142,""bottom"":5333},""time"":1729913727595},{""box"":{""left"":7580,""right"":4260,""top"":8142,""bottom"":5333},""time"":1729913727686},{""box"":{""left"":7580,""right"":4260,""top"":8142,""bottom"":5333},""time"":1729913727746},{""box"":{""left"":7580,""right"":4260,""top"":8142,""bottom"":5333},""time"":1729913727816},{""box"":{""left"":7580,""right"":4260,""top"":8142,""bottom"":5333},""time"":1729913727874},{""box"":{""left"":7580,""right"":4260,""top"":8142,""bottom"":5333},""time"":1729913727923},{""box"":{""left"":7580,""right"":4260,""top"":8142,""bottom"":5333},""time"":1729913727982},{""box"":{""left"":7580,""right"":4260,""top"":8142,""bottom"":5333},""time"":1729913728041},{""box"":{""left"":7580,""right"":4260,""top"":8142,""bottom"":5333},""time"":1729913728391},{""box"":{""left"":7580,""right"":4260,""top"":8142,""bottom"":5333},""time"":1729913728470},{""box"":{""left"":7580,""right"":4260,""top"":8142,""bottom"":5333},""time"":1729913728550},{""box"":{""left"":7580,""right"":4260,""top"":8142,""bottom"":5333},""time"":1729913728623},{""box"":{""left"":7580,""right"":4260,""top"":8142,""bottom"":5333},""time"":1729913728735},{""box"":{""left"":7580,""right"":4260,""top"":8142,""bottom"":5333},""time"":1729913728904},{""box"":{""left"":7580,""right"":4260,""top"":8142,""bottom"":5333},""time"":1729913728982},{""box"":{""left"":7580,""right"":4260,""top"":8142,""bottom"":5333},""time"":1729913729061},{""box"":{""left"":7580,""right"":4260,""top"":8142,""bottom"":5333},""time"":1729913729252},{""box"":{""left"":7580,""right"":4260,""top"":8142,""bottom"":5333},""time"":1729913729312},{""box"":{""left"":7580,""right"":4260,""top"":8142,""bottom"":5333},""time"":1729913729422}",,,,,
57036,Person,2024-10-26 12:35:26,2024-10-26 12:35:35,"{""left"":6312,""right"":2573,""top"":6725,""bottom"":4492},{""box"":{""left"":6312,""right"":2573,""top"":6725,""bottom"":4492},""time"":1729913727053},{""box"":{""left"":6312,""right"":2573,""top"":6725,""bottom"":4492},""time"":1729913727103},{""box"":{""left"":6312,""right"":2573,""top"":6725,""bottom"":4492},""time"":1729913727177},{""box"":{""left"":6312,""right"":2573,""top"":6725,""bottom"":4492},""time"":1729913727228},{""box"":{""left"":6312,""right"":2573,""top"":6725,""bottom"":4492},""time"":1729913727291},{""box"":{""left"":6312,""right"":2573,""top"":6725,""bottom"":4492},""time"":1729913727343},{""box"":{""left"":6312,""right"":2573,""top"":6725,""bottom"":4492},""time"":1729913727395},{""box"":{""left"":6312,""right"":2573,""top"":6725,""bottom"":4492},""time"":1729913727467},{""box"":{""left"":6312,""right"":2573,""top"":6725,""bottom"":4492},""time"":1729913727520},{""box"":{""left"":6312,""right"":2573,""top"":6725,""bottom"":4492},""time"":1729913727609},{""box"":{""left"":6312,""right"":2573,""top"":6725,""bottom"":4492},""time"":1729913727695},{""box"":{""left"":6312,""right"":2573,""top"":6725,""bottom"":4492},""time"":1729913727756},{""box"":{""left"":6312,""right"":2573,""top"":6725,""bottom"":4492},""time"":1729913727825},{""box"":{""left"":6312,""right"":2573,""top"":6725,""bottom"":4492},""time"":1729913727933},{""box"":{""left"":6312,""right"":2573,""top"":6725,""bottom"":4492},""time"":1729913727992},{""box"":{""left"":6312,""right"":2573,""top"":6725,""bottom"":4492},""time"":1729913728093},{""box"":{""left"":6312,""right"":2573,""top"":6725,""bottom"":4492},""time"":1729913728224},{""box"":{""left"":6312,""right"":2573,""top"":6725,""bottom"":4492},""time"":1729913728283},{""box"":{""left"":6312,""right"":2573,""top"":6725,""bottom"":4492},""time"":1729913728342},{""box"":{""left"":6312,""right"":2573,""top"":6725,""bottom"":4492},""time"":1729913728401},{""box"":{""left"":6312,""right"":2573,""top"":6725,""bottom"":4492},""time"":1729913728480},{""box"":{""left"":6312,""right"":2573,""top"":6725,""bottom"":4492},""time"":1729913728559},{""box"":{""left"":6312,""right"":2573,""top"":6725,""bottom"":4492},""time"":1729913728633},{""box"":{""left"":6312,""right"":2573,""top"":6725,""bottom"":4492},""time"":1729913728745},{""box"":{""left"":6312,""right"":2573,""top"":6725,""bottom"":4492},""time"":1729913728913},{""box"":{""left"":6312,""right"":2573,""top"":6725,""bottom"":4492},""time"":1729913728991},{""box"":{""left"":6312,""right"":2573,""top"":6725,""bottom"":4492},""time"":1729913729070},{""box"":{""left"":6312,""right"":2573,""top"":6725,""bottom"":4492},""time"":1729913729139},{""box"":{""left"":6312,""right"":2573,""top"":6725,""bottom"":4492},""time"":1729913729262},{""box"":{""left"":6312,""right"":2573,""top"":6725,""bottom"":4492},""time"":1729913729322},{""box"":{""left"":6312,""right"":2573,""top"":6725,""bottom"":4492},""time"":1729913729372},{""box"":{""left"":6312,""right"":2573,""top"":6725,""bottom"":4492},""time"":1729913729431},{""box"":{""left"":6312,""right"":2573,""top"":6725,""bottom"":4492},""time"":1729913729500},{""box"":{""left"":6312,""right"":2573,""top"":6725,""bottom"":4492},""time"":1729913729892},{""box"":{""left"":6312,""right"":2573,""top"":6725,""bottom"":4492},""time"":1729913730172},{""box"":{""left"":6312,""right"":2573,""top"":6725,""bottom"":4492},""time"":1729913730233},{""box"":{""left"":6312,""right"":2573,""top"":6725,""bottom"":4492},""time"":1729913730285},{""box"":{""left"":6312,""right"":2573,""top"":6725,""bottom"":4492},""time"":1729913730346},{""box"":{""left"":6312,""right"":2573,""top"":6725,""bottom"":4492},""time"":1729913730396},{""box"":{""left"":6312,""right"":2573,""top"":6725,""bottom"":4492},""time"":1729913730449},{""box"":{""left"":6312,""right"":2573,""top"":6725,""bottom"":4492},""time"":1729913730524},{""box"":{""left"":6312,""right"":2573,""top"":6725,""bottom"":4492},""time"":1729913730574},{""box"":{""left"":6312,""right"":2573,""top"":6725,""bottom"":4492},""time"":1729913730636},{""box"":{""left"":6312,""right"":2573,""top"":6725,""bottom"":4492},""time"":1729913730696},{""box"":{""left"":6312,""right"":2573,""top"":6725,""bottom"":4492},""time"":1729913730932},{""box"":{""left"":6312,""right"":2573,""top"":6725,""bottom"":4492},""time"":1729913730982},{""box"":{""left"":6312,""right"":2573,""top"":6725,""bottom"":4492},""time"":1729913731036},{""box"":{""left"":6312,""right"":2573,""top"":6725,""bottom"":4492},""time"":1729913731097},{""box"":{""left"":6312,""right"":2573,""top"":6725,""bottom"":4492},""time"":1729913731158},{""box"":{""left"":6312,""right"":2573,""top"":6725,""bottom"":4492},""time"":1729913731228},{""box"":{""left"":6312,""right"":2573,""top"":6725,""bottom"":4492},""time"":1729913731288},{""box"":{""left"":6312,""right"":2573,""top"":6725,""bottom"":4492},""time"":1729913731358},{""box"":{""left"":6312,""right"":2573,""top"":6725,""bottom"":4492},""time"":1729913731419},{""box"":{""left"":6312,""right"":2573,""top"":6725,""bottom"":4492},""time"":1729913731479},{""box"":{""left"":6312,""right"":2573,""top"":6725,""bottom"":4492},""time"":1729913731540},{""box"":{""left"":6312,""right"":2573,""top"":6725,""bottom"":4492},""time"":1729913731610},{""box"":{""left"":6312,""right"":2573,""top"":6725,""bottom"":4492},""time"":1729913731670},{""box"":{""left"":6312,""right"":2573,""top"":6725,""bottom"":4492},""time"":1729913731740},{""box"":{""left"":6312,""right"":2573,""top"":6725,""bottom"":4492},""time"":1729913731816},{""box"":{""left"":6312,""right"":2573,""top"":6725,""bottom"":4492},""time"":1729913731882},{""box"":{""left"":6312,""right"":2573,""top"":6725,""bottom"":4492},""time"":1729913731965},{""box"":{""left"":6312,""right"":2573,""top"":6725,""bottom"":4492},""time"":1729913732025},{""box"":{""left"":6312,""right"":2573,""top"":6725,""bottom"":4492},""time"":1729913732085},{""box"":{""left"":6312,""right"":2573,""top"":6725,""bottom"":4492},""time"":1729913732140},{""box"":{""left"":6312,""right"":2573,""top"":6725,""bottom"":4492},""time"":1729913732194},{""box"":{""left"":6312,""right"":2573,""top"":6725,""bottom"":4492},""time"":1729913732248},{""box"":{""left"":6312,""right"":2573,""top"":6725,""bottom"":4492},""time"":1729913732302},{""box"":{""left"":6312,""right"":2573,""top"":6725,""bottom"":4492},""time"":1729913732357},{""box"":{""left"":6312,""right"":2573,""top"":6725,""bottom"":4492},""time"":1729913732411},{""box"":{""left"":6312,""right"":2573,""top"":6725,""bottom"":4492},""time"":1729913732465},{""box"":{""left"":6312,""right"":2573,""top"":6725,""bottom"":4492},""time"":1729913732519},{""box"":{""left"":6312,""right"":2573,""top"":6725,""bottom"":4492},""time"":1729913732584},{""box"":{""left"":6312,""right"":2573,""top"":6725,""bottom"":4492},""time"":1729913732650},{""box"":{""left"":6312,""right"":2573,""top"":6725,""bottom"":4492},""time"":1729913732712},{""box"":{""left"":6312,""right"":2573,""top"":6725,""bottom"":4492},""time"":1729913732788},{""box"":{""left"":6312,""right"":2573,""top"":6725,""bottom"":4492},""time"":1729913732864},{""box"":{""left"":6312,""right"":2573,""top"":6725,""bottom"":4492},""time"":1729913732940},{""box"":{""left"":6312,""right"":2573,""top"":6725,""bottom"":4492},""time"":1729913733016},{""box"":{""left"":6312,""right"":2573,""top"":6725,""bottom"":4492},""time"":1729913733091},{""box"":{""left"":6312,""right"":2573,""top"":6725,""bottom"":4492},""time"":1729913733273},{""box"":{""left"":6312,""right"":2573,""top"":6725,""bottom"":4492},""time"":1729913733350},{""box"":{""left"":6312,""right"":2573,""top"":6725,""bottom"":4492},""time"":1729913733436},{""box"":{""left"":6312,""right"":2573,""top"":6725,""bottom"":4492},""time"":1729913733511},{""box"":{""left"":6312,""right"":2573,""top"":6725,""bottom"":4492},""time"":1729913733586},{""box"":{""left"":6312,""right"":2573,""top"":6725,""bottom"":4492},""time"":1729913733651},{""box"":{""left"":6312,""right"":2573,""top"":6725,""bottom"":4492},""time"":1729913733744},{""box"":{""left"":6312,""right"":2573,""top"":6725,""bottom"":4492},""time"":1729913733819},{""box"":{""left"":6312,""right"":2573,""top"":6725,""bottom"":4492},""time"":1729913733894},{""box"":{""left"":6312,""right"":2573,""top"":6725,""bottom"":4492},""time"":1729913733964},{""box"":{""left"":6312,""right"":2573,""top"":6725,""bottom"":4492},""time"":1729913734025},{""box"":{""left"":6312,""right"":2573,""top"":6725,""bottom"":4492},""time"":1729913734100},{""box"":{""left"":6312,""right"":2573,""top"":6725,""bottom"":4492},""time"":1729913734165},{""box"":{""left"":6312,""right"":2573,""top"":6725,""bottom"":4492},""time"":1729913734216},{""box"":{""left"":6312,""right"":2573,""top"":6725,""bottom"":4492},""time"":1729913734270},{""box"":{""left"":6312,""right"":2573,""top"":6725,""bottom"":4492},""time"":1729913734324},{""box"":{""left"":6312,""right"":2573,""top"":6725,""bottom"":4492},""time"":1729913734376},{""box"":{""left"":6312,""right"":2573,""top"":6725,""bottom"":4492},""time"":1729913734429},{""box"":{""left"":6312,""right"":2573,""top"":6725,""bottom"":4492},""time"":1729913734484},{""box"":{""left"":6312,""right"":2573,""top"":6725,""bottom"":4492},""time"":1729913734528},{""box"":{""left"":6312,""right"":2573,""top"":6725,""bottom"":4492},""time"":1729913734617},{""box"":{""left"":6312,""right"":2573,""top"":6725,""bottom"":4492},""time"":1729913734678},{""box"":{""left"":6312,""right"":2573,""top"":6725,""bottom"":4492},""time"":1729913734749},{""box"":{""left"":6312,""right"":2573,""top"":6725,""bottom"":4492},""time"":1729913734823},{""box"":{""left"":6312,""right"":2573,""top"":6725,""bottom"":4492},""time"":1729913734879},{""box"":{""left"":6312,""right"":2573,""top"":6725,""bottom"":4492},""time"":1729913735018},{""box"":{""left"":6312,""right"":2573,""top"":6725,""bottom"":4492},""time"":1729913735087},{""box"":{""left"":6312,""right"":2573,""top"":6725,""bottom"":4492},""time"":1729913735129},{""box"":{""left"":6312,""right"":2573,""top"":6725,""bottom"":4492},""time"":1729913735239}",,,,,
57038,Person,2024-10-26 12:35:28,2024-10-26 12:35:28,"{""left"":5956,""right"":1937,""top"":6168,""bottom"":2937}",,,,,
57039,Face,2024-10-26 12:35:28,2024-10-26 12:35:29,"{""left"":4007,""right"":7722,""top"":4476,""bottom"":8449},{""box"":{""left"":3903,""right"":7388,""top"":4361,""bottom"":8115},""time"":1729913728865},{""box"":{""left"":3850,""right"":7184,""top"":4299,""bottom"":7894},""time"":1729913728943},{""box"":{""left"":3853,""right"":7108,""top"":4295,""bottom"":7641},""time"":1729913729022},{""box"":{""left"":3795,""right"":6788,""top"":4216,""bottom"":7321},""time"":1729913729175}","13,17",male,,,
57040,Person,2024-10-26 12:35:29,2024-10-26 12:35:45,"{""left"":2900,""right"":8333,""top"":4050,""bottom"":10000},{""box"":{""left"":2900,""right"":8333,""top"":4050,""bottom"":10000},""time"":1729913729382},{""box"":{""left"":2900,""right"":8333,""top"":4050,""bottom"":10000},""time"":1729913729510},{""box"":{""left"":2900,""right"":8333,""top"":4050,""bottom"":10000},""time"":1729913729901},{""box"":{""left"":2900,""right"":8333,""top"":4050,""bottom"":10000},""time"":1729913730181},{""box"":{""left"":2900,""right"":8333,""top"":4050,""bottom"":10000},""time"":1729913730243},{""box"":{""left"":2900,""right"":8333,""top"":4050,""bottom"":10000},""time"":1729913730294},{""box"":{""left"":2900,""right"":8333,""top"":4050,""bottom"":10000},""time"":1729913730356},{""box"":{""left"":2900,""right"":8333,""top"":4050,""bottom"":10000},""time"":1729913730406},{""box"":{""left"":2900,""right"":8333,""top"":4050,""bottom"":10000},""time"":1729913730459},{""box"":{""left"":2900,""right"":8333,""top"":4050,""bottom"":10000},""time"":1729913730534},{""box"":{""left"":2900,""right"":8333,""top"":4050,""bottom"":10000},""time"":1729913730584},{""box"":{""left"":2900,""right"":8333,""top"":4050,""bottom"":10000},""time"":1729913730645},{""box"":{""left"":2900,""right"":8333,""top"":4050,""bottom"":10000},""time"":1729913730706},{""box"":{""left"":2900,""right"":8333,""top"":4050,""bottom"":10000},""time"":1729913730942},{""box"":{""left"":2900,""right"":8333,""top"":4050,""bottom"":10000},""time"":1729913730992},{""box"":{""left"":2900,""right"":8333,""top"":4050,""bottom"":10000},""time"":1729913731046},{""box"":{""left"":2900,""right"":8333,""top"":4050,""bottom"":10000},""time"":1729913731107},{""box"":{""left"":2900,""right"":8333,""top"":4050,""bottom"":10000},""time"":1729913731168},{""box"":{""left"":2900,""right"":8333,""top"":4050,""bottom"":10000},""time"":1729913731238},{""box"":{""left"":2900,""right"":8333,""top"":4050,""bottom"":10000},""time"":1729913731298},{""box"":{""left"":2900,""right"":8333,""top"":4050,""bottom"":10000},""time"":1729913731368},{""box"":{""left"":2900,""right"":8333,""top"":4050,""bottom"":10000},""time"":1729913731429},{""box"":{""left"":2900,""right"":8333,""top"":4050,""bottom"":10000},""time"":1729913731489},{""box"":{""left"":2900,""right"":8333,""top"":4050,""bottom"":10000},""time"":1729913731550},{""box"":{""left"":2900,""right"":8333,""top"":4050,""bottom"":10000},""time"":1729913731620},{""box"":{""left"":2900,""right"":8333,""top"":4050,""bottom"":10000},""time"":1729913731680},{""box"":{""left"":2900,""right"":8333,""top"":4050,""bottom"":10000},""time"":1729913731750},{""box"":{""left"":2900,""right"":8333,""top"":4050,""bottom"":10000},""time"":1729913731826},{""box"":{""left"":2900,""right"":8333,""top"":4050,""bottom"":10000},""time"":1729913731891},{""box"":{""left"":2900,""right"":8333,""top"":4050,""bottom"":10000},""time"":1729913731975},{""box"":{""left"":2900,""right"":8333,""top"":4050,""bottom"":10000},""time"":1729913732035},{""box"":{""left"":2900,""right"":8333,""top"":4050,""bottom"":10000},""time"":1729913732095},{""box"":{""left"":2900,""right"":8333,""top"":4050,""bottom"":10000},""time"":1729913732149},{""box"":{""left"":2900,""right"":8333,""top"":4050,""bottom"":10000},""time"":1729913732204},{""box"":{""left"":2900,""right"":8333,""top"":4050,""bottom"":10000},""time"":1729913732258},{""box"":{""left"":2900,""right"":8333,""top"":4050,""bottom"":10000},""time"":1729913732312},{""box"":{""left"":2900,""right"":8333,""top"":4050,""bottom"":10000},""time"":1729913732367},{""box"":{""left"":2900,""right"":8333,""top"":4050,""bottom"":10000},""time"":1729913732421},{""box"":{""left"":2900,""right"":8333,""top"":4050,""bottom"":10000},""time"":1729913732475},{""box"":{""left"":2900,""right"":8333,""top"":4050,""bottom"":10000},""time"":1729913732529},{""box"":{""left"":2900,""right"":8333,""top"":4050,""bottom"":10000},""time"":1729913732594},{""box"":{""left"":2900,""right"":8333,""top"":4050,""bottom"":10000},""time"":1729913732660},{""box"":{""left"":2900,""right"":8333,""top"":4050,""bottom"":10000},""time"":1729913732722},{""box"":{""left"":2900,""right"":8333,""top"":4050,""bottom"":10000},""time"":1729913732798},{""box"":{""left"":2900,""right"":8333,""top"":4050,""bottom"":10000},""time"":1729913732874},{""box"":{""left"":2900,""right"":8333,""top"":4050,""bottom"":10000},""time"":1729913732949},{""box"":{""left"":2900,""right"":8333,""top"":4050,""bottom"":10000},""time"":1729913733025},{""box"":{""left"":2900,""right"":8333,""top"":4050,""bottom"":10000},""time"":1729913733100},{""box"":{""left"":2900,""right"":8333,""top"":4050,""bottom"":10000},""time"":1729913733283},{""box"":{""left"":2900,""right"":8333,""top"":4050,""bottom"":10000},""time"":1729913733360},{""box"":{""left"":2900,""right"":8333,""top"":4050,""bottom"":10000},""time"":1729913733445},{""box"":{""left"":2900,""right"":8333,""top"":4050,""bottom"":10000},""time"":1729913733520},{""box"":{""left"":2900,""right"":8333,""top"":4050,""bottom"":10000},""time"":1729913733596},{""box"":{""left"":2900,""right"":8333,""top"":4050,""bottom"":10000},""time"":1729913733661},{""box"":{""left"":2900,""right"":8333,""top"":4050,""bottom"":10000},""time"":1729913733753},{""box"":{""left"":2900,""right"":8333,""top"":4050,""bottom"":10000},""time"":1729913733829},{""box"":{""left"":2900,""right"":8333,""top"":4050,""bottom"":10000},""time"":1729913733904},{""box"":{""left"":2900,""right"":8333,""top"":4050,""bottom"":10000},""time"":1729913733973},{""box"":{""left"":2900,""right"":8333,""top"":4050,""bottom"":10000},""time"":1729913734035},{""box"":{""left"":2900,""right"":8333,""top"":4050,""bottom"":10000},""time"":1729913734110},{""box"":{""left"":2900,""right"":8333,""top"":4050,""bottom"":10000},""time"":1729913734175},{""box"":{""left"":2900,""right"":8333,""top"":4050,""bottom"":10000},""time"":1729913734226},{""box"":{""left"":2900,""right"":8333,""top"":4050,""bottom"":10000},""time"":1729913734279},{""box"":{""left"":2900,""right"":8333,""top"":4050,""bottom"":10000},""time"":1729913734334},{""box"":{""left"":2900,""right"":8333,""top"":4050,""bottom"":10000},""time"":1729913734385},{""box"":{""left"":2900,""right"":8333,""top"":4050,""bottom"":10000},""time"":1729913734440},{""box"":{""left"":2900,""right"":8333,""top"":4050,""bottom"":10000},""time"":1729913734493},{""box"":{""left"":2900,""right"":8333,""top"":4050,""bottom"":10000},""time"":1729913734537},{""box"":{""left"":2900,""right"":8333,""top"":4050,""bottom"":10000},""time"":1729913734577},{""box"":{""left"":2900,""right"":8333,""top"":4050,""bottom"":10000},""time"":1729913734627},{""box"":{""left"":2900,""right"":8333,""top"":4050,""bottom"":10000},""time"":1729913734688},{""box"":{""left"":2900,""right"":8333,""top"":4050,""bottom"":10000},""time"":1729913734758},{""box"":{""left"":2900,""right"":8333,""top"":4050,""bottom"":10000},""time"":1729913734834},{""box"":{""left"":2900,""right"":8333,""top"":4050,""bottom"":10000},""time"":1729913734889},{""box"":{""left"":2900,""right"":8333,""top"":4050,""bottom"":10000},""time"":1729913734949},{""box"":{""left"":2900,""right"":8333,""top"":4050,""bottom"":10000},""time"":1729913735028},{""box"":{""left"":2900,""right"":8333,""top"":4050,""bottom"":10000},""time"":1729913735097},{""box"":{""left"":2900,""right"":8333,""top"":4050,""bottom"":10000},""time"":1729913735139},{""box"":{""left"":2900,""right"":8333,""top"":4050,""bottom"":10000},""time"":1729913735179},{""box"":{""left"":2900,""right"":8333,""top"":4050,""bottom"":10000},""time"":1729913735249},{""box"":{""left"":2900,""right"":8333,""top"":4050,""bottom"":10000},""time"":1729913735298},{""box"":{""left"":2900,""right"":8333,""top"":4050,""bottom"":10000},""time"":1729913735548},{""box"":{""left"":2900,""right"":8333,""top"":4050,""bottom"":10000},""time"":1729913735597},{""box"":{""left"":2900,""right"":8333,""top"":4050,""bottom"":10000},""time"":1729913735667},{""box"":{""left"":2900,""right"":8333,""top"":4050,""bottom"":10000},""time"":1729913735727},{""box"":{""left"":2900,""right"":8333,""top"":4050,""bottom"":10000},""time"":1729913735767},{""box"":{""left"":2900,""right"":8333,""top"":4050,""bottom"":10000},""time"":1729913735827},{""box"":{""left"":2900,""right"":8333,""top"":4050,""bottom"":10000},""time"":1729913735876},{""box"":{""left"":2900,""right"":8333,""top"":4050,""bottom"":10000},""time"":1729913735937},{""box"":{""left"":2900,""right"":8333,""top"":4050,""bottom"":10000},""time"":1729913735987},{""box"":{""left"":2900,""right"":8333,""top"":4050,""bottom"":10000},""time"":1729913736037},{""box"":{""left"":2900,""right"":8333,""top"":4050,""bottom"":10000},""time"":1729913736087},{""box"":{""left"":2900,""right"":8333,""top"":4050,""bottom"":10000},""time"":1729913736127},{""box"":{""left"":2900,""right"":8333,""top"":4050,""bottom"":10000},""time"":1729913736167},{""box"":{""left"":2900,""right"":8333,""top"":4050,""bottom"":10000},""time"":1729913736217},{""box"":{""left"":2900,""right"":8333,""top"":4050,""bottom"":10000},""time"":1729913736267},{""box"":{""left"":2900,""right"":8333,""top"":4050,""bottom"":10000},""time"":1729913736316},{""box"":{""left"":2900,""right"":8333,""top"":4050,""bottom"":10000},""time"":1729913736376},{""box"":{""left"":2900,""right"":8333,""top"":4050,""bottom"":10000},""time"":1729913736426},{""box"":{""left"":2900,""right"":8333,""top"":4050,""bottom"":10000},""time"":1729913736476},{""box"":{""left"":2900,""right"":8333,""top"":4050,""bottom"":10000},""time"":1729913736526},{""box"":{""left"":2900,""right"":8333,""top"":4050,""bottom"":10000},""time"":1729913736586},{""box"":{""left"":2900,""right"":8333,""top"":4050,""bottom"":10000},""time"":1729913736626},{""box"":{""left"":2900,""right"":8333,""top"":4050,""bottom"":10000},""time"":1729913736719},{""box"":{""left"":2900,""right"":8333,""top"":4050,""bottom"":10000},""time"":1729913736829},{""box"":{""left"":2900,""right"":8333,""top"":4050,""bottom"":10000},""time"":1729913736854},{""box"":{""left"":2900,""right"":8333,""top"":4050,""bottom"":10000},""time"":1729913736915},{""box"":{""left"":2900,""right"":8333,""top"":4050,""bottom"":10000},""time"":1729913736989},{""box"":{""left"":2900,""right"":8333,""top"":4050,""bottom"":10000},""time"":1729913737051},{""box"":{""left"":2900,""right"":8333,""top"":4050,""bottom"":10000},""time"":1729913737164},{""box"":{""left"":2900,""right"":8333,""top"":4050,""bottom"":10000},""time"":1729913737226},{""box"":{""left"":2900,""right"":8333,""top"":4050,""bottom"":10000},""time"":1729913737287},{""box"":{""left"":2900,""right"":8333,""top"":4050,""bottom"":10000},""time"":1729913737338},{""box"":{""left"":2900,""right"":8333,""top"":4050,""bottom"":10000},""time"":1729913737378},{""box"":{""left"":2900,""right"":8333,""top"":4050,""bottom"":10000},""time"":1729913737433},{""box"":{""left"":2900,""right"":8333,""top"":4050,""bottom"":10000},""time"":1729913737483},{""box"":{""left"":2900,""right"":8333,""top"":4050,""bottom"":10000},""time"":1729913737534},{""box"":{""left"":2900,""right"":8333,""top"":4050,""bottom"":10000},""time"":1729913737598},{""box"":{""left"":2900,""right"":8333,""top"":4050,""bottom"":10000},""time"":1729913737659},{""box"":{""left"":2900,""right"":8333,""top"":4050,""bottom"":10000},""time"":1729913737720},{""box"":{""left"":2900,""right"":8333,""top"":4050,""bottom"":10000},""time"":1729913737771},{""box"":{""left"":2900,""right"":8333,""top"":4050,""bottom"":10000},""time"":1729913737831},{""box"":{""left"":2900,""right"":8333,""top"":4050,""bottom"":10000},""time"":1729913737893},{""box"":{""left"":2900,""right"":8333,""top"":4050,""bottom"":10000},""time"":1729913737954},{""box"":{""left"":2900,""right"":8333,""top"":4050,""bottom"":10000},""time"":1729913738005},{""box"":{""left"":2900,""right"":8333,""top"":4050,""bottom"":10000},""time"":1729913738066},{""box"":{""left"":2900,""right"":8333,""top"":4050,""bottom"":10000},""time"":1729913738117},{""box"":{""left"":2900,""right"":8333,""top"":4050,""bottom"":10000},""time"":1729913738179},{""box"":{""left"":2900,""right"":8333,""top"":4050,""bottom"":10000},""time"":1729913738239},{""box"":{""left"":2900,""right"":8333,""top"":4050,""bottom"":10000},""time"":1729913738290},{""box"":{""left"":2900,""right"":8333,""top"":4050,""bottom"":10000},""time"":1729913738342},{""box"":{""left"":2900,""right"":8333,""top"":4050,""bottom"":10000},""time"":1729913738403},{""box"":{""left"":2900,""right"":8333,""top"":4050,""bottom"":10000},""time"":1729913738456},{""box"":{""left"":2900,""right"":8333,""top"":4050,""bottom"":10000},""time"":1729913738517},{""box"":{""left"":2900,""right"":8333,""top"":4050,""bottom"":10000},""time"":1729913738569},{""box"":{""left"":2900,""right"":8333,""top"":4050,""bottom"":10000},""time"":1729913738629},{""box"":{""left"":2900,""right"":8333,""top"":4050,""bottom"":10000},""time"":1729913738680},{""box"":{""left"":2900,""right"":8333,""top"":4050,""bottom"":10000},""time"":1729913738743},{""box"":{""left"":2900,""right"":8333,""top"":4050,""bottom"":10000},""time"":1729913738794},{""box"":{""left"":2900,""right"":8333,""top"":4050,""bottom"":10000},""time"":1729913738855},{""box"":{""left"":2900,""right"":8333,""top"":4050,""bottom"":10000},""time"":1729913738905},{""box"":{""left"":2900,""right"":8333,""top"":4050,""bottom"":10000},""time"":1729913738966},{""box"":{""left"":2900,""right"":8333,""top"":4050,""bottom"":10000},""time"":1729913739018},{""box"":{""left"":2900,""right"":8333,""top"":4050,""bottom"":10000},""time"":1729913739078},{""box"":{""left"":2900,""right"":8333,""top"":4050,""bottom"":10000},""time"":1729913739129},{""box"":{""left"":2900,""right"":8333,""top"":4050,""bottom"":10000},""time"":1729913739190},{""box"":{""left"":2900,""right"":8333,""top"":4050,""bottom"":10000},""time"":1729913739251},{""box"":{""left"":2900,""right"":8333,""top"":4050,""bottom"":10000},""time"":1729913739303},{""box"":{""left"":2900,""right"":8333,""top"":4050,""bottom"":10000},""time"":1729913739364},{""box"":{""left"":2900,""right"":8333,""top"":4050,""bottom"":10000},""time"":1729913739415},{""box"":{""left"":2900,""right"":8333,""top"":4050,""bottom"":10000},""time"":1729913739475},{""box"":{""left"":2900,""right"":8333,""top"":4050,""bottom"":10000},""time"":1729913739528},{""box"":{""left"":2900,""right"":8333,""top"":4050,""bottom"":10000},""time"":1729913739590},{""box"":{""left"":2900,""right"":8333,""top"":4050,""bottom"":10000},""time"":1729913739641},{""box"":{""left"":2900,""right"":8333,""top"":4050,""bottom"":10000},""time"":1729913739704},{""box"":{""left"":2900,""right"":8333,""top"":4050,""bottom"":10000},""time"":1729913739755},{""box"":{""left"":2900,""right"":8333,""top"":4050,""bottom"":10000},""time"":1729913739816},{""box"":{""left"":2900,""right"":8333,""top"":4050,""bottom"":10000},""time"":1729913739876},{""box"":{""left"":2900,""right"":8333,""top"":4050,""bottom"":10000},""time"":1729913739928},{""box"":{""left"":2900,""right"":8333,""top"":4050,""bottom"":10000},""time"":1729913739990},{""box"":{""left"":2900,""right"":8333,""top"":4050,""bottom"":10000},""time"":1729913740041},{""box"":{""left"":2900,""right"":8333,""top"":4050,""bottom"":10000},""time"":1729913740093},{""box"":{""left"":2900,""right"":8333,""top"":4050,""bottom"":10000},""time"":1729913740154},{""box"":{""left"":2900,""right"":8333,""top"":4050,""bottom"":10000},""time"":1729913740215},{""box"":{""left"":2900,""right"":8333,""top"":4050,""bottom"":10000},""time"":1729913740265},{""box"":{""left"":2900,""right"":8333,""top"":4050,""bottom"":10000},""time"":1729913740327},{""box"":{""left"":2900,""right"":8333,""top"":4050,""bottom"":10000},""time"":1729913740387},{""box"":{""left"":2900,""right"":8333,""top"":4050,""bottom"":10000},""time"":1729913740398},{""box"":{""left"":2900,""right"":8333,""top"":4050,""bottom"":10000},""time"":1729913740441},{""box"":{""left"":2900,""right"":8333,""top"":4050,""bottom"":10000},""time"":1729913740451},{""box"":{""left"":2900,""right"":8333,""top"":4050,""bottom"":10000},""time"":1729913740501},{""box"":{""left"":2900,""right"":8333,""top"":4050,""bottom"":10000},""time"":1729913740511},{""box"":{""left"":2900,""right"":8333,""top"":4050,""bottom"":10000},""time"":1729913740553},{""box"":{""left"":2900,""right"":8333,""top"":4050,""bottom"":10000},""time"":1729913740563},{""box"":{""left"":2900,""right"":8333,""top"":4050,""bottom"":10000},""time"":1729913740615},{""box"":{""left"":2900,""right"":8333,""top"":4050,""bottom"":10000},""time"":1729913740625},{""box"":{""left"":2900,""right"":8333,""top"":4050,""bottom"":10000},""time"":1729913740665},{""box"":{""left"":2900,""right"":8333,""top"":4050,""bottom"":10000},""time"":1729913740676},{""box"":{""left"":2900,""right"":8333,""top"":4050,""bottom"":10000},""time"":1729913740729},{""box"":{""left"":2900,""right"":8333,""top"":4050,""bottom"":10000},""time"":1729913740739},{""box"":{""left"":2900,""right"":8333,""top"":4050,""bottom"":10000},""time"":1729913740790},{""box"":{""left"":2900,""right"":8333,""top"":4050,""bottom"":10000},""time"":1729913740800},{""box"":{""left"":2900,""right"":8333,""top"":4050,""bottom"":10000},""time"":1729913740843},{""box"":{""left"":2900,""right"":8333,""top"":4050,""bottom"":10000},""time"":1729913740853},{""box"":{""left"":2900,""right"":8333,""top"":4050,""bottom"":10000},""time"":1729913740905},{""box"":{""left"":2900,""right"":8333,""top"":4050,""bottom"":10000},""time"":1729913740915},{""box"":{""left"":2900,""right"":8333,""top"":4050,""bottom"":10000},""time"":1729913740958},{""box"":{""left"":2900,""right"":8333,""top"":4050,""bottom"":10000},""time"":1729913740968},{""box"":{""left"":2900,""right"":8333,""top"":4050,""bottom"":10000},""time"":1729913741019},{""box"":{""left"":2900,""right"":8333,""top"":4050,""bottom"":10000},""time"":1729913741029},{""box"":{""left"":2900,""right"":8333,""top"":4050,""bottom"":10000},""time"":1729913741080},{""box"":{""left"":2900,""right"":8333,""top"":4050,""bottom"":10000},""time"":1729913741090},{""box"":{""left"":2900,""right"":8333,""top"":4050,""bottom"":10000},""time"":1729913741141},{""box"":{""left"":2900,""right"":8333,""top"":4050,""bottom"":10000},""time"":1729913741193},{""box"":{""left"":2900,""right"":8333,""top"":4050,""bottom"":10000},""time"":1729913741254},{""box"":{""left"":2900,""right"":8333,""top"":4050,""bottom"":10000},""time"":1729913741305},{""box"":{""left"":2900,""right"":8333,""top"":4050,""bottom"":10000},""time"":1729913741368},{""box"":{""left"":2900,""right"":8333,""top"":4050,""bottom"":10000},""time"":1729913741379},{""box"":{""left"":2900,""right"":8333,""top"":4050,""bottom"":10000},""time"":1729913741429},{""box"":{""left"":2900,""right"":8333,""top"":4050,""bottom"":10000},""time"":1729913741481},{""box"":{""left"":2900,""right"":8333,""top"":4050,""bottom"":10000},""time"":1729913741534},{""box"":{""left"":2900,""right"":8333,""top"":4050,""bottom"":10000},""time"":1729913741554},{""box"":{""left"":2900,""right"":8333,""top"":4050,""bottom"":10000},""time"":1729913741594},{""box"":{""left"":2900,""right"":8333,""top"":4050,""bottom"":10000},""time"":1729913741658},{""box"":{""left"":2900,""right"":8333,""top"":4050,""bottom"":10000},""time"":1729913741708},{""box"":{""left"":2900,""right"":8333,""top"":4050,""bottom"":10000},""time"":1729913741760},{""box"":{""left"":2900,""right"":8333,""top"":4050,""bottom"":10000},""time"":1729913741770},{""box"":{""left"":2900,""right"":8333,""top"":4050,""bottom"":10000},""time"":1729913741813},{""box"":{""left"":2900,""right"":8333,""top"":4050,""bottom"":10000},""time"":1729913741824},{""box"":{""left"":2900,""right"":8333,""top"":4050,""bottom"":10000},""time"":1729913741873},{""box"":{""left"":2900,""right"":8333,""top"":4050,""bottom"":10000},""time"":1729913741894},{""box"":{""left"":2900,""right"":8333,""top"":4050,""bottom"":10000},""time"":1729913741926},{""box"":{""left"":2900,""right"":8333,""top"":4050,""bottom"":10000},""time"":1729913741987},{""box"":{""left"":2900,""right"":8333,""top"":4050,""bottom"":10000},""time"":1729913742008},{""box"":{""left"":2900,""right"":8333,""top"":4050,""bottom"":10000},""time"":1729913742041},{""box"":{""left"":2900,""right"":8333,""top"":4050,""bottom"":10000},""time"":1729913742101},{""box"":{""left"":2900,""right"":8333,""top"":4050,""bottom"":10000},""time"":1729913742121},{""box"":{""left"":2900,""right"":8333,""top"":4050,""bottom"":10000},""time"":1729913742177},{""box"":{""left"":2900,""right"":8333,""top"":4050,""bottom"":10000},""time"":1729913742228},{""box"":{""left"":2900,""right"":8333,""top"":4050,""bottom"":10000},""time"":1729913742257},{""box"":{""left"":2900,""right"":8333,""top"":4050,""bottom"":10000},""time"":1729913742278},{""box"":{""left"":2900,""right"":8333,""top"":4050,""bottom"":10000},""time"":1729913742319},{""box"":{""left"":2900,""right"":8333,""top"":4050,""bottom"":10000},""time"":1729913742339},{""box"":{""left"":2900,""right"":8333,""top"":4050,""bottom"":10000},""time"":1729913742380},{""box"":{""left"":2900,""right"":8333,""top"":4050,""bottom"":10000},""time"":1729913742400},{""box"":{""left"":2900,""right"":8333,""top"":4050,""bottom"":10000},""time"":1729913742451},{""box"":{""left"":2900,""right"":8333,""top"":4050,""bottom"":10000},""time"":1729913742491},{""box"":{""left"":2900,""right"":8333,""top"":4050,""bottom"":10000},""time"":1729913742556},{""box"":{""left"":2900,""right"":8333,""top"":4050,""bottom"":10000},""time"":1729913742609},{""box"":{""left"":2900,""right"":8333,""top"":4050,""bottom"":10000},""time"":1729913742671},{""box"":{""left"":2900,""right"":8333,""top"":4050,""bottom"":10000},""time"":1729913742732},{""box"":{""left"":2900,""right"":8333,""top"":4050,""bottom"":10000},""time"":1729913742784},{""box"":{""left"":2900,""right"":8333,""top"":4050,""bottom"":10000},""time"":1729913742838},{""box"":{""left"":2900,""right"":8333,""top"":4050,""bottom"":10000},""time"":1729913742898},{""box"":{""left"":2900,""right"":8333,""top"":4050,""bottom"":10000},""time"":1729913742950},{""box"":{""left"":2900,""right"":8333,""top"":4050,""bottom"":10000},""time"":1729913743012},{""box"":{""left"":2900,""right"":8333,""top"":4050,""bottom"":10000},""time"":1729913743073},{""box"":{""left"":2900,""right"":8333,""top"":4050,""bottom"":10000},""time"":1729913743125},{""box"":{""left"":2900,""right"":8333,""top"":4050,""bottom"":10000},""time"":1729913743178},{""box"":{""left"":2900,""right"":8333,""top"":4050,""bottom"":10000},""time"":1729913743209},{""box"":{""left"":2900,""right"":8333,""top"":4050,""bottom"":10000},""time"":1729913743249},{""box"":{""left"":2900,""right"":8333,""top"":4050,""bottom"":10000},""time"":1729913743259},{""box"":{""left"":2900,""right"":8333,""top"":4050,""bottom"":10000},""time"":1729913743290},{""box"":{""left"":2900,""right"":8333,""top"":4050,""bottom"":10000},""time"":1729913743321},{""box"":{""left"":2900,""right"":8333,""top"":4050,""bottom"":10000},""time"":1729913743351},{""box"":{""left"":2900,""right"":8333,""top"":4050,""bottom"":10000},""time"":1729913743372},{""box"":{""left"":2900,""right"":8333,""top"":4050,""bottom"":10000},""time"":1729913743405},{""box"":{""left"":2900,""right"":8333,""top"":4050,""bottom"":10000},""time"":1729913743426},{""box"":{""left"":2900,""right"":8333,""top"":4050,""bottom"":10000},""time"":1729913743466},{""box"":{""left"":2900,""right"":8333,""top"":4050,""bottom"":10000},""time"":1729913743487},{""box"":{""left"":2900,""right"":8333,""top"":4050,""bottom"":10000},""time"":1729913743527},{""box"":{""left"":2900,""right"":8333,""top"":4050,""bottom"":10000},""time"":1729913743548},{""box"":{""left"":2900,""right"":8333,""top"":4050,""bottom"":10000},""time"":1729913743589},{""box"":{""left"":2900,""right"":8333,""top"":4050,""bottom"":10000},""time"":1729913743609},{""box"":{""left"":2900,""right"":8333,""top"":4050,""bottom"":10000},""time"":1729913743650},{""box"":{""left"":2900,""right"":8333,""top"":4050,""bottom"":10000},""time"":1729913743681},{""box"":{""left"":2900,""right"":8333,""top"":4050,""bottom"":10000},""time"":1729913743721},{""box"":{""left"":2900,""right"":8333,""top"":4050,""bottom"":10000},""time"":1729913743752},{""box"":{""left"":2900,""right"":8333,""top"":4050,""bottom"":10000},""time"":1729913743793},{""box"":{""left"":2900,""right"":8333,""top"":4050,""bottom"":10000},""time"":1729913743810},{""box"":{""left"":2900,""right"":8333,""top"":4050,""bottom"":10000},""time"":1729913743869},{""box"":{""left"":2900,""right"":8333,""top"":4050,""bottom"":10000},""time"":1729913743900},{""box"":{""left"":2900,""right"":8333,""top"":4050,""bottom"":10000},""time"":1729913743951},{""box"":{""left"":2900,""right"":8333,""top"":4050,""bottom"":10000},""time"":1729913743983},{""box"":{""left"":2900,""right"":8333,""top"":4050,""bottom"":10000},""time"":1729913743993},{""box"":{""left"":2900,""right"":8333,""top"":4050,""bottom"":10000},""time"":1729913744034},{""box"":{""left"":2900,""right"":8333,""top"":4050,""bottom"":10000},""time"":1729913744045},{""box"":{""left"":2900,""right"":8333,""top"":4050,""bottom"":10000},""time"":1729913744095},{""box"":{""left"":2900,""right"":8333,""top"":4050,""bottom"":10000},""time"":1729913744116},{""box"":{""left"":2900,""right"":8333,""top"":4050,""bottom"":10000},""time"":1729913744156},{""box"":{""left"":2900,""right"":8333,""top"":4050,""bottom"":10000},""time"":1729913744167},{""box"":{""left"":2900,""right"":8333,""top"":4050,""bottom"":10000},""time"":1729913744209},{""box"":{""left"":2900,""right"":8333,""top"":4050,""bottom"":10000},""time"":1729913744219},{""box"":{""left"":2900,""right"":8333,""top"":4050,""bottom"":10000},""time"":1729913744269},{""box"":{""left"":2900,""right"":8333,""top"":4050,""bottom"":10000},""time"":1729913744290},{""box"":{""left"":2900,""right"":8333,""top"":4050,""bottom"":10000},""time"":1729913744322},{""box"":{""left"":2900,""right"":8333,""top"":4050,""bottom"":10000},""time"":1729913744333},{""box"":{""left"":2900,""right"":8333,""top"":4050,""bottom"":10000},""time"":1729913744384},{""box"":{""left"":2900,""right"":8333,""top"":4050,""bottom"":10000},""time"":1729913744405},{""box"":{""left"":2900,""right"":8333,""top"":4050,""bottom"":10000},""time"":1729913744435},{""box"":{""left"":2900,""right"":8333,""top"":4050,""bottom"":10000},""time"":1729913744446},{""box"":{""left"":2900,""right"":8333,""top"":4050,""bottom"":10000},""time"":1729913744496},{""box"":{""left"":2900,""right"":8333,""top"":4050,""bottom"":10000},""time"":1729913744517},{""box"":{""left"":2900,""right"":8333,""top"":4050,""bottom"":10000},""time"":1729913744547},{""box"":{""left"":2900,""right"":8333,""top"":4050,""bottom"":10000},""time"":1729913744557},{""box"":{""left"":2900,""right"":8333,""top"":4050,""bottom"":10000},""time"":1729913744610},{""box"":{""left"":2900,""right"":8333,""top"":4050,""bottom"":10000},""time"":1729913744621},{""box"":{""left"":2900,""right"":8333,""top"":4050,""bottom"":10000},""time"":1729913744671},{""box"":{""left"":2900,""right"":8333,""top"":4050,""bottom"":10000},""time"":1729913744692},{""box"":{""left"":2900,""right"":8333,""top"":4050,""bottom"":10000},""time"":1729913744734},{""box"":{""left"":2900,""right"":8333,""top"":4050,""bottom"":10000},""time"":1729913744744},{""box"":{""left"":2900,""right"":8333,""top"":4050,""bottom"":10000},""time"":1729913744784},{""box"":{""left"":2900,""right"":8333,""top"":4050,""bottom"":10000},""time"":1729913744804},{""box"":{""left"":2900,""right"":8333,""top"":4050,""bottom"":10000},""time"":1729913744846},{""box"":{""left"":2900,""right"":8333,""top"":4050,""bottom"":10000},""time"":1729913744856},{""box"":{""left"":2900,""right"":8333,""top"":4050,""bottom"":10000},""time"":1729913744896},{""box"":{""left"":2900,""right"":8333,""top"":4050,""bottom"":10000},""time"":1729913744917},{""box"":{""left"":2900,""right"":8333,""top"":4050,""bottom"":10000},""time"":1729913744957},{""box"":{""left"":2900,""right"":8333,""top"":4050,""bottom"":10000},""time"":1729913744978},{""box"":{""left"":2900,""right"":8333,""top"":4050,""bottom"":10000},""time"":1729913745009},{""box"":{""left"":2900,""right"":8333,""top"":4050,""bottom"":10000},""time"":1729913745019},{""box"":{""left"":2900,""right"":8333,""top"":4050,""bottom"":10000},""time"":1729913745071},{""box"":{""left"":2900,""right"":8333,""top"":4050,""bottom"":10000},""time"":1729913745123},{""box"":{""left"":2900,""right"":8333,""top"":4050,""bottom"":10000},""time"":1729913745133},{""box"":{""left"":2900,""right"":8333,""top"":4050,""bottom"":10000},""time"":1729913745185},{""box"":{""left"":2900,""right"":8333,""top"":4050,""bottom"":10000},""time"":1729913745205},{""box"":{""left"":2900,""right"":8333,""top"":4050,""bottom"":10000},""time"":1729913745238},{""box"":{""left"":2900,""right"":8333,""top"":4050,""bottom"":10000},""time"":1729913745300},{""box"":{""left"":2900,""right"":8333,""top"":4050,""bottom"":10000},""time"":1729913745361},{""box"":{""left"":2900,""right"":8333,""top"":4050,""bottom"":10000},""time"":1729913745422},{""box"":{""left"":2900,""right"":8333,""top"":4050,""bottom"":10000},""time"":1729913745484},{""box"":{""left"":2900,""right"":8333,""top"":4050,""bottom"":10000},""time"":1729913745545},{""box"":{""left"":2900,""right"":8333,""top"":4050,""bottom"":10000},""time"":1729913745586},{""box"":{""left"":2900,""right"":8333,""top"":4050,""bottom"":10000},""time"":1729913745660},{""box"":{""left"":2900,""right"":8333,""top"":4050,""bottom"":10000},""time"":1729913745730},{""box"":{""left"":2900,""right"":8333,""top"":4050,""bottom"":10000},""time"":1729913745774}",,,,,
57042,Person,2024-10-26 12:35:30,2024-10-26 12:36:14,"{""left"":4966,""right"":8370,""top"":6378,""bottom"":10000},{""box"":{""left"":4966,""right"":8370,""top"":6378,""bottom"":10000},""time"":1729913730365},{""box"":{""left"":4966,""right"":8370,""top"":6378,""bottom"":10000},""time"":1729913730593},{""box"":{""left"":4966,""right"":8370,""top"":6378,""bottom"":10000},""time"":1729913730655},{""box"":{""left"":4966,""right"":8370,""top"":6378,""bottom"":10000},""time"":1729913730952},{""box"":{""left"":4966,""right"":8370,""top"":6378,""bottom"":10000},""time"":1729913731117},{""box"":{""left"":4966,""right"":8370,""top"":6378,""bottom"":10000},""time"":1729913731177},{""box"":{""left"":4966,""right"":8370,""top"":6378,""bottom"":10000},""time"":1729913731247},{""box"":{""left"":4966,""right"":8370,""top"":6378,""bottom"":10000},""time"":1729913731308},{""box"":{""left"":4966,""right"":8370,""top"":6378,""bottom"":10000},""time"":1729913731378},{""box"":{""left"":4966,""right"":8370,""top"":6378,""bottom"":10000},""time"":1729913731439},{""box"":{""left"":4966,""right"":8370,""top"":6378,""bottom"":10000},""time"":1729913731499},{""box"":{""left"":4966,""right"":8370,""top"":6378,""bottom"":10000},""time"":1729913731559},{""box"":{""left"":4966,""right"":8370,""top"":6378,""bottom"":10000},""time"":1729913731629},{""box"":{""left"":4966,""right"":8370,""top"":6378,""bottom"":10000},""time"":1729913731690},{""box"":{""left"":4966,""right"":8370,""top"":6378,""bottom"":10000},""time"":1729913731760},{""box"":{""left"":4966,""right"":8370,""top"":6378,""bottom"":10000},""time"":1729913731836},{""box"":{""left"":4966,""right"":8370,""top"":6378,""bottom"":10000},""time"":1729913732045},{""box"":{""left"":4966,""right"":8370,""top"":6378,""bottom"":10000},""time"":1729913732604},{""box"":{""left"":4966,""right"":8370,""top"":6378,""bottom"":10000},""time"":1729913732732},{""box"":{""left"":4966,""right"":8370,""top"":6378,""bottom"":10000},""time"":1729913732808},{""box"":{""left"":4966,""right"":8370,""top"":6378,""bottom"":10000},""time"":1729913732883},{""box"":{""left"":4966,""right"":8370,""top"":6378,""bottom"":10000},""time"":1729913732959},{""box"":{""left"":4966,""right"":8370,""top"":6378,""bottom"":10000},""time"":1729913733035},{""box"":{""left"":4966,""right"":8370,""top"":6378,""bottom"":10000},""time"":1729913733110},{""box"":{""left"":4966,""right"":8370,""top"":6378,""bottom"":10000},""time"":1729913733293},{""box"":{""left"":4966,""right"":8370,""top"":6378,""bottom"":10000},""time"":1729913733370},{""box"":{""left"":4966,""right"":8370,""top"":6378,""bottom"":10000},""time"":1729913733455},{""box"":{""left"":4966,""right"":8370,""top"":6378,""bottom"":10000},""time"":1729913733530},{""box"":{""left"":4966,""right"":8370,""top"":6378,""bottom"":10000},""time"":1729913733605},{""box"":{""left"":4966,""right"":8370,""top"":6378,""bottom"":10000},""time"":1729913733763},{""box"":{""left"":4966,""right"":8370,""top"":6378,""bottom"":10000},""time"":1729913733838},{""box"":{""left"":4966,""right"":8370,""top"":6378,""bottom"":10000},""time"":1729913733914},{""box"":{""left"":4966,""right"":8370,""top"":6378,""bottom"":10000},""time"":1729913734045},{""box"":{""left"":4966,""right"":8370,""top"":6378,""bottom"":10000},""time"":1729913734120},{""box"":{""left"":4966,""right"":8370,""top"":6378,""bottom"":10000},""time"":1729913734547},{""box"":{""left"":4966,""right"":8370,""top"":6378,""bottom"":10000},""time"":1729913734587},{""box"":{""left"":4966,""right"":8370,""top"":6378,""bottom"":10000},""time"":1729913734636},{""box"":{""left"":4966,""right"":8370,""top"":6378,""bottom"":10000},""time"":1729913734698},{""box"":{""left"":4966,""right"":8370,""top"":6378,""bottom"":10000},""time"":1729913734768},{""box"":{""left"":4966,""right"":8370,""top"":6378,""bottom"":10000},""time"":1729913734843},{""box"":{""left"":4966,""right"":8370,""top"":6378,""bottom"":10000},""time"":1729913734898},{""box"":{""left"":4966,""right"":8370,""top"":6378,""bottom"":10000},""time"":1729913734958},{""box"":{""left"":4966,""right"":8370,""top"":6378,""bottom"":10000},""time"":1729913735037},{""box"":{""left"":4966,""right"":8370,""top"":6378,""bottom"":10000},""time"":1729913735149},{""box"":{""left"":4966,""right"":8370,""top"":6378,""bottom"":10000},""time"":1729913735189},{""box"":{""left"":4966,""right"":8370,""top"":6378,""bottom"":10000},""time"":1729913735259},{""box"":{""left"":4966,""right"":8370,""top"":6378,""bottom"":10000},""time"":1729913735308},{""box"":{""left"":4966,""right"":8370,""top"":6378,""bottom"":10000},""time"":1729913735349},{""box"":{""left"":4966,""right"":8370,""top"":6378,""bottom"":10000},""time"":1729913735378},{""box"":{""left"":4966,""right"":8370,""top"":6378,""bottom"":10000},""time"":1729913735418},{""box"":{""left"":4966,""right"":8370,""top"":6378,""bottom"":10000},""time"":1729913735458},{""box"":{""left"":4966,""right"":8370,""top"":6378,""bottom"":10000},""time"":1729913735497},{""box"":{""left"":4966,""right"":8370,""top"":6378,""bottom"":10000},""time"":1729913735557},{""box"":{""left"":4966,""right"":8370,""top"":6378,""bottom"":10000},""time"":1729913735607},{""box"":{""left"":4966,""right"":8370,""top"":6378,""bottom"":10000},""time"":1729913735677},{""box"":{""left"":4966,""right"":8370,""top"":6378,""bottom"":10000},""time"":1729913735736},{""box"":{""left"":4966,""right"":8370,""top"":6378,""bottom"":10000},""time"":1729913735777},{""box"":{""left"":4966,""right"":8370,""top"":6378,""bottom"":10000},""time"":1729913735836},{""box"":{""left"":4966,""right"":8370,""top"":6378,""bottom"":10000},""time"":1729913735887},{""box"":{""left"":4966,""right"":8370,""top"":6378,""bottom"":10000},""time"":1729913735947},{""box"":{""left"":4966,""right"":8370,""top"":6378,""bottom"":10000},""time"":1729913735997},{""box"":{""left"":4966,""right"":8370,""top"":6378,""bottom"":10000},""time"":1729913736047},{""box"":{""left"":4966,""right"":8370,""top"":6378,""bottom"":10000},""time"":1729913736097},{""box"":{""left"":4966,""right"":8370,""top"":6378,""bottom"":10000},""time"":1729913736137},{""box"":{""left"":4966,""right"":8370,""top"":6378,""bottom"":10000},""time"":1729913736177},{""box"":{""left"":4966,""right"":8370,""top"":6378,""bottom"":10000},""time"":1729913736227},{""box"":{""left"":4966,""right"":8370,""top"":6378,""bottom"":10000},""time"":1729913736276},{""box"":{""left"":4966,""right"":8370,""top"":6378,""bottom"":10000},""time"":1729913736326},{""box"":{""left"":4966,""right"":8370,""top"":6378,""bottom"":10000},""time"":1729913736386},{""box"":{""left"":4966,""right"":8370,""top"":6378,""bottom"":10000},""time"":1729913736436},{""box"":{""left"":4966,""right"":8370,""top"":6378,""bottom"":10000},""time"":1729913736486},{""box"":{""left"":4966,""right"":8370,""top"":6378,""bottom"":10000},""time"":1729913736535},{""box"":{""left"":4966,""right"":8370,""top"":6378,""bottom"":10000},""time"":1729913736595},{""box"":{""left"":4966,""right"":8370,""top"":6378,""bottom"":10000},""time"":1729913736636},{""box"":{""left"":4966,""right"":8370,""top"":6378,""bottom"":10000},""time"":1729913736729},{""box"":{""left"":4966,""right"":8370,""top"":6378,""bottom"":10000},""time"":1729913736999},{""box"":{""left"":4966,""right"":8370,""top"":6378,""bottom"":10000},""time"":1729913737061},{""box"":{""left"":4966,""right"":8370,""top"":6378,""bottom"":10000},""time"":1729913737174},{""box"":{""left"":4966,""right"":8370,""top"":6378,""bottom"":10000},""time"":1729913737236},{""box"":{""left"":4966,""right"":8370,""top"":6378,""bottom"":10000},""time"":1729913737297},{""box"":{""left"":4966,""right"":8370,""top"":6378,""bottom"":10000},""time"":1729913737348},{""box"":{""left"":4966,""right"":8370,""top"":6378,""bottom"":10000},""time"":1729913737443},{""box"":{""left"":4966,""right"":8370,""top"":6378,""bottom"":10000},""time"":1729913737493},{""box"":{""left"":4966,""right"":8370,""top"":6378,""bottom"":10000},""time"":1729913737608},{""box"":{""left"":4966,""right"":8370,""top"":6378,""bottom"":10000},""time"":1729913737669},{""box"":{""left"":4966,""right"":8370,""top"":6378,""bottom"":10000},""time"":1729913738189},{""box"":{""left"":4966,""right"":8370,""top"":6378,""bottom"":10000},""time"":1729913738352},{""box"":{""left"":4966,""right"":8370,""top"":6378,""bottom"":10000},""time"":1729913739714},{""box"":{""left"":4966,""right"":8370,""top"":6378,""bottom"":10000},""time"":1729913739826},{""box"":{""left"":4966,""right"":8370,""top"":6378,""bottom"":10000},""time"":1729913740103},{""box"":{""left"":4966,""right"":8370,""top"":6378,""bottom"":10000},""time"":1729913740164},{""box"":{""left"":4966,""right"":8370,""top"":6378,""bottom"":10000},""time"":1729913740225},{""box"":{""left"":4966,""right"":8370,""top"":6378,""bottom"":10000},""time"":1729913740275},{""box"":{""left"":4966,""right"":8370,""top"":6378,""bottom"":10000},""time"":1729913740337},{""box"":{""left"":4966,""right"":8370,""top"":6378,""bottom"":10000},""time"":1729913740408},{""box"":{""left"":4966,""right"":8370,""top"":6378,""bottom"":10000},""time"":1729913740461},{""box"":{""left"":4966,""right"":8370,""top"":6378,""bottom"":10000},""time"":1729913740522},{""box"":{""left"":4966,""right"":8370,""top"":6378,""bottom"":10000},""time"":1729913740574},{""box"":{""left"":4966,""right"":8370,""top"":6378,""bottom"":10000},""time"":1729913740635},{""box"":{""left"":4966,""right"":8370,""top"":6378,""bottom"":10000},""time"":1729913740686},{""box"":{""left"":4966,""right"":8370,""top"":6378,""bottom"":10000},""time"":1729913740749},{""box"":{""left"":4966,""right"":8370,""top"":6378,""bottom"":10000},""time"":1729913740810},{""box"":{""left"":4966,""right"":8370,""top"":6378,""bottom"":10000},""time"":1729913740863},{""box"":{""left"":4966,""right"":8370,""top"":6378,""bottom"":10000},""time"":1729913740925},{""box"":{""left"":4966,""right"":8370,""top"":6378,""bottom"":10000},""time"":1729913740978},{""box"":{""left"":4966,""right"":8370,""top"":6378,""bottom"":10000},""time"":1729913741039},{""box"":{""left"":4966,""right"":8370,""top"":6378,""bottom"":10000},""time"":1729913741100},{""box"":{""left"":4966,""right"":8370,""top"":6378,""bottom"":10000},""time"":1729913741151},{""box"":{""left"":4966,""right"":8370,""top"":6378,""bottom"":10000},""time"":1729913741203},{""box"":{""left"":4966,""right"":8370,""top"":6378,""bottom"":10000},""time"":1729913741264},{""box"":{""left"":4966,""right"":8370,""top"":6378,""bottom"":10000},""time"":1729913741315},{""box"":{""left"":4966,""right"":8370,""top"":6378,""bottom"":10000},""time"":1729913741389},{""box"":{""left"":4966,""right"":8370,""top"":6378,""bottom"":10000},""time"":1729913741544},{""box"":{""left"":4966,""right"":8370,""top"":6378,""bottom"":10000},""time"":1729913741648},{""box"":{""left"":4966,""right"":8370,""top"":6378,""bottom"":10000},""time"":1729913741780},{""box"":{""left"":4966,""right"":8370,""top"":6378,""bottom"":10000},""time"":1729913741834},{""box"":{""left"":4966,""right"":8370,""top"":6378,""bottom"":10000},""time"":1729913741904},{""box"":{""left"":4966,""right"":8370,""top"":6378,""bottom"":10000},""time"":1729913742018},{""box"":{""left"":4966,""right"":8370,""top"":6378,""bottom"":10000},""time"":1729913742132},{""box"":{""left"":4966,""right"":8370,""top"":6378,""bottom"":10000},""time"":1729913742167},{""box"":{""left"":4966,""right"":8370,""top"":6378,""bottom"":10000},""time"":1729913742187},{""box"":{""left"":4966,""right"":8370,""top"":6378,""bottom"":10000},""time"":1729913742288},{""box"":{""left"":4966,""right"":8370,""top"":6378,""bottom"":10000},""time"":1729913742349},{""box"":{""left"":4966,""right"":8370,""top"":6378,""bottom"":10000},""time"":1729913742410},{""box"":{""left"":4966,""right"":8370,""top"":6378,""bottom"":10000},""time"":1729913742461},{""box"":{""left"":4966,""right"":8370,""top"":6378,""bottom"":10000},""time"":1729913742501},{""box"":{""left"":4966,""right"":8370,""top"":6378,""bottom"":10000},""time"":1729913742566},{""box"":{""left"":4966,""right"":8370,""top"":6378,""bottom"":10000},""time"":1729913742619},{""box"":{""left"":4966,""right"":8370,""top"":6378,""bottom"":10000},""time"":1729913742681},{""box"":{""left"":4966,""right"":8370,""top"":6378,""bottom"":10000},""time"":1729913742742},{""box"":{""left"":4966,""right"":8370,""top"":6378,""bottom"":10000},""time"":1729913742794},{""box"":{""left"":4966,""right"":8370,""top"":6378,""bottom"":10000},""time"":1729913742908},{""box"":{""left"":4966,""right"":8370,""top"":6378,""bottom"":10000},""time"":1729913742960},{""box"":{""left"":4966,""right"":8370,""top"":6378,""bottom"":10000},""time"":1729913743022},{""box"":{""left"":4966,""right"":8370,""top"":6378,""bottom"":10000},""time"":1729913743083},{""box"":{""left"":4966,""right"":8370,""top"":6378,""bottom"":10000},""time"":1729913743135},{""box"":{""left"":4966,""right"":8370,""top"":6378,""bottom"":10000},""time"":1729913743188},{""box"":{""left"":4966,""right"":8370,""top"":6378,""bottom"":10000},""time"":1729913743219},{""box"":{""left"":4966,""right"":8370,""top"":6378,""bottom"":10000},""time"":1729913743300},{""box"":{""left"":4966,""right"":8370,""top"":6378,""bottom"":10000},""time"":1729913743331},{""box"":{""left"":4966,""right"":8370,""top"":6378,""bottom"":10000},""time"":1729913743382},{""box"":{""left"":4966,""right"":8370,""top"":6378,""bottom"":10000},""time"":1729913743436},{""box"":{""left"":4966,""right"":8370,""top"":6378,""bottom"":10000},""time"":1729913743497},{""box"":{""left"":4966,""right"":8370,""top"":6378,""bottom"":10000},""time"":1729913743558},{""box"":{""left"":4966,""right"":8370,""top"":6378,""bottom"":10000},""time"":1729913743619},{""box"":{""left"":4966,""right"":8370,""top"":6378,""bottom"":10000},""time"":1729913743660},{""box"":{""left"":4966,""right"":8370,""top"":6378,""bottom"":10000},""time"":1729913743691},{""box"":{""left"":4966,""right"":8370,""top"":6378,""bottom"":10000},""time"":1729913743732},{""box"":{""left"":4966,""right"":8370,""top"":6378,""bottom"":10000},""time"":1729913743762},{""box"":{""left"":4966,""right"":8370,""top"":6378,""bottom"":10000},""time"":1729913743879},{""box"":{""left"":4966,""right"":8370,""top"":6378,""bottom"":10000},""time"":1729913743910},{""box"":{""left"":4966,""right"":8370,""top"":6378,""bottom"":10000},""time"":1729913745649},{""box"":{""left"":4966,""right"":8370,""top"":6378,""bottom"":10000},""time"":1729913745670},{""box"":{""left"":4966,""right"":8370,""top"":6378,""bottom"":10000},""time"":1729913745710},{""box"":{""left"":4966,""right"":8370,""top"":6378,""bottom"":10000},""time"":1729913745764},{""box"":{""left"":4966,""right"":8370,""top"":6378,""bottom"":10000},""time"":1729913745785},{""box"":{""left"":4966,""right"":8370,""top"":6378,""bottom"":10000},""time"":1729913745836},{""box"":{""left"":4966,""right"":8370,""top"":6378,""bottom"":10000},""time"":1729913745889},{""box"":{""left"":4966,""right"":8370,""top"":6378,""bottom"":10000},""time"":1729913745939},{""box"":{""left"":4966,""right"":8370,""top"":6378,""bottom"":10000},""time"":1729913745991},{""box"":{""left"":4966,""right"":8370,""top"":6378,""bottom"":10000},""time"":1729913746053},{""box"":{""left"":4966,""right"":8370,""top"":6378,""bottom"":10000},""time"":1729913746114},{""box"":{""left"":4966,""right"":8370,""top"":6378,""bottom"":10000},""time"":1729913746134},{""box"":{""left"":4966,""right"":8370,""top"":6378,""bottom"":10000},""time"":1729913746167},{""box"":{""left"":4966,""right"":8370,""top"":6378,""bottom"":10000},""time"":1729913746178},{""box"":{""left"":4966,""right"":8370,""top"":6378,""bottom"":10000},""time"":1729913746228},{""box"":{""left"":4966,""right"":8370,""top"":6378,""bottom"":10000},""time"":1729913746281},{""box"":{""left"":4966,""right"":8370,""top"":6378,""bottom"":10000},""time"":1729913746343},{""box"":{""left"":4966,""right"":8370,""top"":6378,""bottom"":10000},""time"":1729913746394},{""box"":{""left"":4966,""right"":8370,""top"":6378,""bottom"":10000},""time"":1729913746456},{""box"":{""left"":4966,""right"":8370,""top"":6378,""bottom"":10000},""time"":1729913746528},{""box"":{""left"":4966,""right"":8370,""top"":6378,""bottom"":10000},""time"":1729913746569},{""box"":{""left"":4966,""right"":8370,""top"":6378,""bottom"":10000},""time"":1729913746580},{""box"":{""left"":4966,""right"":8370,""top"":6378,""bottom"":10000},""time"":1729913746631},{""box"":{""left"":4966,""right"":8370,""top"":6378,""bottom"":10000},""time"":1729913746684},{""box"":{""left"":4966,""right"":8370,""top"":6378,""bottom"":10000},""time"":1729913746694},{""box"":{""left"":4966,""right"":8370,""top"":6378,""bottom"":10000},""time"":1729913746745},{""box"":{""left"":4966,""right"":8370,""top"":6378,""bottom"":10000},""time"":1729913746755},{""box"":{""left"":4966,""right"":8370,""top"":6378,""bottom"":10000},""time"":1729913746795},{""box"":{""left"":4966,""right"":8370,""top"":6378,""bottom"":10000},""time"":1729913746858},{""box"":{""left"":4966,""right"":8370,""top"":6378,""bottom"":10000},""time"":1729913746972},{""box"":{""left"":4966,""right"":8370,""top"":6378,""bottom"":10000},""time"":1729913746983},{""box"":{""left"":4966,""right"":8370,""top"":6378,""bottom"":10000},""time"":1729913747032},{""box"":{""left"":4966,""right"":8370,""top"":6378,""bottom"":10000},""time"":1729913747043},{""box"":{""left"":4966,""right"":8370,""top"":6378,""bottom"":10000},""time"":1729913747084},{""box"":{""left"":4966,""right"":8370,""top"":6378,""bottom"":10000},""time"":1729913747095},{""box"":{""left"":4966,""right"":8370,""top"":6378,""bottom"":10000},""time"":1729913747145},{""box"":{""left"":4966,""right"":8370,""top"":6378,""bottom"":10000},""time"":1729913747156},{""box"":{""left"":4966,""right"":8370,""top"":6378,""bottom"":10000},""time"":1729913747199},{""box"":{""left"":4966,""right"":8370,""top"":6378,""bottom"":10000},""time"":1729913747271},{""box"":{""left"":4966,""right"":8370,""top"":6378,""bottom"":10000},""time"":1729913747312},{""box"":{""left"":4966,""right"":8370,""top"":6378,""bottom"":10000},""time"":1729913747373},{""box"":{""left"":4966,""right"":8370,""top"":6378,""bottom"":10000},""time"":1729913747383},{""box"":{""left"":4966,""right"":8370,""top"":6378,""bottom"":10000},""time"":1729913747434},{""box"":{""left"":4966,""right"":8370,""top"":6378,""bottom"":10000},""time"":1729913747487},{""box"":{""left"":4966,""right"":8370,""top"":6378,""bottom"":10000},""time"":1729913747508},{""box"":{""left"":4966,""right"":8370,""top"":6378,""bottom"":10000},""time"":1729913747549},{""box"":{""left"":4966,""right"":8370,""top"":6378,""bottom"":10000},""time"":1729913747599},{""box"":{""left"":4966,""right"":8370,""top"":6378,""bottom"":10000},""time"":1729913747610},{""box"":{""left"":4966,""right"":8370,""top"":6378,""bottom"":10000},""time"":1729913747653},{""box"":{""left"":4966,""right"":8370,""top"":6378,""bottom"":10000},""time"":1729913747663},{""box"":{""left"":4966,""right"":8370,""top"":6378,""bottom"":10000},""time"":1729913747704},{""box"":{""left"":4966,""right"":8370,""top"":6378,""bottom"":10000},""time"":1729913747715},{""box"":{""left"":4966,""right"":8370,""top"":6378,""bottom"":10000},""time"":1729913747765},{""box"":{""left"":4966,""right"":8370,""top"":6378,""bottom"":10000},""time"":1729913747775},{""box"":{""left"":4966,""right"":8370,""top"":6378,""bottom"":10000},""time"":1729913747817},{""box"":{""left"":4966,""right"":8370,""top"":6378,""bottom"":10000},""time"":1729913747828},{""box"":{""left"":4966,""right"":8370,""top"":6378,""bottom"":10000},""time"":1729913747878},{""box"":{""left"":4966,""right"":8370,""top"":6378,""bottom"":10000},""time"":1729913747930},{""box"":{""left"":4966,""right"":8370,""top"":6378,""bottom"":10000},""time"":1729913747991},{""box"":{""left"":4966,""right"":8370,""top"":6378,""bottom"":10000},""time"":1729913748044},{""box"":{""left"":4966,""right"":8370,""top"":6378,""bottom"":10000},""time"":1729913748105},{""box"":{""left"":4966,""right"":8370,""top"":6378,""bottom"":10000},""time"":1729913748168},{""box"":{""left"":4966,""right"":8370,""top"":6378,""bottom"":10000},""time"":1729913748209},{""box"":{""left"":4966,""right"":8370,""top"":6378,""bottom"":10000},""time"":1729913748219},{""box"":{""left"":4966,""right"":8370,""top"":6378,""bottom"":10000},""time"":1729913748272},{""box"":{""left"":4966,""right"":8370,""top"":6378,""bottom"":10000},""time"":1729913748322},{""box"":{""left"":4966,""right"":8370,""top"":6378,""bottom"":10000},""time"":1729913748333},{""box"":{""left"":4966,""right"":8370,""top"":6378,""bottom"":10000},""time"":1729913748383},{""box"":{""left"":4966,""right"":8370,""top"":6378,""bottom"":10000},""time"":1729913748434},{""box"":{""left"":4966,""right"":8370,""top"":6378,""bottom"":10000},""time"":1729913748495},{""box"":{""left"":4966,""right"":8370,""top"":6378,""bottom"":10000},""time"":1729913748546},{""box"":{""left"":4966,""right"":8370,""top"":6378,""bottom"":10000},""time"":1729913748609},{""box"":{""left"":4966,""right"":8370,""top"":6378,""bottom"":10000},""time"":1729913748670},{""box"":{""left"":4966,""right"":8370,""top"":6378,""bottom"":10000},""time"":1729913748732},{""box"":{""left"":4966,""right"":8370,""top"":6378,""bottom"":10000},""time"":1729913748774},{""box"":{""left"":4966,""right"":8370,""top"":6378,""bottom"":10000},""time"":1729913748784},{""box"":{""left"":4966,""right"":8370,""top"":6378,""bottom"":10000},""time"":1729913748841},{""box"":{""left"":4966,""right"":8370,""top"":6378,""bottom"":10000},""time"":1729913748902},{""box"":{""left"":4966,""right"":8370,""top"":6378,""bottom"":10000},""time"":1729913748942},{""box"":{""left"":4966,""right"":8370,""top"":6378,""bottom"":10000},""time"":1729913749001},{""box"":{""left"":4966,""right"":8370,""top"":6378,""bottom"":10000},""time"":1729913749062},{""box"":{""left"":4966,""right"":8370,""top"":6378,""bottom"":10000},""time"":1729913749083},{""box"":{""left"":4966,""right"":8370,""top"":6378,""bottom"":10000},""time"":1729913749123},{""box"":{""left"":4966,""right"":8370,""top"":6378,""bottom"":10000},""time"":1729913749144},{""box"":{""left"":4966,""right"":8370,""top"":6378,""bottom"":10000},""time"":1729913749185},{""box"":{""left"":4966,""right"":8370,""top"":6378,""bottom"":10000},""time"":1729913749195},{""box"":{""left"":4966,""right"":8370,""top"":6378,""bottom"":10000},""time"":1729913749226},{""box"":{""left"":4966,""right"":8370,""top"":6378,""bottom"":10000},""time"":1729913749236},{""box"":{""left"":4966,""right"":8370,""top"":6378,""bottom"":10000},""time"":1729913749289},{""box"":{""left"":4966,""right"":8370,""top"":6378,""bottom"":10000},""time"":1729913749299},{""box"":{""left"":4966,""right"":8370,""top"":6378,""bottom"":10000},""time"":1729913749349},{""box"":{""left"":4966,""right"":8370,""top"":6378,""bottom"":10000},""time"":1729913749360},{""box"":{""left"":4966,""right"":8370,""top"":6378,""bottom"":10000},""time"":1729913749403},{""box"":{""left"":4966,""right"":8370,""top"":6378,""bottom"":10000},""time"":1729913749413},{""box"":{""left"":4966,""right"":8370,""top"":6378,""bottom"":10000},""time"":1729913749464},{""box"":{""left"":4966,""right"":8370,""top"":6378,""bottom"":10000},""time"":1729913749475},{""box"":{""left"":4966,""right"":8370,""top"":6378,""bottom"":10000},""time"":1729913749518},{""box"":{""left"":4966,""right"":8370,""top"":6378,""bottom"":10000},""time"":1729913749528},{""box"":{""left"":4966,""right"":8370,""top"":6378,""bottom"":10000},""time"":1729913749580},{""box"":{""left"":4966,""right"":8370,""top"":6378,""bottom"":10000},""time"":1729913749590},{""box"":{""left"":4966,""right"":8370,""top"":6378,""bottom"":10000},""time"":1729913749641},{""box"":{""left"":4966,""right"":8370,""top"":6378,""bottom"":10000},""time"":1729913749651},{""box"":{""left"":4966,""right"":8370,""top"":6378,""bottom"":10000},""time"":1729913749693},{""box"":{""left"":4966,""right"":8370,""top"":6378,""bottom"":10000},""time"":1729913749713},{""box"":{""left"":4966,""right"":8370,""top"":6378,""bottom"":10000},""time"":1729913749754},{""box"":{""left"":4966,""right"":8370,""top"":6378,""bottom"":10000},""time"":1729913749774},{""box"":{""left"":4966,""right"":8370,""top"":6378,""bottom"":10000},""time"":1729913749814},{""box"":{""left"":4966,""right"":8370,""top"":6378,""bottom"":10000},""time"":1729913749825},{""box"":{""left"":4966,""right"":8370,""top"":6378,""bottom"":10000},""time"":1729913749868},{""box"":{""left"":4966,""right"":8370,""top"":6378,""bottom"":10000},""time"":1729913749888},{""box"":{""left"":4966,""right"":8370,""top"":6378,""bottom"":10000},""time"":1729913749921},{""box"":{""left"":4966,""right"":8370,""top"":6378,""bottom"":10000},""time"":1729913749931},{""box"":{""left"":4966,""right"":8370,""top"":6378,""bottom"":10000},""time"":1729913749984},{""box"":{""left"":4966,""right"":8370,""top"":6378,""bottom"":10000},""time"":1729913750034},{""box"":{""left"":4966,""right"":8370,""top"":6378,""bottom"":10000},""time"":1729913750044},{""box"":{""left"":4966,""right"":8370,""top"":6378,""bottom"":10000},""time"":1729913750096},{""box"":{""left"":4966,""right"":8370,""top"":6378,""bottom"":10000},""time"":1729913750106},{""box"":{""left"":4966,""right"":8370,""top"":6378,""bottom"":10000},""time"":1729913750157},{""box"":{""left"":4966,""right"":8370,""top"":6378,""bottom"":10000},""time"":1729913750167},{""box"":{""left"":4966,""right"":8370,""top"":6378,""bottom"":10000},""time"":1729913750209},{""box"":{""left"":4966,""right"":8370,""top"":6378,""bottom"":10000},""time"":1729913750219},{""box"":{""left"":4966,""right"":8370,""top"":6378,""bottom"":10000},""time"":1729913750259},{""box"":{""left"":4966,""right"":8370,""top"":6378,""bottom"":10000},""time"":1729913750270},{""box"":{""left"":4966,""right"":8370,""top"":6378,""bottom"":10000},""time"":1729913750321},{""box"":{""left"":4966,""right"":8370,""top"":6378,""bottom"":10000},""time"":1729913750331},{""box"":{""left"":4966,""right"":8370,""top"":6378,""bottom"":10000},""time"":1729913750373},{""box"":{""left"":4966,""right"":8370,""top"":6378,""bottom"":10000},""time"":1729913750384},{""box"":{""left"":4966,""right"":8370,""top"":6378,""bottom"":10000},""time"":1729913750426},{""box"":{""left"":4966,""right"":8370,""top"":6378,""bottom"":10000},""time"":1729913750446},{""box"":{""left"":4966,""right"":8370,""top"":6378,""bottom"":10000},""time"":1729913750487},{""box"":{""left"":4966,""right"":8370,""top"":6378,""bottom"":10000},""time"":1729913750497},{""box"":{""left"":4966,""right"":8370,""top"":6378,""bottom"":10000},""time"":1729913750549},{""box"":{""left"":4966,""right"":8370,""top"":6378,""bottom"":10000},""time"":1729913750569},{""box"":{""left"":4966,""right"":8370,""top"":6378,""bottom"":10000},""time"":1729913750600},{""box"":{""left"":4966,""right"":8370,""top"":6378,""bottom"":10000},""time"":1729913750620},{""box"":{""left"":4966,""right"":8370,""top"":6378,""bottom"":10000},""time"":1729913750670},{""box"":{""left"":4966,""right"":8370,""top"":6378,""bottom"":10000},""time"":1729913750713},{""box"":{""left"":4966,""right"":8370,""top"":6378,""bottom"":10000},""time"":1729913750774},{""box"":{""left"":4966,""right"":8370,""top"":6378,""bottom"":10000},""time"":1729913750826},{""box"":{""left"":4966,""right"":8370,""top"":6378,""bottom"":10000},""time"":1729913750889},{""box"":{""left"":4966,""right"":8370,""top"":6378,""bottom"":10000},""time"":1729913750939},{""box"":{""left"":4966,""right"":8370,""top"":6378,""bottom"":10000},""time"":1729913751000},{""box"":{""left"":4966,""right"":8370,""top"":6378,""bottom"":10000},""time"":1729913751061},{""box"":{""left"":4966,""right"":8370,""top"":6378,""bottom"":10000},""time"":1729913751113},{""box"":{""left"":4966,""right"":8370,""top"":6378,""bottom"":10000},""time"":1729913751175},{""box"":{""left"":4966,""right"":8370,""top"":6378,""bottom"":10000},""time"":1729913751235},{""box"":{""left"":4966,""right"":8370,""top"":6378,""bottom"":10000},""time"":1729913751289},{""box"":{""left"":4966,""right"":8370,""top"":6378,""bottom"":10000},""time"":1729913751299},{""box"":{""left"":4966,""right"":8370,""top"":6378,""bottom"":10000},""time"":1729913751350},{""box"":{""left"":4966,""right"":8370,""top"":6378,""bottom"":10000},""time"":1729913751402},{""box"":{""left"":4966,""right"":8370,""top"":6378,""bottom"":10000},""time"":1729913751463},{""box"":{""left"":4966,""right"":8370,""top"":6378,""bottom"":10000},""time"":1729913751515},{""box"":{""left"":4966,""right"":8370,""top"":6378,""bottom"":10000},""time"":1729913751587},{""box"":{""left"":4966,""right"":8370,""top"":6378,""bottom"":10000},""time"":1729913751638},{""box"":{""left"":4966,""right"":8370,""top"":6378,""bottom"":10000},""time"":1729913751689},{""box"":{""left"":4966,""right"":8370,""top"":6378,""bottom"":10000},""time"":1729913751740},{""box"":{""left"":4966,""right"":8370,""top"":6378,""bottom"":10000},""time"":1729913751802},{""box"":{""left"":4966,""right"":8370,""top"":6378,""bottom"":10000},""time"":1729913751864},{""box"":{""left"":4966,""right"":8370,""top"":6378,""bottom"":10000},""time"":1729913751917},{""box"":{""left"":4966,""right"":8370,""top"":6378,""bottom"":10000},""time"":1729913751937},{""box"":{""left"":4966,""right"":8370,""top"":6378,""bottom"":10000},""time"":1729913751980},{""box"":{""left"":4966,""right"":8370,""top"":6378,""bottom"":10000},""time"":1729913752030},{""box"":{""left"":4966,""right"":8370,""top"":6378,""bottom"":10000},""time"":1729913752041},{""box"":{""left"":4966,""right"":8370,""top"":6378,""bottom"":10000},""time"":1729913752093},{""box"":{""left"":4966,""right"":8370,""top"":6378,""bottom"":10000},""time"":1729913752104},{""box"":{""left"":4966,""right"":8370,""top"":6378,""bottom"":10000},""time"":1729913752155},{""box"":{""left"":4966,""right"":8370,""top"":6378,""bottom"":10000},""time"":1729913752165},{""box"":{""left"":4966,""right"":8370,""top"":6378,""bottom"":10000},""time"":1729913752216},{""box"":{""left"":4966,""right"":8370,""top"":6378,""bottom"":10000},""time"":1729913752269},{""box"":{""left"":4966,""right"":8370,""top"":6378,""bottom"":10000},""time"":1729913752321},{""box"":{""left"":4966,""right"":8370,""top"":6378,""bottom"":10000},""time"":1729913752373},{""box"":{""left"":4966,""right"":8370,""top"":6378,""bottom"":10000},""time"":1729913752434},{""box"":{""left"":4966,""right"":8370,""top"":6378,""bottom"":10000},""time"":1729913752488},{""box"":{""left"":4966,""right"":8370,""top"":6378,""bottom"":10000},""time"":1729913752549},{""box"":{""left"":4966,""right"":8370,""top"":6378,""bottom"":10000},""time"":1729913752601},{""box"":{""left"":4966,""right"":8370,""top"":6378,""bottom"":10000},""time"":1729913752662},{""box"":{""left"":4966,""right"":8370,""top"":6378,""bottom"":10000},""time"":1729913752714},{""box"":{""left"":4966,""right"":8370,""top"":6378,""bottom"":10000},""time"":1729913752724},{""box"":{""left"":4966,""right"":8370,""top"":6378,""bottom"":10000},""time"":1729913752775},{""box"":{""left"":4966,""right"":8370,""top"":6378,""bottom"":10000},""time"":1729913752786},{""box"":{""left"":4966,""right"":8370,""top"":6378,""bottom"":10000},""time"":1729913752836},{""box"":{""left"":4966,""right"":8370,""top"":6378,""bottom"":10000},""time"":1729913752887},{""box"":{""left"":4966,""right"":8370,""top"":6378,""bottom"":10000},""time"":1729913752897},{""box"":{""left"":4966,""right"":8370,""top"":6378,""bottom"":10000},""time"":1729913752948},{""box"":{""left"":4966,""right"":8370,""top"":6378,""bottom"":10000},""time"":1729913752999},{""box"":{""left"":4966,""right"":8370,""top"":6378,""bottom"":10000},""time"":1729913753009},{""box"":{""left"":4966,""right"":8370,""top"":6378,""bottom"":10000},""time"":1729913753060},{""box"":{""left"":4966,""right"":8370,""top"":6378,""bottom"":10000},""time"":1729913753070},{""box"":{""left"":4966,""right"":8370,""top"":6378,""bottom"":10000},""time"":1729913753121},{""box"":{""left"":4966,""right"":8370,""top"":6378,""bottom"":10000},""time"":1729913753172},{""box"":{""left"":4966,""right"":8370,""top"":6378,""bottom"":10000},""time"":1729913753183},{""box"":{""left"":4966,""right"":8370,""top"":6378,""bottom"":10000},""time"":1729913753233},{""box"":{""left"":4966,""right"":8370,""top"":6378,""bottom"":10000},""time"":1729913753244},{""box"":{""left"":4966,""right"":8370,""top"":6378,""bottom"":10000},""time"":1729913753295},{""box"":{""left"":4966,""right"":8370,""top"":6378,""bottom"":10000},""time"":1729913753346},{""box"":{""left"":4966,""right"":8370,""top"":6378,""bottom"":10000},""time"":1729913753356},{""box"":{""left"":4966,""right"":8370,""top"":6378,""bottom"":10000},""time"":1729913753406},{""box"":{""left"":4966,""right"":8370,""top"":6378,""bottom"":10000},""time"":1729913753438},{""box"":{""left"":4966,""right"":8370,""top"":6378,""bottom"":10000},""time"":1729913753493},{""box"":{""left"":4966,""right"":8370,""top"":6378,""bottom"":10000},""time"":1729913753552},{""box"":{""left"":4966,""right"":8370,""top"":6378,""bottom"":10000},""time"":1729913753606},{""box"":{""left"":4966,""right"":8370,""top"":6378,""bottom"":10000},""time"":1729913753667},{""box"":{""left"":4966,""right"":8370,""top"":6378,""bottom"":10000},""time"":1729913753720},{""box"":{""left"":4966,""right"":8370,""top"":6378,""bottom"":10000},""time"":1729913753730},{""box"":{""left"":4966,""right"":8370,""top"":6378,""bottom"":10000},""time"":1729913753781},{""box"":{""left"":4966,""right"":8370,""top"":6378,""bottom"":10000},""time"":1729913753833},{""box"":{""left"":4966,""right"":8370,""top"":6378,""bottom"":10000},""time"":1729913753844},{""box"":{""left"":4966,""right"":8370,""top"":6378,""bottom"":10000},""time"":1729913753895},{""box"":{""left"":4966,""right"":8370,""top"":6378,""bottom"":10000},""time"":1729913753946},{""box"":{""left"":4966,""right"":8370,""top"":6378,""bottom"":10000},""time"":1729913754008},{""box"":{""left"":4966,""right"":8370,""top"":6378,""bottom"":10000},""time"":1729913754070},{""box"":{""left"":4966,""right"":8370,""top"":6378,""bottom"":10000},""time"":1729913754121},{""box"":{""left"":4966,""right"":8370,""top"":6378,""bottom"":10000},""time"":1729913754184},{""box"":{""left"":4966,""right"":8370,""top"":6378,""bottom"":10000},""time"":1729913754235},{""box"":{""left"":4966,""right"":8370,""top"":6378,""bottom"":10000},""time"":1729913754286},{""box"":{""left"":4966,""right"":8370,""top"":6378,""bottom"":10000},""time"":1729913754349},{""box"":{""left"":4966,""right"":8370,""top"":6378,""bottom"":10000},""time"":1729913754400},{""box"":{""left"":4966,""right"":8370,""top"":6378,""bottom"":10000},""time"":1729913754464},{""box"":{""left"":4966,""right"":8370,""top"":6378,""bottom"":10000},""time"":1729913754484},{""box"":{""left"":4966,""right"":8370,""top"":6378,""bottom"":10000},""time"":1729913754523},{""box"":{""left"":4966,""right"":8370,""top"":6378,""bottom"":10000},""time"":1729913754533},{""box"":{""left"":4966,""right"":8370,""top"":6378,""bottom"":10000},""time"":1729913754584},{""box"":{""left"":4966,""right"":8370,""top"":6378,""bottom"":10000},""time"":1729913754595},{""box"":{""left"":4966,""right"":8370,""top"":6378,""bottom"":10000},""time"":1729913754646},{""box"":{""left"":4966,""right"":8370,""top"":6378,""bottom"":10000},""time"":1729913754656},{""box"":{""left"":4966,""right"":8370,""top"":6378,""bottom"":10000},""time"":1729913754708},{""box"":{""left"":4966,""right"":8370,""top"":6378,""bottom"":10000},""time"":1729913754750},{""box"":{""left"":4966,""right"":8370,""top"":6378,""bottom"":10000},""time"":1729913754761},{""box"":{""left"":4966,""right"":8370,""top"":6378,""bottom"":10000},""time"":1729913754812},{""box"":{""left"":4966,""right"":8370,""top"":6378,""bottom"":10000},""time"":1729913754833},{""box"":{""left"":4966,""right"":8370,""top"":6378,""bottom"":10000},""time"":1729913754884},{""box"":{""left"":4966,""right"":8370,""top"":6378,""bottom"":10000},""time"":1729913754905},{""box"":{""left"":4966,""right"":8370,""top"":6378,""bottom"":10000},""time"":1729913754966},{""box"":{""left"":4966,""right"":8370,""top"":6378,""bottom"":10000},""time"":1729913755017},{""box"":{""left"":4966,""right"":8370,""top"":6378,""bottom"":10000},""time"":1729913755027},{""box"":{""left"":4966,""right"":8370,""top"":6378,""bottom"":10000},""time"":1729913755046},{""box"":{""left"":4966,""right"":8370,""top"":6378,""bottom"":10000},""time"":1729913755067},{""box"":{""left"":4966,""right"":8370,""top"":6378,""bottom"":10000},""time"":1729913755118},{""box"":{""left"":4966,""right"":8370,""top"":6378,""bottom"":10000},""time"":1729913755139},{""box"":{""left"":4966,""right"":8370,""top"":6378,""bottom"":10000},""time"":1729913755189},{""box"":{""left"":4966,""right"":8370,""top"":6378,""bottom"":10000},""time"":1729913755206},{""box"":{""left"":4966,""right"":8370,""top"":6378,""bottom"":10000},""time"":1729913755227},{""box"":{""left"":4966,""right"":8370,""top"":6378,""bottom"":10000},""time"":1729913755288},{""box"":{""left"":4966,""right"":8370,""top"":6378,""bottom"":10000},""time"":1729913755345},{""box"":{""left"":4966,""right"":8370,""top"":6378,""bottom"":10000},""time"":1729913755356},{""box"":{""left"":4966,""right"":8370,""top"":6378,""bottom"":10000},""time"":1729913755408},{""box"":{""left"":4966,""right"":8370,""top"":6378,""bottom"":10000},""time"":1729913755434},{""box"":{""left"":4966,""right"":8370,""top"":6378,""bottom"":10000},""time"":1729913755496},{""box"":{""left"":4966,""right"":8370,""top"":6378,""bottom"":10000},""time"":1729913755547},{""box"":{""left"":4966,""right"":8370,""top"":6378,""bottom"":10000},""time"":1729913755608},{""box"":{""left"":4966,""right"":8370,""top"":6378,""bottom"":10000},""time"":1729913755659},{""box"":{""left"":4966,""right"":8370,""top"":6378,""bottom"":10000},""time"":1729913755720},{""box"":{""left"":4966,""right"":8370,""top"":6378,""bottom"":10000},""time"":1729913755774},{""box"":{""left"":4966,""right"":8370,""top"":6378,""bottom"":10000},""time"":1729913755784},{""box"":{""left"":4966,""right"":8370,""top"":6378,""bottom"":10000},""time"":1729913755835},{""box"":{""left"":4966,""right"":8370,""top"":6378,""bottom"":10000},""time"":1729913755846},{""box"":{""left"":4966,""right"":8370,""top"":6378,""bottom"":10000},""time"":1729913755889},{""box"":{""left"":4966,""right"":8370,""top"":6378,""bottom"":10000},""time"":1729913755900},{""box"":{""left"":4966,""right"":8370,""top"":6378,""bottom"":10000},""time"":1729913755952},{""box"":{""left"":4966,""right"":8370,""top"":6378,""bottom"":10000},""time"":1729913755963},{""box"":{""left"":4966,""right"":8370,""top"":6378,""bottom"":10000},""time"":1729913756004},{""box"":{""left"":4966,""right"":8370,""top"":6378,""bottom"":10000},""time"":1729913756015},{""box"":{""left"":4966,""right"":8370,""top"":6378,""bottom"":10000},""time"":1729913756056},{""box"":{""left"":4966,""right"":8370,""top"":6378,""bottom"":10000},""time"":1729913756067},{""box"":{""left"":4966,""right"":8370,""top"":6378,""bottom"":10000},""time"":1729913756108},{""box"":{""left"":4966,""right"":8370,""top"":6378,""bottom"":10000},""time"":1729913756119},{""box"":{""left"":4966,""right"":8370,""top"":6378,""bottom"":10000},""time"":1729913756168},{""box"":{""left"":4966,""right"":8370,""top"":6378,""bottom"":10000},""time"":1729913756179},{""box"":{""left"":4966,""right"":8370,""top"":6378,""bottom"":10000},""time"":1729913756230},{""box"":{""left"":4966,""right"":8370,""top"":6378,""bottom"":10000},""time"":1729913756241},{""box"":{""left"":4966,""right"":8370,""top"":6378,""bottom"":10000},""time"":1729913756291},{""box"":{""left"":4966,""right"":8370,""top"":6378,""bottom"":10000},""time"":1729913756302},{""box"":{""left"":4966,""right"":8370,""top"":6378,""bottom"":10000},""time"":1729913756353},{""box"":{""left"":4966,""right"":8370,""top"":6378,""bottom"":10000},""time"":1729913756404},{""box"":{""left"":4966,""right"":8370,""top"":6378,""bottom"":10000},""time"":1729913756447},{""box"":{""left"":4966,""right"":8370,""top"":6378,""bottom"":10000},""time"":1729913756458},{""box"":{""left"":4966,""right"":8370,""top"":6378,""bottom"":10000},""time"":1729913756508},{""box"":{""left"":4966,""right"":8370,""top"":6378,""bottom"":10000},""time"":1729913756529},{""box"":{""left"":4966,""right"":8370,""top"":6378,""bottom"":10000},""time"":1729913756580},{""box"":{""left"":4966,""right"":8370,""top"":6378,""bottom"":10000},""time"":1729913756590},{""box"":{""left"":4966,""right"":8370,""top"":6378,""bottom"":10000},""time"":1729913756641},{""box"":{""left"":4966,""right"":8370,""top"":6378,""bottom"":10000},""time"":1729913756652},{""box"":{""left"":4966,""right"":8370,""top"":6378,""bottom"":10000},""time"":1729913756703},{""box"":{""left"":4966,""right"":8370,""top"":6378,""bottom"":10000},""time"":1729913756713},{""box"":{""left"":4966,""right"":8370,""top"":6378,""bottom"":10000},""time"":1729913756754},{""box"":{""left"":4966,""right"":8370,""top"":6378,""bottom"":10000},""time"":1729913756765},{""box"":{""left"":4966,""right"":8370,""top"":6378,""bottom"":10000},""time"":1729913756806},{""box"":{""left"":4966,""right"":8370,""top"":6378,""bottom"":10000},""time"":1729913756816},{""box"":{""left"":4966,""right"":8370,""top"":6378,""bottom"":10000},""time"":1729913756847},{""box"":{""left"":4966,""right"":8370,""top"":6378,""bottom"":10000},""time"":1729913756858},{""box"":{""left"":4966,""right"":8370,""top"":6378,""bottom"":10000},""time"":1729913756909},{""box"":{""left"":4966,""right"":8370,""top"":6378,""bottom"":10000},""time"":1729913756960},{""box"":{""left"":4966,""right"":8370,""top"":6378,""bottom"":10000},""time"":1729913756971},{""box"":{""left"":4966,""right"":8370,""top"":6378,""bottom"":10000},""time"":1729913757022},{""box"":{""left"":4966,""right"":8370,""top"":6378,""bottom"":10000},""time"":1729913757032},{""box"":{""left"":4966,""right"":8370,""top"":6378,""bottom"":10000},""time"":1729913757083},{""box"":{""left"":4966,""right"":8370,""top"":6378,""bottom"":10000},""time"":1729913757134},{""box"":{""left"":4966,""right"":8370,""top"":6378,""bottom"":10000},""time"":1729913757196},{""box"":{""left"":4966,""right"":8370,""top"":6378,""bottom"":10000},""time"":1729913757259},{""box"":{""left"":4966,""right"":8370,""top"":6378,""bottom"":10000},""time"":1729913757310},{""box"":{""left"":4966,""right"":8370,""top"":6378,""bottom"":10000},""time"":1729913757373},{""box"":{""left"":4966,""right"":8370,""top"":6378,""bottom"":10000},""time"":1729913757424},{""box"":{""left"":4966,""right"":8370,""top"":6378,""bottom"":10000},""time"":1729913757487},{""box"":{""left"":4966,""right"":8370,""top"":6378,""bottom"":10000},""time"":1729913757538},{""box"":{""left"":4966,""right"":8370,""top"":6378,""bottom"":10000},""time"":1729913757590},{""box"":{""left"":4966,""right"":8370,""top"":6378,""bottom"":10000},""time"":1729913757601},{""box"":{""left"":4966,""right"":8370,""top"":6378,""bottom"":10000},""time"":1729913757652},{""box"":{""left"":4966,""right"":8370,""top"":6378,""bottom"":10000},""time"":1729913757703},{""box"":{""left"":4966,""right"":8370,""top"":6378,""bottom"":10000},""time"":1729913757754},{""box"":{""left"":4966,""right"":8370,""top"":6378,""bottom"":10000},""time"":1729913757765},{""box"":{""left"":4966,""right"":8370,""top"":6378,""bottom"":10000},""time"":1729913757815},{""box"":{""left"":4966,""right"":8370,""top"":6378,""bottom"":10000},""time"":1729913757866},{""box"":{""left"":4966,""right"":8370,""top"":6378,""bottom"":10000},""time"":1729913757877},{""box"":{""left"":4966,""right"":8370,""top"":6378,""bottom"":10000},""time"":1729913757929},{""box"":{""left"":4966,""right"":8370,""top"":6378,""bottom"":10000},""time"":1729913757991},{""box"":{""left"":4966,""right"":8370,""top"":6378,""bottom"":10000},""time"":1729913758044},{""box"":{""left"":4966,""right"":8370,""top"":6378,""bottom"":10000},""time"":1729913758055},{""box"":{""left"":4966,""right"":8370,""top"":6378,""bottom"":10000},""time"":1729913758106},{""box"":{""left"":4966,""right"":8370,""top"":6378,""bottom"":10000},""time"":1729913758116},{""box"":{""left"":4966,""right"":8370,""top"":6378,""bottom"":10000},""time"":1729913758158},{""box"":{""left"":4966,""right"":8370,""top"":6378,""bottom"":10000},""time"":1729913758169},{""box"":{""left"":4966,""right"":8370,""top"":6378,""bottom"":10000},""time"":1729913758220},{""box"":{""left"":4966,""right"":8370,""top"":6378,""bottom"":10000},""time"":1729913758272},{""box"":{""left"":4966,""right"":8370,""top"":6378,""bottom"":10000},""time"":1729913758334},{""box"":{""left"":4966,""right"":8370,""top"":6378,""bottom"":10000},""time"":1729913758385},{""box"":{""left"":4966,""right"":8370,""top"":6378,""bottom"":10000},""time"":1729913758396},{""box"":{""left"":4966,""right"":8370,""top"":6378,""bottom"":10000},""time"":1729913758448},{""box"":{""left"":4966,""right"":8370,""top"":6378,""bottom"":10000},""time"":1729913758508},{""box"":{""left"":4966,""right"":8370,""top"":6378,""bottom"":10000},""time"":1729913758561},{""box"":{""left"":4966,""right"":8370,""top"":6378,""bottom"":10000},""time"":1729913758572},{""box"":{""left"":4966,""right"":8370,""top"":6378,""bottom"":10000},""time"":1729913758622},{""box"":{""left"":4966,""right"":8370,""top"":6378,""bottom"":10000},""time"":1729913758674},{""box"":{""left"":4966,""right"":8370,""top"":6378,""bottom"":10000},""time"":1729913758685},{""box"":{""left"":4966,""right"":8370,""top"":6378,""bottom"":10000},""time"":1729913758737},{""box"":{""left"":4966,""right"":8370,""top"":6378,""bottom"":10000},""time"":1729913758747},{""box"":{""left"":4966,""right"":8370,""top"":6378,""bottom"":10000},""time"":1729913758787},{""box"":{""left"":4966,""right"":8370,""top"":6378,""bottom"":10000},""time"":1729913758798},{""box"":{""left"":4966,""right"":8370,""top"":6378,""bottom"":10000},""time"":1729913758850},{""box"":{""left"":4966,""right"":8370,""top"":6378,""bottom"":10000},""time"":1729913758861},{""box"":{""left"":4966,""right"":8370,""top"":6378,""bottom"":10000},""time"":1729913758910},{""box"":{""left"":4966,""right"":8370,""top"":6378,""bottom"":10000},""time"":1729913758962},{""box"":{""left"":4966,""right"":8370,""top"":6378,""bottom"":10000},""time"":1729913759022},{""box"":{""left"":4966,""right"":8370,""top"":6378,""bottom"":10000},""time"":1729913759073},{""box"":{""left"":4966,""right"":8370,""top"":6378,""bottom"":10000},""time"":1729913759084},{""box"":{""left"":4966,""right"":8370,""top"":6378,""bottom"":10000},""time"":1729913759135},{""box"":{""left"":4966,""right"":8370,""top"":6378,""bottom"":10000},""time"":1729913759146},{""box"":{""left"":4966,""right"":8370,""top"":6378,""bottom"":10000},""time"":1729913759186},{""box"":{""left"":4966,""right"":8370,""top"":6378,""bottom"":10000},""time"":1729913759196},{""box"":{""left"":4966,""right"":8370,""top"":6378,""bottom"":10000},""time"":1729913759247},{""box"":{""left"":4966,""right"":8370,""top"":6378,""bottom"":10000},""time"":1729913759258},{""box"":{""left"":4966,""right"":8370,""top"":6378,""bottom"":10000},""time"":1729913759308},{""box"":{""left"":4966,""right"":8370,""top"":6378,""bottom"":10000},""time"":1729913759318},{""box"":{""left"":4966,""right"":8370,""top"":6378,""bottom"":10000},""time"":1729913759361},{""box"":{""left"":4966,""right"":8370,""top"":6378,""bottom"":10000},""time"":1729913759371},{""box"":{""left"":4966,""right"":8370,""top"":6378,""bottom"":10000},""time"":1729913759422},{""box"":{""left"":4966,""right"":8370,""top"":6378,""bottom"":10000},""time"":1729913759433},{""box"":{""left"":4966,""right"":8370,""top"":6378,""bottom"":10000},""time"":1729913759473},{""box"":{""left"":4966,""right"":8370,""top"":6378,""bottom"":10000},""time"":1729913759484},{""box"":{""left"":4966,""right"":8370,""top"":6378,""bottom"":10000},""time"":1729913759535},{""box"":{""left"":4966,""right"":8370,""top"":6378,""bottom"":10000},""time"":1729913759546},{""box"":{""left"":4966,""right"":8370,""top"":6378,""bottom"":10000},""time"":1729913759596},{""box"":{""left"":4966,""right"":8370,""top"":6378,""bottom"":10000},""time"":1729913759607},{""box"":{""left"":4966,""right"":8370,""top"":6378,""bottom"":10000},""time"":1729913759648},{""box"":{""left"":4966,""right"":8370,""top"":6378,""bottom"":10000},""time"":1729913759708},{""box"":{""left"":4966,""right"":8370,""top"":6378,""bottom"":10000},""time"":1729913759719},{""box"":{""left"":4966,""right"":8370,""top"":6378,""bottom"":10000},""time"":1729913759759},{""box"":{""left"":4966,""right"":8370,""top"":6378,""bottom"":10000},""time"":1729913759770},{""box"":{""left"":4966,""right"":8370,""top"":6378,""bottom"":10000},""time"":1729913759813},{""box"":{""left"":4966,""right"":8370,""top"":6378,""bottom"":10000},""time"":1729913759873},{""box"":{""left"":4966,""right"":8370,""top"":6378,""bottom"":10000},""time"":1729913759884},{""box"":{""left"":4966,""right"":8370,""top"":6378,""bottom"":10000},""time"":1729913759924},{""box"":{""left"":4966,""right"":8370,""top"":6378,""bottom"":10000},""time"":1729913759985},{""box"":{""left"":4966,""right"":8370,""top"":6378,""bottom"":10000},""time"":1729913760037},{""box"":{""left"":4966,""right"":8370,""top"":6378,""bottom"":10000},""time"":1729913760048},{""box"":{""left"":4966,""right"":8370,""top"":6378,""bottom"":10000},""time"":1729913760099},{""box"":{""left"":4966,""right"":8370,""top"":6378,""bottom"":10000},""time"":1729913760151},{""box"":{""left"":4966,""right"":8370,""top"":6378,""bottom"":10000},""time"":1729913760203},{""box"":{""left"":4966,""right"":8370,""top"":6378,""bottom"":10000},""time"":1729913760263},{""box"":{""left"":4966,""right"":8370,""top"":6378,""bottom"":10000},""time"":1729913760273},{""box"":{""left"":4966,""right"":8370,""top"":6378,""bottom"":10000},""time"":1729913760313},{""box"":{""left"":4966,""right"":8370,""top"":6378,""bottom"":10000},""time"":1729913760374},{""box"":{""left"":4966,""right"":8370,""top"":6378,""bottom"":10000},""time"":1729913760385},{""box"":{""left"":4966,""right"":8370,""top"":6378,""bottom"":10000},""time"":1729913760436},{""box"":{""left"":4966,""right"":8370,""top"":6378,""bottom"":10000},""time"":1729913760446},{""box"":{""left"":4966,""right"":8370,""top"":6378,""bottom"":10000},""time"":1729913760497},{""box"":{""left"":4966,""right"":8370,""top"":6378,""bottom"":10000},""time"":1729913760548},{""box"":{""left"":4966,""right"":8370,""top"":6378,""bottom"":10000},""time"":1729913760559},{""box"":{""left"":4966,""right"":8370,""top"":6378,""bottom"":10000},""time"":1729913760611},{""box"":{""left"":4966,""right"":8370,""top"":6378,""bottom"":10000},""time"":1729913760673},{""box"":{""left"":4966,""right"":8370,""top"":6378,""bottom"":10000},""time"":1729913760713},{""box"":{""left"":4966,""right"":8370,""top"":6378,""bottom"":10000},""time"":1729913760775},{""box"":{""left"":4966,""right"":8370,""top"":6378,""bottom"":10000},""time"":1729913760826},{""box"":{""left"":4966,""right"":8370,""top"":6378,""bottom"":10000},""time"":1729913760888},{""box"":{""left"":4966,""right"":8370,""top"":6378,""bottom"":10000},""time"":1729913760938},{""box"":{""left"":4966,""right"":8370,""top"":6378,""bottom"":10000},""time"":1729913761000},{""box"":{""left"":4966,""right"":8370,""top"":6378,""bottom"":10000},""time"":1729913761010},{""box"":{""left"":4966,""right"":8370,""top"":6378,""bottom"":10000},""time"":1729913761060},{""box"":{""left"":4966,""right"":8370,""top"":6378,""bottom"":10000},""time"":1729913761071},{""box"":{""left"":4966,""right"":8370,""top"":6378,""bottom"":10000},""time"":1729913761112},{""box"":{""left"":4966,""right"":8370,""top"":6378,""bottom"":10000},""time"":1729913761123},{""box"":{""left"":4966,""right"":8370,""top"":6378,""bottom"":10000},""time"":1729913761174},{""box"":{""left"":4966,""right"":8370,""top"":6378,""bottom"":10000},""time"":1729913761184},{""box"":{""left"":4966,""right"":8370,""top"":6378,""bottom"":10000},""time"":1729913761224},{""box"":{""left"":4966,""right"":8370,""top"":6378,""bottom"":10000},""time"":1729913761235},{""box"":{""left"":4966,""right"":8370,""top"":6378,""bottom"":10000},""time"":1729913761287},{""box"":{""left"":4966,""right"":8370,""top"":6378,""bottom"":10000},""time"":1729913761298},{""box"":{""left"":4966,""right"":8370,""top"":6378,""bottom"":10000},""time"":1729913761339},{""box"":{""left"":4966,""right"":8370,""top"":6378,""bottom"":10000},""time"":1729913761349},{""box"":{""left"":4966,""right"":8370,""top"":6378,""bottom"":10000},""time"":1729913761400},{""box"":{""left"":4966,""right"":8370,""top"":6378,""bottom"":10000},""time"":1729913761411},{""box"":{""left"":4966,""right"":8370,""top"":6378,""bottom"":10000},""time"":1729913761453},{""box"":{""left"":4966,""right"":8370,""top"":6378,""bottom"":10000},""time"":1729913761464},{""box"":{""left"":4966,""right"":8370,""top"":6378,""bottom"":10000},""time"":1729913761513},{""box"":{""left"":4966,""right"":8370,""top"":6378,""bottom"":10000},""time"":1729913761564},{""box"":{""left"":4966,""right"":8370,""top"":6378,""bottom"":10000},""time"":1729913761575},{""box"":{""left"":4966,""right"":8370,""top"":6378,""bottom"":10000},""time"":1729913761614},{""box"":{""left"":4966,""right"":8370,""top"":6378,""bottom"":10000},""time"":1729913761675},{""box"":{""left"":4966,""right"":8370,""top"":6378,""bottom"":10000},""time"":1729913761686},{""box"":{""left"":4966,""right"":8370,""top"":6378,""bottom"":10000},""time"":1729913761735},{""box"":{""left"":4966,""right"":8370,""top"":6378,""bottom"":10000},""time"":1729913761746},{""box"":{""left"":4966,""right"":8370,""top"":6378,""bottom"":10000},""time"":1729913761787},{""box"":{""left"":4966,""right"":8370,""top"":6378,""bottom"":10000},""time"":1729913761798},{""box"":{""left"":4966,""right"":8370,""top"":6378,""bottom"":10000},""time"":1729913761849},{""box"":{""left"":4966,""right"":8370,""top"":6378,""bottom"":10000},""time"":1729913761860},{""box"":{""left"":4966,""right"":8370,""top"":6378,""bottom"":10000},""time"":1729913761899},{""box"":{""left"":4966,""right"":8370,""top"":6378,""bottom"":10000},""time"":1729913761910},{""box"":{""left"":4966,""right"":8370,""top"":6378,""bottom"":10000},""time"":1729913761961},{""box"":{""left"":4966,""right"":8370,""top"":6378,""bottom"":10000},""time"":1729913761972},{""box"":{""left"":4966,""right"":8370,""top"":6378,""bottom"":10000},""time"":1729913762021},{""box"":{""left"":4966,""right"":8370,""top"":6378,""bottom"":10000},""time"":1729913762073},{""box"":{""left"":4966,""right"":8370,""top"":6378,""bottom"":10000},""time"":1729913762084},{""box"":{""left"":4966,""right"":8370,""top"":6378,""bottom"":10000},""time"":1729913762134},{""box"":{""left"":4966,""right"":8370,""top"":6378,""bottom"":10000},""time"":1729913762145},{""box"":{""left"":4966,""right"":8370,""top"":6378,""bottom"":10000},""time"":1729913762185},{""box"":{""left"":4966,""right"":8370,""top"":6378,""bottom"":10000},""time"":1729913762196},{""box"":{""left"":4966,""right"":8370,""top"":6378,""bottom"":10000},""time"":1729913762247},{""box"":{""left"":4966,""right"":8370,""top"":6378,""bottom"":10000},""time"":1729913762258},{""box"":{""left"":4966,""right"":8370,""top"":6378,""bottom"":10000},""time"":1729913762308},{""box"":{""left"":4966,""right"":8370,""top"":6378,""bottom"":10000},""time"":1729913762318},{""box"":{""left"":4966,""right"":8370,""top"":6378,""bottom"":10000},""time"":1729913762359},{""box"":{""left"":4966,""right"":8370,""top"":6378,""bottom"":10000},""time"":1729913762370},{""box"":{""left"":4966,""right"":8370,""top"":6378,""bottom"":10000},""time"":1729913762410},{""box"":{""left"":4966,""right"":8370,""top"":6378,""bottom"":10000},""time"":1729913762421},{""box"":{""left"":4966,""right"":8370,""top"":6378,""bottom"":10000},""time"":1729913762471},{""box"":{""left"":4966,""right"":8370,""top"":6378,""bottom"":10000},""time"":1729913762482},{""box"":{""left"":4966,""right"":8370,""top"":6378,""bottom"":10000},""time"":1729913762522},{""box"":{""left"":4966,""right"":8370,""top"":6378,""bottom"":10000},""time"":1729913762583},{""box"":{""left"":4966,""right"":8370,""top"":6378,""bottom"":10000},""time"":1729913762603},{""box"":{""left"":4966,""right"":8370,""top"":6378,""bottom"":10000},""time"":1729913762644},{""box"":{""left"":4966,""right"":8370,""top"":6378,""bottom"":10000},""time"":1729913762655},{""box"":{""left"":4966,""right"":8370,""top"":6378,""bottom"":10000},""time"":1729913762704},{""box"":{""left"":4966,""right"":8370,""top"":6378,""bottom"":10000},""time"":1729913762715},{""box"":{""left"":4966,""right"":8370,""top"":6378,""bottom"":10000},""time"":1729913762756},{""box"":{""left"":4966,""right"":8370,""top"":6378,""bottom"":10000},""time"":1729913762767},{""box"":{""left"":4966,""right"":8370,""top"":6378,""bottom"":10000},""time"":1729913762807},{""box"":{""left"":4966,""right"":8370,""top"":6378,""bottom"":10000},""time"":1729913762828},{""box"":{""left"":4966,""right"":8370,""top"":6378,""bottom"":10000},""time"":1729913762867},{""box"":{""left"":4966,""right"":8370,""top"":6378,""bottom"":10000},""time"":1729913762878},{""box"":{""left"":4966,""right"":8370,""top"":6378,""bottom"":10000},""time"":1729913762928},{""box"":{""left"":4966,""right"":8370,""top"":6378,""bottom"":10000},""time"":1729913762979},{""box"":{""left"":4966,""right"":8370,""top"":6378,""bottom"":10000},""time"":1729913762990},{""box"":{""left"":4966,""right"":8370,""top"":6378,""bottom"":10000},""time"":1729913763040},{""box"":{""left"":4966,""right"":8370,""top"":6378,""bottom"":10000},""time"":1729913763061},{""box"":{""left"":4966,""right"":8370,""top"":6378,""bottom"":10000},""time"":1729913763093},{""box"":{""left"":4966,""right"":8370,""top"":6378,""bottom"":10000},""time"":1729913763104},{""box"":{""left"":4966,""right"":8370,""top"":6378,""bottom"":10000},""time"":1729913763164},{""box"":{""left"":4966,""right"":8370,""top"":6378,""bottom"":10000},""time"":1729913763206},{""box"":{""left"":4966,""right"":8370,""top"":6378,""bottom"":10000},""time"":1729913763217},{""box"":{""left"":4966,""right"":8370,""top"":6378,""bottom"":10000},""time"":1729913763267},{""box"":{""left"":4966,""right"":8370,""top"":6378,""bottom"":10000},""time"":1729913763288},{""box"":{""left"":4966,""right"":8370,""top"":6378,""bottom"":10000},""time"":1729913763318},{""box"":{""left"":4966,""right"":8370,""top"":6378,""bottom"":10000},""time"":1729913763399},{""box"":{""left"":4966,""right"":8370,""top"":6378,""bottom"":10000},""time"":1729913763442},{""box"":{""left"":4966,""right"":8370,""top"":6378,""bottom"":10000},""time"":1729913763453},{""box"":{""left"":4966,""right"":8370,""top"":6378,""bottom"":10000},""time"":1729913763504},{""box"":{""left"":4966,""right"":8370,""top"":6378,""bottom"":10000},""time"":1729913763514},{""box"":{""left"":4966,""right"":8370,""top"":6378,""bottom"":10000},""time"":1729913763553},{""box"":{""left"":4966,""right"":8370,""top"":6378,""bottom"":10000},""time"":1729913763564},{""box"":{""left"":4966,""right"":8370,""top"":6378,""bottom"":10000},""time"":1729913763616},{""box"":{""left"":4966,""right"":8370,""top"":6378,""bottom"":10000},""time"":1729913763676},{""box"":{""left"":4966,""right"":8370,""top"":6378,""bottom"":10000},""time"":1729913763687},{""box"":{""left"":4966,""right"":8370,""top"":6378,""bottom"":10000},""time"":1729913763728},{""box"":{""left"":4966,""right"":8370,""top"":6378,""bottom"":10000},""time"":1729913763749},{""box"":{""left"":4966,""right"":8370,""top"":6378,""bottom"":10000},""time"":1729913763789},{""box"":{""left"":4966,""right"":8370,""top"":6378,""bottom"":10000},""time"":1729913763809},{""box"":{""left"":4966,""right"":8370,""top"":6378,""bottom"":10000},""time"":1729913763839},{""box"":{""left"":4966,""right"":8370,""top"":6378,""bottom"":10000},""time"":1729913763850},{""box"":{""left"":4966,""right"":8370,""top"":6378,""bottom"":10000},""time"":1729913763892},{""box"":{""left"":4966,""right"":8370,""top"":6378,""bottom"":10000},""time"":1729913763903},{""box"":{""left"":4966,""right"":8370,""top"":6378,""bottom"":10000},""time"":1729913763953},{""box"":{""left"":4966,""right"":8370,""top"":6378,""bottom"":10000},""time"":1729913763964},{""box"":{""left"":4966,""right"":8370,""top"":6378,""bottom"":10000},""time"":1729913764004},{""box"":{""left"":4966,""right"":8370,""top"":6378,""bottom"":10000},""time"":1729913764015},{""box"":{""left"":4966,""right"":8370,""top"":6378,""bottom"":10000},""time"":1729913764055},{""box"":{""left"":4966,""right"":8370,""top"":6378,""bottom"":10000},""time"":1729913764066},{""box"":{""left"":4966,""right"":8370,""top"":6378,""bottom"":10000},""time"":1729913764116},{""box"":{""left"":4966,""right"":8370,""top"":6378,""bottom"":10000},""time"":1729913764127},{""box"":{""left"":4966,""right"":8370,""top"":6378,""bottom"":10000},""time"":1729913764167},{""box"":{""left"":4966,""right"":8370,""top"":6378,""bottom"":10000},""time"":1729913764178},{""box"":{""left"":4966,""right"":8370,""top"":6378,""bottom"":10000},""time"":1729913764239},{""box"":{""left"":4966,""right"":8370,""top"":6378,""bottom"":10000},""time"":1729913764281},{""box"":{""left"":4966,""right"":8370,""top"":6378,""bottom"":10000},""time"":1729913764292},{""box"":{""left"":4966,""right"":8370,""top"":6378,""bottom"":10000},""time"":1729913764343},{""box"":{""left"":4966,""right"":8370,""top"":6378,""bottom"":10000},""time"":1729913764393},{""box"":{""left"":4966,""right"":8370,""top"":6378,""bottom"":10000},""time"":1729913764404},{""box"":{""left"":4966,""right"":8370,""top"":6378,""bottom"":10000},""time"":1729913764454},{""box"":{""left"":4966,""right"":8370,""top"":6378,""bottom"":10000},""time"":1729913764465},{""box"":{""left"":4966,""right"":8370,""top"":6378,""bottom"":10000},""time"":1729913764505},{""box"":{""left"":4966,""right"":8370,""top"":6378,""bottom"":10000},""time"":1729913764516},{""box"":{""left"":4966,""right"":8370,""top"":6378,""bottom"":10000},""time"":1729913764568},{""box"":{""left"":4966,""right"":8370,""top"":6378,""bottom"":10000},""time"":1729913764589},{""box"":{""left"":4966,""right"":8370,""top"":6378,""bottom"":10000},""time"":1729913764628},{""box"":{""left"":4966,""right"":8370,""top"":6378,""bottom"":10000},""time"":1729913764682},{""box"":{""left"":4966,""right"":8370,""top"":6378,""bottom"":10000},""time"":1729913764743},{""box"":{""left"":4966,""right"":8370,""top"":6378,""bottom"":10000},""time"":1729913764793},{""box"":{""left"":4966,""right"":8370,""top"":6378,""bottom"":10000},""time"":1729913764854},{""box"":{""left"":4966,""right"":8370,""top"":6378,""bottom"":10000},""time"":1729913764916},{""box"":{""left"":4966,""right"":8370,""top"":6378,""bottom"":10000},""time"":1729913764927},{""box"":{""left"":4966,""right"":8370,""top"":6378,""bottom"":10000},""time"":1729913764968},{""box"":{""left"":4966,""right"":8370,""top"":6378,""bottom"":10000},""time"":1729913764979},{""box"":{""left"":4966,""right"":8370,""top"":6378,""bottom"":10000},""time"":1729913765019},{""box"":{""left"":4966,""right"":8370,""top"":6378,""bottom"":10000},""time"":1729913765070},{""box"":{""left"":4966,""right"":8370,""top"":6378,""bottom"":10000},""time"":1729913765080},{""box"":{""left"":4966,""right"":8370,""top"":6378,""bottom"":10000},""time"":1729913765133},{""box"":{""left"":4966,""right"":8370,""top"":6378,""bottom"":10000},""time"":1729913765154},{""box"":{""left"":4966,""right"":8370,""top"":6378,""bottom"":10000},""time"":1729913765195},{""box"":{""left"":4966,""right"":8370,""top"":6378,""bottom"":10000},""time"":1729913765216},{""box"":{""left"":4966,""right"":8370,""top"":6378,""bottom"":10000},""time"":1729913765256},{""box"":{""left"":4966,""right"":8370,""top"":6378,""bottom"":10000},""time"":1729913765267},{""box"":{""left"":4966,""right"":8370,""top"":6378,""bottom"":10000},""time"":1729913765318},{""box"":{""left"":4966,""right"":8370,""top"":6378,""bottom"":10000},""time"":1729913765329},{""box"":{""left"":4966,""right"":8370,""top"":6378,""bottom"":10000},""time"":1729913765381},{""box"":{""left"":4966,""right"":8370,""top"":6378,""bottom"":10000},""time"":1729913765391},{""box"":{""left"":4966,""right"":8370,""top"":6378,""bottom"":10000},""time"":1729913765443},{""box"":{""left"":4966,""right"":8370,""top"":6378,""bottom"":10000},""time"":1729913765454},{""box"":{""left"":4966,""right"":8370,""top"":6378,""bottom"":10000},""time"":1729913765505},{""box"":{""left"":4966,""right"":8370,""top"":6378,""bottom"":10000},""time"":1729913765516},{""box"":{""left"":4966,""right"":8370,""top"":6378,""bottom"":10000},""time"":1729913765567},{""box"":{""left"":4966,""right"":8370,""top"":6378,""bottom"":10000},""time"":1729913765578},{""box"":{""left"":4966,""right"":8370,""top"":6378,""bottom"":10000},""time"":1729913765628},{""box"":{""left"":4966,""right"":8370,""top"":6378,""bottom"":10000},""time"":1729913765639},{""box"":{""left"":4966,""right"":8370,""top"":6378,""bottom"":10000},""time"":1729913765680},{""box"":{""left"":4966,""right"":8370,""top"":6378,""bottom"":10000},""time"":1729913765701},{""box"":{""left"":4966,""right"":8370,""top"":6378,""bottom"":10000},""time"":1729913765742},{""box"":{""left"":4966,""right"":8370,""top"":6378,""bottom"":10000},""time"":1729913765763},{""box"":{""left"":4966,""right"":8370,""top"":6378,""bottom"":10000},""time"":1729913765794},{""box"":{""left"":4966,""right"":8370,""top"":6378,""bottom"":10000},""time"":1729913765805},{""box"":{""left"":4966,""right"":8370,""top"":6378,""bottom"":10000},""time"":1729913765845},{""box"":{""left"":4966,""right"":8370,""top"":6378,""bottom"":10000},""time"":1729913765866},{""box"":{""left"":4966,""right"":8370,""top"":6378,""bottom"":10000},""time"":1729913765890},{""box"":{""left"":4966,""right"":8370,""top"":6378,""bottom"":10000},""time"":1729913765901},{""box"":{""left"":4966,""right"":8370,""top"":6378,""bottom"":10000},""time"":1729913765942},{""box"":{""left"":4966,""right"":8370,""top"":6378,""bottom"":10000},""time"":1729913765963},{""box"":{""left"":4966,""right"":8370,""top"":6378,""bottom"":10000},""time"":1729913766004},{""box"":{""left"":4966,""right"":8370,""top"":6378,""bottom"":10000},""time"":1729913766015},{""box"":{""left"":4966,""right"":8370,""top"":6378,""bottom"":10000},""time"":1729913766057},{""box"":{""left"":4966,""right"":8370,""top"":6378,""bottom"":10000},""time"":1729913766068},{""box"":{""left"":4966,""right"":8370,""top"":6378,""bottom"":10000},""time"":1729913766109},{""box"":{""left"":4966,""right"":8370,""top"":6378,""bottom"":10000},""time"":1729913766120},{""box"":{""left"":4966,""right"":8370,""top"":6378,""bottom"":10000},""time"":1729913766170},{""box"":{""left"":4966,""right"":8370,""top"":6378,""bottom"":10000},""time"":1729913766180},{""box"":{""left"":4966,""right"":8370,""top"":6378,""bottom"":10000},""time"":1729913766220},{""box"":{""left"":4966,""right"":8370,""top"":6378,""bottom"":10000},""time"":1729913766282},{""box"":{""left"":4966,""right"":8370,""top"":6378,""bottom"":10000},""time"":1729913766294},{""box"":{""left"":4966,""right"":8370,""top"":6378,""bottom"":10000},""time"":1729913766343},{""box"":{""left"":4966,""right"":8370,""top"":6378,""bottom"":10000},""time"":1729913766354},{""box"":{""left"":4966,""right"":8370,""top"":6378,""bottom"":10000},""time"":1729913766396},{""box"":{""left"":4966,""right"":8370,""top"":6378,""bottom"":10000},""time"":1729913766406},{""box"":{""left"":4966,""right"":8370,""top"":6378,""bottom"":10000},""time"":1729913766458},{""box"":{""left"":4966,""right"":8370,""top"":6378,""bottom"":10000},""time"":1729913766469},{""box"":{""left"":4966,""right"":8370,""top"":6378,""bottom"":10000},""time"":1729913766512},{""box"":{""left"":4966,""right"":8370,""top"":6378,""bottom"":10000},""time"":1729913766574},{""box"":{""left"":4966,""right"":8370,""top"":6378,""bottom"":10000},""time"":1729913766635},{""box"":{""left"":4966,""right"":8370,""top"":6378,""bottom"":10000},""time"":1729913766689},{""box"":{""left"":4966,""right"":8370,""top"":6378,""bottom"":10000},""time"":1729913766750},{""box"":{""left"":4966,""right"":8370,""top"":6378,""bottom"":10000},""time"":1729913766803},{""box"":{""left"":4966,""right"":8370,""top"":6378,""bottom"":10000},""time"":1729913766865},{""box"":{""left"":4966,""right"":8370,""top"":6378,""bottom"":10000},""time"":1729913766918},{""box"":{""left"":4966,""right"":8370,""top"":6378,""bottom"":10000},""time"":1729913766980},{""box"":{""left"":4966,""right"":8370,""top"":6378,""bottom"":10000},""time"":1729913767031},{""box"":{""left"":4966,""right"":8370,""top"":6378,""bottom"":10000},""time"":1729913767094},{""box"":{""left"":4966,""right"":8370,""top"":6378,""bottom"":10000},""time"":1729913767146},{""box"":{""left"":4966,""right"":8370,""top"":6378,""bottom"":10000},""time"":1729913767198},{""box"":{""left"":4966,""right"":8370,""top"":6378,""bottom"":10000},""time"":1729913767673},{""box"":{""left"":4966,""right"":8370,""top"":6378,""bottom"":10000},""time"":1729913767725},{""box"":{""left"":4966,""right"":8370,""top"":6378,""bottom"":10000},""time"":1729913767770},{""box"":{""left"":4966,""right"":8370,""top"":6378,""bottom"":10000},""time"":1729913767822},{""box"":{""left"":4966,""right"":8370,""top"":6378,""bottom"":10000},""time"":1729913767872},{""box"":{""left"":4966,""right"":8370,""top"":6378,""bottom"":10000},""time"":1729913767933},{""box"":{""left"":4966,""right"":8370,""top"":6378,""bottom"":10000},""time"":1729913767955},{""box"":{""left"":4966,""right"":8370,""top"":6378,""bottom"":10000},""time"":1729913768007},{""box"":{""left"":4966,""right"":8370,""top"":6378,""bottom"":10000},""time"":1729913768018},{""box"":{""left"":4966,""right"":8370,""top"":6378,""bottom"":10000},""time"":1729913768061},{""box"":{""left"":4966,""right"":8370,""top"":6378,""bottom"":10000},""time"":1729913768072},{""box"":{""left"":4966,""right"":8370,""top"":6378,""bottom"":10000},""time"":1729913768114},{""box"":{""left"":4966,""right"":8370,""top"":6378,""bottom"":10000},""time"":1729913768125},{""box"":{""left"":4966,""right"":8370,""top"":6378,""bottom"":10000},""time"":1729913768168},{""box"":{""left"":4966,""right"":8370,""top"":6378,""bottom"":10000},""time"":1729913768179},{""box"":{""left"":4966,""right"":8370,""top"":6378,""bottom"":10000},""time"":1729913768221},{""box"":{""left"":4966,""right"":8370,""top"":6378,""bottom"":10000},""time"":1729913768274},{""box"":{""left"":4966,""right"":8370,""top"":6378,""bottom"":10000},""time"":1729913768325},{""box"":{""left"":4966,""right"":8370,""top"":6378,""bottom"":10000},""time"":1729913768378},{""box"":{""left"":4966,""right"":8370,""top"":6378,""bottom"":10000},""time"":1729913768449},{""box"":{""left"":4966,""right"":8370,""top"":6378,""bottom"":10000},""time"":1729913768501},{""box"":{""left"":4966,""right"":8370,""top"":6378,""bottom"":10000},""time"":1729913768512},{""box"":{""left"":4966,""right"":8370,""top"":6378,""bottom"":10000},""time"":1729913768564},{""box"":{""left"":4966,""right"":8370,""top"":6378,""bottom"":10000},""time"":1729913768575},{""box"":{""left"":4966,""right"":8370,""top"":6378,""bottom"":10000},""time"":1729913768627},{""box"":{""left"":4966,""right"":8370,""top"":6378,""bottom"":10000},""time"":1729913768638},{""box"":{""left"":4966,""right"":8370,""top"":6378,""bottom"":10000},""time"":1729913768691},{""box"":{""left"":4966,""right"":8370,""top"":6378,""bottom"":10000},""time"":1729913768701},{""box"":{""left"":4966,""right"":8370,""top"":6378,""bottom"":10000},""time"":1729913768754},{""box"":{""left"":4966,""right"":8370,""top"":6378,""bottom"":10000},""time"":1729913768765},{""box"":{""left"":4966,""right"":8370,""top"":6378,""bottom"":10000},""time"":1729913768807},{""box"":{""left"":4966,""right"":8370,""top"":6378,""bottom"":10000},""time"":1729913768818},{""box"":{""left"":4966,""right"":8370,""top"":6378,""bottom"":10000},""time"":1729913768861},{""box"":{""left"":4966,""right"":8370,""top"":6378,""bottom"":10000},""time"":1729913768882},{""box"":{""left"":4966,""right"":8370,""top"":6378,""bottom"":10000},""time"":1729913768929},{""box"":{""left"":4966,""right"":8370,""top"":6378,""bottom"":10000},""time"":1729913768940},{""box"":{""left"":4966,""right"":8370,""top"":6378,""bottom"":10000},""time"":1729913768983},{""box"":{""left"":4966,""right"":8370,""top"":6378,""bottom"":10000},""time"":1729913768994},{""box"":{""left"":4966,""right"":8370,""top"":6378,""bottom"":10000},""time"":1729913769037},{""box"":{""left"":4966,""right"":8370,""top"":6378,""bottom"":10000},""time"":1729913769048},{""box"":{""left"":4966,""right"":8370,""top"":6378,""bottom"":10000},""time"":1729913769090},{""box"":{""left"":4966,""right"":8370,""top"":6378,""bottom"":10000},""time"":1729913769101},{""box"":{""left"":4966,""right"":8370,""top"":6378,""bottom"":10000},""time"":1729913769144},{""box"":{""left"":4966,""right"":8370,""top"":6378,""bottom"":10000},""time"":1729913769155},{""box"":{""left"":4966,""right"":8370,""top"":6378,""bottom"":10000},""time"":1729913769198},{""box"":{""left"":4966,""right"":8370,""top"":6378,""bottom"":10000},""time"":1729913769209},{""box"":{""left"":4966,""right"":8370,""top"":6378,""bottom"":10000},""time"":1729913769252},{""box"":{""left"":4966,""right"":8370,""top"":6378,""bottom"":10000},""time"":1729913769280},{""box"":{""left"":4966,""right"":8370,""top"":6378,""bottom"":10000},""time"":1729913769291},{""box"":{""left"":4966,""right"":8370,""top"":6378,""bottom"":10000},""time"":1729913769342},{""box"":{""left"":4966,""right"":8370,""top"":6378,""bottom"":10000},""time"":1729913769353},{""box"":{""left"":4966,""right"":8370,""top"":6378,""bottom"":10000},""time"":1729913769396},{""box"":{""left"":4966,""right"":8370,""top"":6378,""bottom"":10000},""time"":1729913769407},{""box"":{""left"":4966,""right"":8370,""top"":6378,""bottom"":10000},""time"":1729913769456},{""box"":{""left"":4966,""right"":8370,""top"":6378,""bottom"":10000},""time"":1729913769467},{""box"":{""left"":4966,""right"":8370,""top"":6378,""bottom"":10000},""time"":1729913769517},{""box"":{""left"":4966,""right"":8370,""top"":6378,""bottom"":10000},""time"":1729913769528},{""box"":{""left"":4966,""right"":8370,""top"":6378,""bottom"":10000},""time"":1729913769569},{""box"":{""left"":4966,""right"":8370,""top"":6378,""bottom"":10000},""time"":1729913769580},{""box"":{""left"":4966,""right"":8370,""top"":6378,""bottom"":10000},""time"":1729913769629},{""box"":{""left"":4966,""right"":8370,""top"":6378,""bottom"":10000},""time"":1729913769683},{""box"":{""left"":4966,""right"":8370,""top"":6378,""bottom"":10000},""time"":1729913769704},{""box"":{""left"":4966,""right"":8370,""top"":6378,""bottom"":10000},""time"":1729913769744},{""box"":{""left"":4966,""right"":8370,""top"":6378,""bottom"":10000},""time"":1729913769797},{""box"":{""left"":4966,""right"":8370,""top"":6378,""bottom"":10000},""time"":1729913769858},{""box"":{""left"":4966,""right"":8370,""top"":6378,""bottom"":10000},""time"":1729913769921},{""box"":{""left"":4966,""right"":8370,""top"":6378,""bottom"":10000},""time"":1729913769972},{""box"":{""left"":4966,""right"":8370,""top"":6378,""bottom"":10000},""time"":1729913769983},{""box"":{""left"":4966,""right"":8370,""top"":6378,""bottom"":10000},""time"":1729913770035},{""box"":{""left"":4966,""right"":8370,""top"":6378,""bottom"":10000},""time"":1729913770088},{""box"":{""left"":4966,""right"":8370,""top"":6378,""bottom"":10000},""time"":1729913770099},{""box"":{""left"":4966,""right"":8370,""top"":6378,""bottom"":10000},""time"":1729913770151},{""box"":{""left"":4966,""right"":8370,""top"":6378,""bottom"":10000},""time"":1729913770203},{""box"":{""left"":4966,""right"":8370,""top"":6378,""bottom"":10000},""time"":1729913770260},{""box"":{""left"":4966,""right"":8370,""top"":6378,""bottom"":10000},""time"":1729913770271},{""box"":{""left"":4966,""right"":8370,""top"":6378,""bottom"":10000},""time"":1729913770323},{""box"":{""left"":4966,""right"":8370,""top"":6378,""bottom"":10000},""time"":1729913770334},{""box"":{""left"":4966,""right"":8370,""top"":6378,""bottom"":10000},""time"":1729913770386},{""box"":{""left"":4966,""right"":8370,""top"":6378,""bottom"":10000},""time"":1729913770397},{""box"":{""left"":4966,""right"":8370,""top"":6378,""bottom"":10000},""time"":1729913770450},{""box"":{""left"":4966,""right"":8370,""top"":6378,""bottom"":10000},""time"":1729913770502},{""box"":{""left"":4966,""right"":8370,""top"":6378,""bottom"":10000},""time"":1729913770554},{""box"":{""left"":4966,""right"":8370,""top"":6378,""bottom"":10000},""time"":1729913770607},{""box"":{""left"":4966,""right"":8370,""top"":6378,""bottom"":10000},""time"":1729913770618},{""box"":{""left"":4966,""right"":8370,""top"":6378,""bottom"":10000},""time"":1729913770670},{""box"":{""left"":4966,""right"":8370,""top"":6378,""bottom"":10000},""time"":1729913770722},{""box"":{""left"":4966,""right"":8370,""top"":6378,""bottom"":10000},""time"":1729913770776},{""box"":{""left"":4966,""right"":8370,""top"":6378,""bottom"":10000},""time"":1729913770828},{""box"":{""left"":4966,""right"":8370,""top"":6378,""bottom"":10000},""time"":1729913770889},{""box"":{""left"":4966,""right"":8370,""top"":6378,""bottom"":10000},""time"":1729913770952},{""box"":{""left"":4966,""right"":8370,""top"":6378,""bottom"":10000},""time"":1729913771004},{""box"":{""left"":4966,""right"":8370,""top"":6378,""bottom"":10000},""time"":1729913771057},{""box"":{""left"":4966,""right"":8370,""top"":6378,""bottom"":10000},""time"":1729913771068},{""box"":{""left"":4966,""right"":8370,""top"":6378,""bottom"":10000},""time"":1729913771120},{""box"":{""left"":4966,""right"":8370,""top"":6378,""bottom"":10000},""time"":1729913771173},{""box"":{""left"":4966,""right"":8370,""top"":6378,""bottom"":10000},""time"":1729913771184},{""box"":{""left"":4966,""right"":8370,""top"":6378,""bottom"":10000},""time"":1729913771236},{""box"":{""left"":4966,""right"":8370,""top"":6378,""bottom"":10000},""time"":1729913771247},{""box"":{""left"":4966,""right"":8370,""top"":6378,""bottom"":10000},""time"":1729913771300},{""box"":{""left"":4966,""right"":8370,""top"":6378,""bottom"":10000},""time"":1729913771331},{""box"":{""left"":4966,""right"":8370,""top"":6378,""bottom"":10000},""time"":1729913771392},{""box"":{""left"":4966,""right"":8370,""top"":6378,""bottom"":10000},""time"":1729913771453},{""box"":{""left"":4966,""right"":8370,""top"":6378,""bottom"":10000},""time"":1729913771506},{""box"":{""left"":4966,""right"":8370,""top"":6378,""bottom"":10000},""time"":1729913771517},{""box"":{""left"":4966,""right"":8370,""top"":6378,""bottom"":10000},""time"":1729913771570},{""box"":{""left"":4966,""right"":8370,""top"":6378,""bottom"":10000},""time"":1729913771581},{""box"":{""left"":4966,""right"":8370,""top"":6378,""bottom"":10000},""time"":1729913771633},{""box"":{""left"":4966,""right"":8370,""top"":6378,""bottom"":10000},""time"":1729913771685},{""box"":{""left"":4966,""right"":8370,""top"":6378,""bottom"":10000},""time"":1729913771733},{""box"":{""left"":4966,""right"":8370,""top"":6378,""bottom"":10000},""time"":1729913771744},{""box"":{""left"":4966,""right"":8370,""top"":6378,""bottom"":10000},""time"":1729913771795},{""box"":{""left"":4966,""right"":8370,""top"":6378,""bottom"":10000},""time"":1729913771806},{""box"":{""left"":4966,""right"":8370,""top"":6378,""bottom"":10000},""time"":1729913771854},{""box"":{""left"":4966,""right"":8370,""top"":6378,""bottom"":10000},""time"":1729913771909},{""box"":{""left"":4966,""right"":8370,""top"":6378,""bottom"":10000},""time"":1729913771961},{""box"":{""left"":4966,""right"":8370,""top"":6378,""bottom"":10000},""time"":1729913772023},{""box"":{""left"":4966,""right"":8370,""top"":6378,""bottom"":10000},""time"":1729913772084},{""box"":{""left"":4966,""right"":8370,""top"":6378,""bottom"":10000},""time"":1729913772138},{""box"":{""left"":4966,""right"":8370,""top"":6378,""bottom"":10000},""time"":1729913772197},{""box"":{""left"":4966,""right"":8370,""top"":6378,""bottom"":10000},""time"":1729913772259},{""box"":{""left"":4966,""right"":8370,""top"":6378,""bottom"":10000},""time"":1729913772313},{""box"":{""left"":4966,""right"":8370,""top"":6378,""bottom"":10000},""time"":1729913772373},{""box"":{""left"":4966,""right"":8370,""top"":6378,""bottom"":10000},""time"":1729913772385},{""box"":{""left"":4966,""right"":8370,""top"":6378,""bottom"":10000},""time"":1729913772448},{""box"":{""left"":4966,""right"":8370,""top"":6378,""bottom"":10000},""time"":1729913772502},{""box"":{""left"":4966,""right"":8370,""top"":6378,""bottom"":10000},""time"":1729913772556},{""box"":{""left"":4966,""right"":8370,""top"":6378,""bottom"":10000},""time"":1729913772611},{""box"":{""left"":4966,""right"":8370,""top"":6378,""bottom"":10000},""time"":1729913772621},{""box"":{""left"":4966,""right"":8370,""top"":6378,""bottom"":10000},""time"":1729913772664},{""box"":{""left"":4966,""right"":8370,""top"":6378,""bottom"":10000},""time"":1729913772717},{""box"":{""left"":4966,""right"":8370,""top"":6378,""bottom"":10000},""time"":1729913772775},{""box"":{""left"":4966,""right"":8370,""top"":6378,""bottom"":10000},""time"":1729913772829},{""box"":{""left"":4966,""right"":8370,""top"":6378,""bottom"":10000},""time"":1729913772889},{""box"":{""left"":4966,""right"":8370,""top"":6378,""bottom"":10000},""time"":1729913772953},{""box"":{""left"":4966,""right"":8370,""top"":6378,""bottom"":10000},""time"":1729913773006},{""box"":{""left"":4966,""right"":8370,""top"":6378,""bottom"":10000},""time"":1729913773059},{""box"":{""left"":4966,""right"":8370,""top"":6378,""bottom"":10000},""time"":1729913773070},{""box"":{""left"":4966,""right"":8370,""top"":6378,""bottom"":10000},""time"":1729913773137},{""box"":{""left"":4966,""right"":8370,""top"":6378,""bottom"":10000},""time"":1729913773191},{""box"":{""left"":4966,""right"":8370,""top"":6378,""bottom"":10000},""time"":1729913773244},{""box"":{""left"":4966,""right"":8370,""top"":6378,""bottom"":10000},""time"":1729913773286},{""box"":{""left"":4966,""right"":8370,""top"":6378,""bottom"":10000},""time"":1729913773343},{""box"":{""left"":4966,""right"":8370,""top"":6378,""bottom"":10000},""time"":1729913773404},{""box"":{""left"":4966,""right"":8370,""top"":6378,""bottom"":10000},""time"":1729913773415},{""box"":{""left"":4966,""right"":8370,""top"":6378,""bottom"":10000},""time"":1729913773472},{""box"":{""left"":4966,""right"":8370,""top"":6378,""bottom"":10000},""time"":1729913773526},{""box"":{""left"":4966,""right"":8370,""top"":6378,""bottom"":10000},""time"":1729913773588},{""box"":{""left"":4966,""right"":8370,""top"":6378,""bottom"":10000},""time"":1729913773641},{""box"":{""left"":4966,""right"":8370,""top"":6378,""bottom"":10000},""time"":1729913773658},{""box"":{""left"":4966,""right"":8370,""top"":6378,""bottom"":10000},""time"":1729913773740},{""box"":{""left"":4966,""right"":8370,""top"":6378,""bottom"":10000},""time"":1729913773780},{""box"":{""left"":4966,""right"":8370,""top"":6378,""bottom"":10000},""time"":1729913773827},{""box"":{""left"":4966,""right"":8370,""top"":6378,""bottom"":10000},""time"":1729913773891},{""box"":{""left"":4966,""right"":8370,""top"":6378,""bottom"":10000},""time"":1729913773942},{""box"":{""left"":4966,""right"":8370,""top"":6378,""bottom"":10000},""time"":1729913774006},{""box"":{""left"":4966,""right"":8370,""top"":6378,""bottom"":10000},""time"":1729913774068},{""box"":{""left"":4966,""right"":8370,""top"":6378,""bottom"":10000},""time"":1729913774079},{""box"":{""left"":4966,""right"":8370,""top"":6378,""bottom"":10000},""time"":1729913774137},{""box"":{""left"":4966,""right"":8370,""top"":6378,""bottom"":10000},""time"":1729913774148},{""box"":{""left"":4966,""right"":8370,""top"":6378,""bottom"":10000},""time"":1729913774222},{""box"":{""left"":4966,""right"":8370,""top"":6378,""bottom"":10000},""time"":1729913774233},{""box"":{""left"":4966,""right"":8370,""top"":6378,""bottom"":10000},""time"":1729913774306},{""box"":{""left"":4966,""right"":8370,""top"":6378,""bottom"":10000},""time"":1729913774317},{""box"":{""left"":4966,""right"":8370,""top"":6378,""bottom"":10000},""time"":1729913774371},{""box"":{""left"":4966,""right"":8370,""top"":6378,""bottom"":10000},""time"":1729913774382},{""box"":{""left"":4966,""right"":8370,""top"":6378,""bottom"":10000},""time"":1729913774445},{""box"":{""left"":4966,""right"":8370,""top"":6378,""bottom"":10000},""time"":1729913774456},{""box"":{""left"":4966,""right"":8370,""top"":6378,""bottom"":10000},""time"":1729913774509},{""box"":{""left"":4966,""right"":8370,""top"":6378,""bottom"":10000},""time"":1729913774520}",,,,,
57044,Person,2024-10-26 12:35:34,2024-10-26 12:35:34,"{""left"":1908,""right"":2587,""top"":2163,""bottom"":3751}",,,,,
57045,Person,2024-10-26 12:35:34,2024-10-26 12:35:52,"{""left"":8898,""right"":5163,""top"":9466,""bottom"":6642},{""box"":{""left"":8898,""right"":5163,""top"":9466,""bottom"":6642},""time"":1729913735047},{""box"":{""left"":8898,""right"":5163,""top"":9466,""bottom"":6642},""time"":1729913735269},{""box"":{""left"":8898,""right"":5163,""top"":9466,""bottom"":6642},""time"":1729913735318},{""box"":{""left"":8898,""right"":5163,""top"":9466,""bottom"":6642},""time"":1729913735358},{""box"":{""left"":8898,""right"":5163,""top"":9466,""bottom"":6642},""time"":1729913735388},{""box"":{""left"":8898,""right"":5163,""top"":9466,""bottom"":6642},""time"":1729913735428},{""box"":{""left"":8898,""right"":5163,""top"":9466,""bottom"":6642},""time"":1729913735468},{""box"":{""left"":8898,""right"":5163,""top"":9466,""bottom"":6642},""time"":1729913735507},{""box"":{""left"":8898,""right"":5163,""top"":9466,""bottom"":6642},""time"":1729913735567},{""box"":{""left"":8898,""right"":5163,""top"":9466,""bottom"":6642},""time"":1729913735617},{""box"":{""left"":8898,""right"":5163,""top"":9466,""bottom"":6642},""time"":1729913735687},{""box"":{""left"":8898,""right"":5163,""top"":9466,""bottom"":6642},""time"":1729913735787},{""box"":{""left"":8898,""right"":5163,""top"":9466,""bottom"":6642},""time"":1729913735957},{""box"":{""left"":8898,""right"":5163,""top"":9466,""bottom"":6642},""time"":1729913736187},{""box"":{""left"":8898,""right"":5163,""top"":9466,""bottom"":6642},""time"":1729913736236},{""box"":{""left"":8898,""right"":5163,""top"":9466,""bottom"":6642},""time"":1729913736286},{""box"":{""left"":8898,""right"":5163,""top"":9466,""bottom"":6642},""time"":1729913736336},{""box"":{""left"":8898,""right"":5163,""top"":9466,""bottom"":6642},""time"":1729913736396},{""box"":{""left"":8898,""right"":5163,""top"":9466,""bottom"":6642},""time"":1729913736446},{""box"":{""left"":8898,""right"":5163,""top"":9466,""bottom"":6642},""time"":1729913736495},{""box"":{""left"":8898,""right"":5163,""top"":9466,""bottom"":6642},""time"":1729913736545},{""box"":{""left"":8898,""right"":5163,""top"":9466,""bottom"":6642},""time"":1729913736646},{""box"":{""left"":8898,""right"":5163,""top"":9466,""bottom"":6642},""time"":1729913736739},{""box"":{""left"":8898,""right"":5163,""top"":9466,""bottom"":6642},""time"":1729913737009},{""box"":{""left"":8898,""right"":5163,""top"":9466,""bottom"":6642},""time"":1729913737070},{""box"":{""left"":8898,""right"":5163,""top"":9466,""bottom"":6642},""time"":1729913737184},{""box"":{""left"":8898,""right"":5163,""top"":9466,""bottom"":6642},""time"":1729913737246},{""box"":{""left"":8898,""right"":5163,""top"":9466,""bottom"":6642},""time"":1729913737307},{""box"":{""left"":8898,""right"":5163,""top"":9466,""bottom"":6642},""time"":1729913737358},{""box"":{""left"":8898,""right"":5163,""top"":9466,""bottom"":6642},""time"":1729913737452},{""box"":{""left"":8898,""right"":5163,""top"":9466,""bottom"":6642},""time"":1729913737503},{""box"":{""left"":8898,""right"":5163,""top"":9466,""bottom"":6642},""time"":1729913737618},{""box"":{""left"":8898,""right"":5163,""top"":9466,""bottom"":6642},""time"":1729913737679},{""box"":{""left"":8898,""right"":5163,""top"":9466,""bottom"":6642},""time"":1729913738199},{""box"":{""left"":8898,""right"":5163,""top"":9466,""bottom"":6642},""time"":1729913738362},{""box"":{""left"":8898,""right"":5163,""top"":9466,""bottom"":6642},""time"":1729913739724},{""box"":{""left"":8898,""right"":5163,""top"":9466,""bottom"":6642},""time"":1729913739835},{""box"":{""left"":8898,""right"":5163,""top"":9466,""bottom"":6642},""time"":1729913740347},{""box"":{""left"":8898,""right"":5163,""top"":9466,""bottom"":6642},""time"":1729913740471},{""box"":{""left"":8898,""right"":5163,""top"":9466,""bottom"":6642},""time"":1729913740532},{""box"":{""left"":8898,""right"":5163,""top"":9466,""bottom"":6642},""time"":1729913740584},{""box"":{""left"":8898,""right"":5163,""top"":9466,""bottom"":6642},""time"":1729913740645},{""box"":{""left"":8898,""right"":5163,""top"":9466,""bottom"":6642},""time"":1729913740696},{""box"":{""left"":8898,""right"":5163,""top"":9466,""bottom"":6642},""time"":1729913740759},{""box"":{""left"":8898,""right"":5163,""top"":9466,""bottom"":6642},""time"":1729913740820},{""box"":{""left"":8898,""right"":5163,""top"":9466,""bottom"":6642},""time"":1729913740873},{""box"":{""left"":8898,""right"":5163,""top"":9466,""bottom"":6642},""time"":1729913740935},{""box"":{""left"":8898,""right"":5163,""top"":9466,""bottom"":6642},""time"":1729913740988},{""box"":{""left"":8898,""right"":5163,""top"":9466,""bottom"":6642},""time"":1729913741049},{""box"":{""left"":8898,""right"":5163,""top"":9466,""bottom"":6642},""time"":1729913741161},{""box"":{""left"":8898,""right"":5163,""top"":9466,""bottom"":6642},""time"":1729913741213},{""box"":{""left"":8898,""right"":5163,""top"":9466,""bottom"":6642},""time"":1729913741274},{""box"":{""left"":8898,""right"":5163,""top"":9466,""bottom"":6642},""time"":1729913741399},{""box"":{""left"":8898,""right"":5163,""top"":9466,""bottom"":6642},""time"":1729913741790},{""box"":{""left"":8898,""right"":5163,""top"":9466,""bottom"":6642},""time"":1729913741844},{""box"":{""left"":8898,""right"":5163,""top"":9466,""bottom"":6642},""time"":1729913741884},{""box"":{""left"":8898,""right"":5163,""top"":9466,""bottom"":6642},""time"":1729913741914},{""box"":{""left"":8898,""right"":5163,""top"":9466,""bottom"":6642},""time"":1729913741997},{""box"":{""left"":8898,""right"":5163,""top"":9466,""bottom"":6642},""time"":1729913742028},{""box"":{""left"":8898,""right"":5163,""top"":9466,""bottom"":6642},""time"":1729913742111},{""box"":{""left"":8898,""right"":5163,""top"":9466,""bottom"":6642},""time"":1729913742141},{""box"":{""left"":8898,""right"":5163,""top"":9466,""bottom"":6642},""time"":1729913742197},{""box"":{""left"":8898,""right"":5163,""top"":9466,""bottom"":6642},""time"":1729913742267},{""box"":{""left"":8898,""right"":5163,""top"":9466,""bottom"":6642},""time"":1729913742298},{""box"":{""left"":8898,""right"":5163,""top"":9466,""bottom"":6642},""time"":1729913742329},{""box"":{""left"":8898,""right"":5163,""top"":9466,""bottom"":6642},""time"":1729913742359},{""box"":{""left"":8898,""right"":5163,""top"":9466,""bottom"":6642},""time"":1729913742390},{""box"":{""left"":8898,""right"":5163,""top"":9466,""bottom"":6642},""time"":1729913742420},{""box"":{""left"":8898,""right"":5163,""top"":9466,""bottom"":6642},""time"":1729913742441},{""box"":{""left"":8898,""right"":5163,""top"":9466,""bottom"":6642},""time"":1729913742471},{""box"":{""left"":8898,""right"":5163,""top"":9466,""bottom"":6642},""time"":1729913742511},{""box"":{""left"":8898,""right"":5163,""top"":9466,""bottom"":6642},""time"":1729913742545},{""box"":{""left"":8898,""right"":5163,""top"":9466,""bottom"":6642},""time"":1729913742576},{""box"":{""left"":8898,""right"":5163,""top"":9466,""bottom"":6642},""time"":1729913742598},{""box"":{""left"":8898,""right"":5163,""top"":9466,""bottom"":6642},""time"":1729913742629},{""box"":{""left"":8898,""right"":5163,""top"":9466,""bottom"":6642},""time"":1729913742660},{""box"":{""left"":8898,""right"":5163,""top"":9466,""bottom"":6642},""time"":1729913742691},{""box"":{""left"":8898,""right"":5163,""top"":9466,""bottom"":6642},""time"":1729913742722},{""box"":{""left"":8898,""right"":5163,""top"":9466,""bottom"":6642},""time"":1729913742752},{""box"":{""left"":8898,""right"":5163,""top"":9466,""bottom"":6642},""time"":1729913742774},{""box"":{""left"":8898,""right"":5163,""top"":9466,""bottom"":6642},""time"":1729913742804},{""box"":{""left"":8898,""right"":5163,""top"":9466,""bottom"":6642},""time"":1729913742888},{""box"":{""left"":8898,""right"":5163,""top"":9466,""bottom"":6642},""time"":1729913742918},{""box"":{""left"":8898,""right"":5163,""top"":9466,""bottom"":6642},""time"":1729913742939},{""box"":{""left"":8898,""right"":5163,""top"":9466,""bottom"":6642},""time"":1729913742970},{""box"":{""left"":8898,""right"":5163,""top"":9466,""bottom"":6642},""time"":1729913743002},{""box"":{""left"":8898,""right"":5163,""top"":9466,""bottom"":6642},""time"":1729913743032},{""box"":{""left"":8898,""right"":5163,""top"":9466,""bottom"":6642},""time"":1729913743063},{""box"":{""left"":8898,""right"":5163,""top"":9466,""bottom"":6642},""time"":1729913743093},{""box"":{""left"":8898,""right"":5163,""top"":9466,""bottom"":6642},""time"":1729913743114},{""box"":{""left"":8898,""right"":5163,""top"":9466,""bottom"":6642},""time"":1729913743145},{""box"":{""left"":8898,""right"":5163,""top"":9466,""bottom"":6642},""time"":1729913743198},{""box"":{""left"":8898,""right"":5163,""top"":9466,""bottom"":6642},""time"":1729913743229},{""box"":{""left"":8898,""right"":5163,""top"":9466,""bottom"":6642},""time"":1729913743310},{""box"":{""left"":8898,""right"":5163,""top"":9466,""bottom"":6642},""time"":1729913743361},{""box"":{""left"":8898,""right"":5163,""top"":9466,""bottom"":6642},""time"":1729913743415},{""box"":{""left"":8898,""right"":5163,""top"":9466,""bottom"":6642},""time"":1729913743446},{""box"":{""left"":8898,""right"":5163,""top"":9466,""bottom"":6642},""time"":1729913743477},{""box"":{""left"":8898,""right"":5163,""top"":9466,""bottom"":6642},""time"":1729913743507},{""box"":{""left"":8898,""right"":5163,""top"":9466,""bottom"":6642},""time"":1729913743538},{""box"":{""left"":8898,""right"":5163,""top"":9466,""bottom"":6642},""time"":1729913743568},{""box"":{""left"":8898,""right"":5163,""top"":9466,""bottom"":6642},""time"":1729913743599},{""box"":{""left"":8898,""right"":5163,""top"":9466,""bottom"":6642},""time"":1729913743629},{""box"":{""left"":8898,""right"":5163,""top"":9466,""bottom"":6642},""time"":1729913743670},{""box"":{""left"":8898,""right"":5163,""top"":9466,""bottom"":6642},""time"":1729913743701},{""box"":{""left"":8898,""right"":5163,""top"":9466,""bottom"":6642},""time"":1729913743742},{""box"":{""left"":8898,""right"":5163,""top"":9466,""bottom"":6642},""time"":1729913743772},{""box"":{""left"":8898,""right"":5163,""top"":9466,""bottom"":6642},""time"":1729913743890},{""box"":{""left"":8898,""right"":5163,""top"":9466,""bottom"":6642},""time"":1729913743920},{""box"":{""left"":8898,""right"":5163,""top"":9466,""bottom"":6642},""time"":1729913743941},{""box"":{""left"":8898,""right"":5163,""top"":9466,""bottom"":6642},""time"":1729913743961},{""box"":{""left"":8898,""right"":5163,""top"":9466,""bottom"":6642},""time"":1729913744004},{""box"":{""left"":8898,""right"":5163,""top"":9466,""bottom"":6642},""time"":1729913744055},{""box"":{""left"":8898,""right"":5163,""top"":9466,""bottom"":6642},""time"":1729913744105},{""box"":{""left"":8898,""right"":5163,""top"":9466,""bottom"":6642},""time"":1729913744126},{""box"":{""left"":8898,""right"":5163,""top"":9466,""bottom"":6642},""time"":1729913744177},{""box"":{""left"":8898,""right"":5163,""top"":9466,""bottom"":6642},""time"":1729913744229},{""box"":{""left"":8898,""right"":5163,""top"":9466,""bottom"":6642},""time"":1729913744280},{""box"":{""left"":8898,""right"":5163,""top"":9466,""bottom"":6642},""time"":1729913744300},{""box"":{""left"":8898,""right"":5163,""top"":9466,""bottom"":6642},""time"":1729913744343},{""box"":{""left"":8898,""right"":5163,""top"":9466,""bottom"":6642},""time"":1729913744394},{""box"":{""left"":8898,""right"":5163,""top"":9466,""bottom"":6642},""time"":1729913744415},{""box"":{""left"":8898,""right"":5163,""top"":9466,""bottom"":6642},""time"":1729913744456},{""box"":{""left"":8898,""right"":5163,""top"":9466,""bottom"":6642},""time"":1729913744507},{""box"":{""left"":8898,""right"":5163,""top"":9466,""bottom"":6642},""time"":1729913744527},{""box"":{""left"":8898,""right"":5163,""top"":9466,""bottom"":6642},""time"":1729913744568},{""box"":{""left"":8898,""right"":5163,""top"":9466,""bottom"":6642},""time"":1729913744631},{""box"":{""left"":8898,""right"":5163,""top"":9466,""bottom"":6642},""time"":1729913744682},{""box"":{""left"":8898,""right"":5163,""top"":9466,""bottom"":6642},""time"":1729913744702},{""box"":{""left"":8898,""right"":5163,""top"":9466,""bottom"":6642},""time"":1729913744754},{""box"":{""left"":8898,""right"":5163,""top"":9466,""bottom"":6642},""time"":1729913744794},{""box"":{""left"":8898,""right"":5163,""top"":9466,""bottom"":6642},""time"":1729913744815},{""box"":{""left"":8898,""right"":5163,""top"":9466,""bottom"":6642},""time"":1729913744866},{""box"":{""left"":8898,""right"":5163,""top"":9466,""bottom"":6642},""time"":1729913744907},{""box"":{""left"":8898,""right"":5163,""top"":9466,""bottom"":6642},""time"":1729913744927},{""box"":{""left"":8898,""right"":5163,""top"":9466,""bottom"":6642},""time"":1729913744968},{""box"":{""left"":8898,""right"":5163,""top"":9466,""bottom"":6642},""time"":1729913744988},{""box"":{""left"":8898,""right"":5163,""top"":9466,""bottom"":6642},""time"":1729913745029},{""box"":{""left"":8898,""right"":5163,""top"":9466,""bottom"":6642},""time"":1729913745144},{""box"":{""left"":8898,""right"":5163,""top"":9466,""bottom"":6642},""time"":1729913745196},{""box"":{""left"":8898,""right"":5163,""top"":9466,""bottom"":6642},""time"":1729913745473},{""box"":{""left"":8898,""right"":5163,""top"":9466,""bottom"":6642},""time"":1729913745494},{""box"":{""left"":8898,""right"":5163,""top"":9466,""bottom"":6642},""time"":1729913745534},{""box"":{""left"":8898,""right"":5163,""top"":9466,""bottom"":6642},""time"":1729913745555},{""box"":{""left"":8898,""right"":5163,""top"":9466,""bottom"":6642},""time"":1729913745680},{""box"":{""left"":8898,""right"":5163,""top"":9466,""bottom"":6642},""time"":1729913745720},{""box"":{""left"":8898,""right"":5163,""top"":9466,""bottom"":6642},""time"":1729913745795},{""box"":{""left"":8898,""right"":5163,""top"":9466,""bottom"":6642},""time"":1729913745825},{""box"":{""left"":8898,""right"":5163,""top"":9466,""bottom"":6642},""time"":1729913745846},{""box"":{""left"":8898,""right"":5163,""top"":9466,""bottom"":6642},""time"":1729913745878},{""box"":{""left"":8898,""right"":5163,""top"":9466,""bottom"":6642},""time"":1729913745899},{""box"":{""left"":8898,""right"":5163,""top"":9466,""bottom"":6642},""time"":1729913746124},{""box"":{""left"":8898,""right"":5163,""top"":9466,""bottom"":6642},""time"":1729913746188},{""box"":{""left"":8898,""right"":5163,""top"":9466,""bottom"":6642},""time"":1729913746517},{""box"":{""left"":8898,""right"":5163,""top"":9466,""bottom"":6642},""time"":1729913746538},{""box"":{""left"":8898,""right"":5163,""top"":9466,""bottom"":6642},""time"":1729913746590},{""box"":{""left"":8898,""right"":5163,""top"":9466,""bottom"":6642},""time"":1729913746704},{""box"":{""left"":8898,""right"":5163,""top"":9466,""bottom"":6642},""time"":1729913746766},{""box"":{""left"":8898,""right"":5163,""top"":9466,""bottom"":6642},""time"":1729913746909},{""box"":{""left"":8898,""right"":5163,""top"":9466,""bottom"":6642},""time"":1729913746919},{""box"":{""left"":8898,""right"":5163,""top"":9466,""bottom"":6642},""time"":1729913746993},{""box"":{""left"":8898,""right"":5163,""top"":9466,""bottom"":6642},""time"":1729913747053},{""box"":{""left"":8898,""right"":5163,""top"":9466,""bottom"":6642},""time"":1729913747105},{""box"":{""left"":8898,""right"":5163,""top"":9466,""bottom"":6642},""time"":1729913747166},{""box"":{""left"":8898,""right"":5163,""top"":9466,""bottom"":6642},""time"":1729913747261},{""box"":{""left"":8898,""right"":5163,""top"":9466,""bottom"":6642},""time"":1729913747281},{""box"":{""left"":8898,""right"":5163,""top"":9466,""bottom"":6642},""time"":1729913747394},{""box"":{""left"":8898,""right"":5163,""top"":9466,""bottom"":6642},""time"":1729913747498},{""box"":{""left"":8898,""right"":5163,""top"":9466,""bottom"":6642},""time"":1729913747518},{""box"":{""left"":8898,""right"":5163,""top"":9466,""bottom"":6642},""time"":1729913747620},{""box"":{""left"":8898,""right"":5163,""top"":9466,""bottom"":6642},""time"":1729913747674},{""box"":{""left"":8898,""right"":5163,""top"":9466,""bottom"":6642},""time"":1729913747725},{""box"":{""left"":8898,""right"":5163,""top"":9466,""bottom"":6642},""time"":1729913747785},{""box"":{""left"":8898,""right"":5163,""top"":9466,""bottom"":6642},""time"":1729913747838},{""box"":{""left"":8898,""right"":5163,""top"":9466,""bottom"":6642},""time"":1729913748157},{""box"":{""left"":8898,""right"":5163,""top"":9466,""bottom"":6642},""time"":1729913748178},{""box"":{""left"":8898,""right"":5163,""top"":9466,""bottom"":6642},""time"":1729913748229},{""box"":{""left"":8898,""right"":5163,""top"":9466,""bottom"":6642},""time"":1729913748343},{""box"":{""left"":8898,""right"":5163,""top"":9466,""bottom"":6642},""time"":1729913748721},{""box"":{""left"":8898,""right"":5163,""top"":9466,""bottom"":6642},""time"":1729913748742},{""box"":{""left"":8898,""right"":5163,""top"":9466,""bottom"":6642},""time"":1729913748795},{""box"":{""left"":8898,""right"":5163,""top"":9466,""bottom"":6642},""time"":1729913748831},{""box"":{""left"":8898,""right"":5163,""top"":9466,""bottom"":6642},""time"":1729913748851},{""box"":{""left"":8898,""right"":5163,""top"":9466,""bottom"":6642},""time"":1729913748891},{""box"":{""left"":8898,""right"":5163,""top"":9466,""bottom"":6642},""time"":1729913748912},{""box"":{""left"":8898,""right"":5163,""top"":9466,""bottom"":6642},""time"":1729913749072},{""box"":{""left"":8898,""right"":5163,""top"":9466,""bottom"":6642},""time"":1729913749093},{""box"":{""left"":8898,""right"":5163,""top"":9466,""bottom"":6642},""time"":1729913749134},{""box"":{""left"":8898,""right"":5163,""top"":9466,""bottom"":6642},""time"":1729913749154},{""box"":{""left"":8898,""right"":5163,""top"":9466,""bottom"":6642},""time"":1729913749205},{""box"":{""left"":8898,""right"":5163,""top"":9466,""bottom"":6642},""time"":1729913749246},{""box"":{""left"":8898,""right"":5163,""top"":9466,""bottom"":6642},""time"":1729913749309},{""box"":{""left"":8898,""right"":5163,""top"":9466,""bottom"":6642},""time"":1729913749370},{""box"":{""left"":8898,""right"":5163,""top"":9466,""bottom"":6642},""time"":1729913749423},{""box"":{""left"":8898,""right"":5163,""top"":9466,""bottom"":6642},""time"":1729913749485},{""box"":{""left"":8898,""right"":5163,""top"":9466,""bottom"":6642},""time"":1729913749539},{""box"":{""left"":8898,""right"":5163,""top"":9466,""bottom"":6642},""time"":1729913749600},{""box"":{""left"":8898,""right"":5163,""top"":9466,""bottom"":6642},""time"":1729913749662},{""box"":{""left"":8898,""right"":5163,""top"":9466,""bottom"":6642},""time"":1729913749704},{""box"":{""left"":8898,""right"":5163,""top"":9466,""bottom"":6642},""time"":1729913749724},{""box"":{""left"":8898,""right"":5163,""top"":9466,""bottom"":6642},""time"":1729913749764},{""box"":{""left"":8898,""right"":5163,""top"":9466,""bottom"":6642},""time"":1729913749785},{""box"":{""left"":8898,""right"":5163,""top"":9466,""bottom"":6642},""time"":1729913749835},{""box"":{""left"":8898,""right"":5163,""top"":9466,""bottom"":6642},""time"":1729913749878},{""box"":{""left"":8898,""right"":5163,""top"":9466,""bottom"":6642},""time"":1729913749898},{""box"":{""left"":8898,""right"":5163,""top"":9466,""bottom"":6642},""time"":1729913749941},{""box"":{""left"":8898,""right"":5163,""top"":9466,""bottom"":6642},""time"":1729913750054},{""box"":{""left"":8898,""right"":5163,""top"":9466,""bottom"":6642},""time"":1729913750116},{""box"":{""left"":8898,""right"":5163,""top"":9466,""bottom"":6642},""time"":1729913750177},{""box"":{""left"":8898,""right"":5163,""top"":9466,""bottom"":6642},""time"":1729913750229},{""box"":{""left"":8898,""right"":5163,""top"":9466,""bottom"":6642},""time"":1729913750279},{""box"":{""left"":8898,""right"":5163,""top"":9466,""bottom"":6642},""time"":1729913750341},{""box"":{""left"":8898,""right"":5163,""top"":9466,""bottom"":6642},""time"":1729913750394},{""box"":{""left"":8898,""right"":5163,""top"":9466,""bottom"":6642},""time"":1729913750436},{""box"":{""left"":8898,""right"":5163,""top"":9466,""bottom"":6642},""time"":1729913750456},{""box"":{""left"":8898,""right"":5163,""top"":9466,""bottom"":6642},""time"":1729913750507},{""box"":{""left"":8898,""right"":5163,""top"":9466,""bottom"":6642},""time"":1729913750560},{""box"":{""left"":8898,""right"":5163,""top"":9466,""bottom"":6642},""time"":1729913750610},{""box"":{""left"":8898,""right"":5163,""top"":9466,""bottom"":6642},""time"":1729913750630},{""box"":{""left"":8898,""right"":5163,""top"":9466,""bottom"":6642},""time"":1729913751310},{""box"":{""left"":8898,""right"":5163,""top"":9466,""bottom"":6642},""time"":1729913751576},{""box"":{""left"":8898,""right"":5163,""top"":9466,""bottom"":6642},""time"":1729913751597},{""box"":{""left"":8898,""right"":5163,""top"":9466,""bottom"":6642},""time"":1729913751927},{""box"":{""left"":8898,""right"":5163,""top"":9466,""bottom"":6642},""time"":1729913752051},{""box"":{""left"":8898,""right"":5163,""top"":9466,""bottom"":6642},""time"":1729913752114},{""box"":{""left"":8898,""right"":5163,""top"":9466,""bottom"":6642},""time"":1729913752175}",,,,,
57046,Person,2024-10-26 12:35:40,2024-10-26 12:35:42,"{""left"":9270,""right"":4780,""top"":9767,""bottom"":7656},{""box"":{""left"":9270,""right"":4780,""top"":9767,""bottom"":7656},""time"":1729913742151},{""box"":{""left"":9270,""right"":4780,""top"":9767,""bottom"":7656},""time"":1729913742207}",,,,,
57047,Person,2024-10-26 12:35:42,2024-10-26 12:35:55,"{""left"":8731,""right"":8083,""top"":9481,""bottom"":9552},{""box"":{""left"":8731,""right"":8083,""top"":9481,""bottom"":9552},""time"":1729913742217},{""box"":{""left"":8731,""right"":8083,""top"":9481,""bottom"":9552},""time"":1729913742308},{""box"":{""left"":8731,""right"":8083,""top"":9481,""bottom"":9552},""time"":1729913742369},{""box"":{""left"":8731,""right"":8083,""top"":9481,""bottom"":9552},""time"":1729913742430},{""box"":{""left"":8731,""right"":8083,""top"":9481,""bottom"":9552},""time"":1729913742481},{""box"":{""left"":8731,""right"":8083,""top"":9481,""bottom"":9552},""time"":1729913742521},{""box"":{""left"":8731,""right"":8083,""top"":9481,""bottom"":9552},""time"":1729913742586},{""box"":{""left"":8731,""right"":8083,""top"":9481,""bottom"":9552},""time"":1729913742639},{""box"":{""left"":8731,""right"":8083,""top"":9481,""bottom"":9552},""time"":1729913742701},{""box"":{""left"":8731,""right"":8083,""top"":9481,""bottom"":9552},""time"":1729913742762},{""box"":{""left"":8731,""right"":8083,""top"":9481,""bottom"":9552},""time"":1729913742814},{""box"":{""left"":8731,""right"":8083,""top"":9481,""bottom"":9552},""time"":1729913742928},{""box"":{""left"":8731,""right"":8083,""top"":9481,""bottom"":9552},""time"":1729913742980},{""box"":{""left"":8731,""right"":8083,""top"":9481,""bottom"":9552},""time"":1729913743042},{""box"":{""left"":8731,""right"":8083,""top"":9481,""bottom"":9552},""time"":1729913743103},{""box"":{""left"":8731,""right"":8083,""top"":9481,""bottom"":9552},""time"":1729913743155},{""box"":{""left"":8731,""right"":8083,""top"":9481,""bottom"":9552},""time"":1729913743239},{""box"":{""left"":8731,""right"":8083,""top"":9481,""bottom"":9552},""time"":1729913743456},{""box"":{""left"":8731,""right"":8083,""top"":9481,""bottom"":9552},""time"":1729913743517},{""box"":{""left"":8731,""right"":8083,""top"":9481,""bottom"":9552},""time"":1729913743578},{""box"":{""left"":8731,""right"":8083,""top"":9481,""bottom"":9552},""time"":1729913743639},{""box"":{""left"":8731,""right"":8083,""top"":9481,""bottom"":9552},""time"":1729913743711},{""box"":{""left"":8731,""right"":8083,""top"":9481,""bottom"":9552},""time"":1729913743782},{""box"":{""left"":8731,""right"":8083,""top"":9481,""bottom"":9552},""time"":1729913743930},{""box"":{""left"":8731,""right"":8083,""top"":9481,""bottom"":9552},""time"":1729913743971},{""box"":{""left"":8731,""right"":8083,""top"":9481,""bottom"":9552},""time"":1729913744014},{""box"":{""left"":8731,""right"":8083,""top"":9481,""bottom"":9552},""time"":1729913744136},{""box"":{""left"":8731,""right"":8083,""top"":9481,""bottom"":9552},""time"":1729913744187},{""box"":{""left"":8731,""right"":8083,""top"":9481,""bottom"":9552},""time"":1729913744239},{""box"":{""left"":8731,""right"":8083,""top"":9481,""bottom"":9552},""time"":1729913744353},{""box"":{""left"":8731,""right"":8083,""top"":9481,""bottom"":9552},""time"":1729913744425},{""box"":{""left"":8731,""right"":8083,""top"":9481,""bottom"":9552},""time"":1729913744466},{""box"":{""left"":8731,""right"":8083,""top"":9481,""bottom"":9552},""time"":1729913744537},{""box"":{""left"":8731,""right"":8083,""top"":9481,""bottom"":9552},""time"":1729913744578},{""box"":{""left"":8731,""right"":8083,""top"":9481,""bottom"":9552},""time"":1729913744641},{""box"":{""left"":8731,""right"":8083,""top"":9481,""bottom"":9552},""time"":1729913744712},{""box"":{""left"":8731,""right"":8083,""top"":9481,""bottom"":9552},""time"":1729913744824},{""box"":{""left"":8731,""right"":8083,""top"":9481,""bottom"":9552},""time"":1729913744876},{""box"":{""left"":8731,""right"":8083,""top"":9481,""bottom"":9552},""time"":1729913744937},{""box"":{""left"":8731,""right"":8083,""top"":9481,""bottom"":9552},""time"":1729913744998},{""box"":{""left"":8731,""right"":8083,""top"":9481,""bottom"":9552},""time"":1729913745039},{""box"":{""left"":8731,""right"":8083,""top"":9481,""bottom"":9552},""time"":1729913745153},{""box"":{""left"":8731,""right"":8083,""top"":9481,""bottom"":9552},""time"":1729913745504},{""box"":{""left"":8731,""right"":8083,""top"":9481,""bottom"":9552},""time"":1729913745565},{""box"":{""left"":8731,""right"":8083,""top"":9481,""bottom"":9552},""time"":1729913745690},{""box"":{""left"":8731,""right"":8083,""top"":9481,""bottom"":9552},""time"":1729913745805},{""box"":{""left"":8731,""right"":8083,""top"":9481,""bottom"":9552},""time"":1729913745856},{""box"":{""left"":8731,""right"":8083,""top"":9481,""bottom"":9552},""time"":1729913745909},{""box"":{""left"":8731,""right"":8083,""top"":9481,""bottom"":9552},""time"":1729913746198},{""box"":{""left"":8731,""right"":8083,""top"":9481,""bottom"":9552},""time"":1729913746548},{""box"":{""left"":8731,""right"":8083,""top"":9481,""bottom"":9552},""time"":1729913746600},{""box"":{""left"":8731,""right"":8083,""top"":9481,""bottom"":9552},""time"":1729913746714},{""box"":{""left"":8731,""right"":8083,""top"":9481,""bottom"":9552},""time"":1729913746776},{""box"":{""left"":8731,""right"":8083,""top"":9481,""bottom"":9552},""time"":1729913746929},{""box"":{""left"":8731,""right"":8083,""top"":9481,""bottom"":9552},""time"":1729913747003},{""box"":{""left"":8731,""right"":8083,""top"":9481,""bottom"":9552},""time"":1729913747063},{""box"":{""left"":8731,""right"":8083,""top"":9481,""bottom"":9552},""time"":1729913747115},{""box"":{""left"":8731,""right"":8083,""top"":9481,""bottom"":9552},""time"":1729913747176},{""box"":{""left"":8731,""right"":8083,""top"":9481,""bottom"":9552},""time"":1729913747292},{""box"":{""left"":8731,""right"":8083,""top"":9481,""bottom"":9552},""time"":1729913747404},{""box"":{""left"":8731,""right"":8083,""top"":9481,""bottom"":9552},""time"":1729913747528},{""box"":{""left"":8731,""right"":8083,""top"":9481,""bottom"":9552},""time"":1729913747630},{""box"":{""left"":8731,""right"":8083,""top"":9481,""bottom"":9552},""time"":1729913747684},{""box"":{""left"":8731,""right"":8083,""top"":9481,""bottom"":9552},""time"":1729913747735},{""box"":{""left"":8731,""right"":8083,""top"":9481,""bottom"":9552},""time"":1729913747795},{""box"":{""left"":8731,""right"":8083,""top"":9481,""bottom"":9552},""time"":1729913747848},{""box"":{""left"":8731,""right"":8083,""top"":9481,""bottom"":9552},""time"":1729913748188},{""box"":{""left"":8731,""right"":8083,""top"":9481,""bottom"":9552},""time"":1729913748353},{""box"":{""left"":8731,""right"":8083,""top"":9481,""bottom"":9552},""time"":1729913748752},{""box"":{""left"":8731,""right"":8083,""top"":9481,""bottom"":9552},""time"":1729913748805},{""box"":{""left"":8731,""right"":8083,""top"":9481,""bottom"":9552},""time"":1729913748861},{""box"":{""left"":8731,""right"":8083,""top"":9481,""bottom"":9552},""time"":1729913748922},{""box"":{""left"":8731,""right"":8083,""top"":9481,""bottom"":9552},""time"":1729913749103},{""box"":{""left"":8731,""right"":8083,""top"":9481,""bottom"":9552},""time"":1729913749164},{""box"":{""left"":8731,""right"":8083,""top"":9481,""bottom"":9552},""time"":1729913749256},{""box"":{""left"":8731,""right"":8083,""top"":9481,""bottom"":9552},""time"":1729913749319},{""box"":{""left"":8731,""right"":8083,""top"":9481,""bottom"":9552},""time"":1729913749380},{""box"":{""left"":8731,""right"":8083,""top"":9481,""bottom"":9552},""time"":1729913749433},{""box"":{""left"":8731,""right"":8083,""top"":9481,""bottom"":9552},""time"":1729913749495},{""box"":{""left"":8731,""right"":8083,""top"":9481,""bottom"":9552},""time"":1729913749548},{""box"":{""left"":8731,""right"":8083,""top"":9481,""bottom"":9552},""time"":1729913749610},{""box"":{""left"":8731,""right"":8083,""top"":9481,""bottom"":9552},""time"":1729913749671},{""box"":{""left"":8731,""right"":8083,""top"":9481,""bottom"":9552},""time"":1729913749733},{""box"":{""left"":8731,""right"":8083,""top"":9481,""bottom"":9552},""time"":1729913749794},{""box"":{""left"":8731,""right"":8083,""top"":9481,""bottom"":9552},""time"":1729913749845},{""box"":{""left"":8731,""right"":8083,""top"":9481,""bottom"":9552},""time"":1729913749951},{""box"":{""left"":8731,""right"":8083,""top"":9481,""bottom"":9552},""time"":1729913750064},{""box"":{""left"":8731,""right"":8083,""top"":9481,""bottom"":9552},""time"":1729913750126},{""box"":{""left"":8731,""right"":8083,""top"":9481,""bottom"":9552},""time"":1729913750187},{""box"":{""left"":8731,""right"":8083,""top"":9481,""bottom"":9552},""time"":1729913750238},{""box"":{""left"":8731,""right"":8083,""top"":9481,""bottom"":9552},""time"":1729913750290},{""box"":{""left"":8731,""right"":8083,""top"":9481,""bottom"":9552},""time"":1729913750351},{""box"":{""left"":8731,""right"":8083,""top"":9481,""bottom"":9552},""time"":1729913750404},{""box"":{""left"":8731,""right"":8083,""top"":9481,""bottom"":9552},""time"":1729913750517},{""box"":{""left"":8731,""right"":8083,""top"":9481,""bottom"":9552},""time"":1729913750640},{""box"":{""left"":8731,""right"":8083,""top"":9481,""bottom"":9552},""time"":1729913751320},{""box"":{""left"":8731,""right"":8083,""top"":9481,""bottom"":9552},""time"":1729913751607},{""box"":{""left"":8731,""right"":8083,""top"":9481,""bottom"":9552},""time"":1729913752061},{""box"":{""left"":8731,""right"":8083,""top"":9481,""bottom"":9552},""time"":1729913752124},{""box"":{""left"":8731,""right"":8083,""top"":9481,""bottom"":9552},""time"":1729913752186},{""box"":{""left"":8731,""right"":8083,""top"":9481,""bottom"":9552},""time"":1729913752226},{""box"":{""left"":8731,""right"":8083,""top"":9481,""bottom"":9552},""time"":1729913752280},{""box"":{""left"":8731,""right"":8083,""top"":9481,""bottom"":9552},""time"":1729913752331},{""box"":{""left"":8731,""right"":8083,""top"":9481,""bottom"":9552},""time"":1729913752384},{""box"":{""left"":8731,""right"":8083,""top"":9481,""bottom"":9552},""time"":1729913752445},{""box"":{""left"":8731,""right"":8083,""top"":9481,""bottom"":9552},""time"":1729913752498},{""box"":{""left"":8731,""right"":8083,""top"":9481,""bottom"":9552},""time"":1729913752559},{""box"":{""left"":8731,""right"":8083,""top"":9481,""bottom"":9552},""time"":1729913752612},{""box"":{""left"":8731,""right"":8083,""top"":9481,""bottom"":9552},""time"":1729913752672},{""box"":{""left"":8731,""right"":8083,""top"":9481,""bottom"":9552},""time"":1729913752735},{""box"":{""left"":8731,""right"":8083,""top"":9481,""bottom"":9552},""time"":1729913752796},{""box"":{""left"":8731,""right"":8083,""top"":9481,""bottom"":9552},""time"":1729913752847},{""box"":{""left"":8731,""right"":8083,""top"":9481,""bottom"":9552},""time"":1729913752908},{""box"":{""left"":8731,""right"":8083,""top"":9481,""bottom"":9552},""time"":1729913752958},{""box"":{""left"":8731,""right"":8083,""top"":9481,""bottom"":9552},""time"":1729913753019},{""box"":{""left"":8731,""right"":8083,""top"":9481,""bottom"":9552},""time"":1729913753081},{""box"":{""left"":8731,""right"":8083,""top"":9481,""bottom"":9552},""time"":1729913753132},{""box"":{""left"":8731,""right"":8083,""top"":9481,""bottom"":9552},""time"":1729913753193},{""box"":{""left"":8731,""right"":8083,""top"":9481,""bottom"":9552},""time"":1729913753254},{""box"":{""left"":8731,""right"":8083,""top"":9481,""bottom"":9552},""time"":1729913753305},{""box"":{""left"":8731,""right"":8083,""top"":9481,""bottom"":9552},""time"":1729913753366},{""box"":{""left"":8731,""right"":8083,""top"":9481,""bottom"":9552},""time"":1729913753741},{""box"":{""left"":8731,""right"":8083,""top"":9481,""bottom"":9552},""time"":1729913753854},{""box"":{""left"":8731,""right"":8083,""top"":9481,""bottom"":9552},""time"":1729913754173},{""box"":{""left"":8731,""right"":8083,""top"":9481,""bottom"":9552},""time"":1729913754194},{""box"":{""left"":8731,""right"":8083,""top"":9481,""bottom"":9552},""time"":1729913754474},{""box"":{""left"":8731,""right"":8083,""top"":9481,""bottom"":9552},""time"":1729913754544},{""box"":{""left"":8731,""right"":8083,""top"":9481,""bottom"":9552},""time"":1729913754605},{""box"":{""left"":8731,""right"":8083,""top"":9481,""bottom"":9552},""time"":1729913754666},{""box"":{""left"":8731,""right"":8083,""top"":9481,""bottom"":9552},""time"":1729913754771},{""box"":{""left"":8731,""right"":8083,""top"":9481,""bottom"":9552},""time"":1729913754843},{""box"":{""left"":8731,""right"":8083,""top"":9481,""bottom"":9552},""time"":1729913754915},{""box"":{""left"":8731,""right"":8083,""top"":9481,""bottom"":9552},""time"":1729913754976},{""box"":{""left"":8731,""right"":8083,""top"":9481,""bottom"":9552},""time"":1729913755077},{""box"":{""left"":8731,""right"":8083,""top"":9481,""bottom"":9552},""time"":1729913755149},{""box"":{""left"":8731,""right"":8083,""top"":9481,""bottom"":9552},""time"":1729913755216},{""box"":{""left"":8731,""right"":8083,""top"":9481,""bottom"":9552},""time"":1729913755237},{""box"":{""left"":8731,""right"":8083,""top"":9481,""bottom"":9552},""time"":1729913755298}",,,,,
57048,Person,2024-10-26 12:35:44,2024-10-26 12:35:57,"{""left"":8981,""right"":4760,""top"":9643,""bottom"":6269},{""box"":{""left"":8981,""right"":4760,""top"":9643,""bottom"":6269},""time"":1729913745575},{""box"":{""left"":8981,""right"":4760,""top"":9643,""bottom"":6269},""time"":1729913745700},{""box"":{""left"":8981,""right"":4760,""top"":9643,""bottom"":6269},""time"":1729913745815},{""box"":{""left"":8981,""right"":4760,""top"":9643,""bottom"":6269},""time"":1729913745866},{""box"":{""left"":8981,""right"":4760,""top"":9643,""bottom"":6269},""time"":1729913745919},{""box"":{""left"":8981,""right"":4760,""top"":9643,""bottom"":6269},""time"":1729913746208},{""box"":{""left"":8981,""right"":4760,""top"":9643,""bottom"":6269},""time"":1729913746558},{""box"":{""left"":8981,""right"":4760,""top"":9643,""bottom"":6269},""time"":1729913746610},{""box"":{""left"":8981,""right"":4760,""top"":9643,""bottom"":6269},""time"":1729913746939},{""box"":{""left"":8981,""right"":4760,""top"":9643,""bottom"":6269},""time"":1729913747013},{""box"":{""left"":8981,""right"":4760,""top"":9643,""bottom"":6269},""time"":1729913747073},{""box"":{""left"":8981,""right"":4760,""top"":9643,""bottom"":6269},""time"":1729913747125},{""box"":{""left"":8981,""right"":4760,""top"":9643,""bottom"":6269},""time"":1729913747186},{""box"":{""left"":8981,""right"":4760,""top"":9643,""bottom"":6269},""time"":1729913747301},{""box"":{""left"":8981,""right"":4760,""top"":9643,""bottom"":6269},""time"":1729913747538},{""box"":{""left"":8981,""right"":4760,""top"":9643,""bottom"":6269},""time"":1729913747640},{""box"":{""left"":8981,""right"":4760,""top"":9643,""bottom"":6269},""time"":1729913747694},{""box"":{""left"":8981,""right"":4760,""top"":9643,""bottom"":6269},""time"":1729913747745},{""box"":{""left"":8981,""right"":4760,""top"":9643,""bottom"":6269},""time"":1729913747805},{""box"":{""left"":8981,""right"":4760,""top"":9643,""bottom"":6269},""time"":1729913747858},{""box"":{""left"":8981,""right"":4760,""top"":9643,""bottom"":6269},""time"":1729913748198},{""box"":{""left"":8981,""right"":4760,""top"":9643,""bottom"":6269},""time"":1729913748363},{""box"":{""left"":8981,""right"":4760,""top"":9643,""bottom"":6269},""time"":1729913748762},{""box"":{""left"":8981,""right"":4760,""top"":9643,""bottom"":6269},""time"":1729913748815},{""box"":{""left"":8981,""right"":4760,""top"":9643,""bottom"":6269},""time"":1729913748871},{""box"":{""left"":8981,""right"":4760,""top"":9643,""bottom"":6269},""time"":1729913748932},{""box"":{""left"":8981,""right"":4760,""top"":9643,""bottom"":6269},""time"":1729913749113},{""box"":{""left"":8981,""right"":4760,""top"":9643,""bottom"":6269},""time"":1729913749174},{""box"":{""left"":8981,""right"":4760,""top"":9643,""bottom"":6269},""time"":1729913749266},{""box"":{""left"":8981,""right"":4760,""top"":9643,""bottom"":6269},""time"":1729913749329},{""box"":{""left"":8981,""right"":4760,""top"":9643,""bottom"":6269},""time"":1729913749389},{""box"":{""left"":8981,""right"":4760,""top"":9643,""bottom"":6269},""time"":1729913749443},{""box"":{""left"":8981,""right"":4760,""top"":9643,""bottom"":6269},""time"":1729913749504},{""box"":{""left"":8981,""right"":4760,""top"":9643,""bottom"":6269},""time"":1729913749558},{""box"":{""left"":8981,""right"":4760,""top"":9643,""bottom"":6269},""time"":1729913749620},{""box"":{""left"":8981,""right"":4760,""top"":9643,""bottom"":6269},""time"":1729913749681},{""box"":{""left"":8981,""right"":4760,""top"":9643,""bottom"":6269},""time"":1729913749743},{""box"":{""left"":8981,""right"":4760,""top"":9643,""bottom"":6269},""time"":1729913749804},{""box"":{""left"":8981,""right"":4760,""top"":9643,""bottom"":6269},""time"":1729913749855},{""box"":{""left"":8981,""right"":4760,""top"":9643,""bottom"":6269},""time"":1729913749908},{""box"":{""left"":8981,""right"":4760,""top"":9643,""bottom"":6269},""time"":1729913749961},{""box"":{""left"":8981,""right"":4760,""top"":9643,""bottom"":6269},""time"":1729913750074},{""box"":{""left"":8981,""right"":4760,""top"":9643,""bottom"":6269},""time"":1729913750136},{""box"":{""left"":8981,""right"":4760,""top"":9643,""bottom"":6269},""time"":1729913750197},{""box"":{""left"":8981,""right"":4760,""top"":9643,""bottom"":6269},""time"":1729913750249},{""box"":{""left"":8981,""right"":4760,""top"":9643,""bottom"":6269},""time"":1729913750299},{""box"":{""left"":8981,""right"":4760,""top"":9643,""bottom"":6269},""time"":1729913750361},{""box"":{""left"":8981,""right"":4760,""top"":9643,""bottom"":6269},""time"":1729913750413},{""box"":{""left"":8981,""right"":4760,""top"":9643,""bottom"":6269},""time"":1729913750466},{""box"":{""left"":8981,""right"":4760,""top"":9643,""bottom"":6269},""time"":1729913750527},{""box"":{""left"":8981,""right"":4760,""top"":9643,""bottom"":6269},""time"":1729913750650},{""box"":{""left"":8981,""right"":4760,""top"":9643,""bottom"":6269},""time"":1729913751330},{""box"":{""left"":8981,""right"":4760,""top"":9643,""bottom"":6269},""time"":1729913751617},{""box"":{""left"":8981,""right"":4760,""top"":9643,""bottom"":6269},""time"":1729913752071},{""box"":{""left"":8981,""right"":4760,""top"":9643,""bottom"":6269},""time"":1729913752134},{""box"":{""left"":8981,""right"":4760,""top"":9643,""bottom"":6269},""time"":1729913752196},{""box"":{""left"":8981,""right"":4760,""top"":9643,""bottom"":6269},""time"":1729913752237},{""box"":{""left"":8981,""right"":4760,""top"":9643,""bottom"":6269},""time"":1729913752290},{""box"":{""left"":8981,""right"":4760,""top"":9643,""bottom"":6269},""time"":1729913752394},{""box"":{""left"":8981,""right"":4760,""top"":9643,""bottom"":6269},""time"":1729913752455},{""box"":{""left"":8981,""right"":4760,""top"":9643,""bottom"":6269},""time"":1729913752508},{""box"":{""left"":8981,""right"":4760,""top"":9643,""bottom"":6269},""time"":1729913752622},{""box"":{""left"":8981,""right"":4760,""top"":9643,""bottom"":6269},""time"":1729913752682},{""box"":{""left"":8981,""right"":4760,""top"":9643,""bottom"":6269},""time"":1729913752745},{""box"":{""left"":8981,""right"":4760,""top"":9643,""bottom"":6269},""time"":1729913752806},{""box"":{""left"":8981,""right"":4760,""top"":9643,""bottom"":6269},""time"":1729913752857},{""box"":{""left"":8981,""right"":4760,""top"":9643,""bottom"":6269},""time"":1729913752918},{""box"":{""left"":8981,""right"":4760,""top"":9643,""bottom"":6269},""time"":1729913752968},{""box"":{""left"":8981,""right"":4760,""top"":9643,""bottom"":6269},""time"":1729913753029},{""box"":{""left"":8981,""right"":4760,""top"":9643,""bottom"":6269},""time"":1729913753091},{""box"":{""left"":8981,""right"":4760,""top"":9643,""bottom"":6269},""time"":1729913753142},{""box"":{""left"":8981,""right"":4760,""top"":9643,""bottom"":6269},""time"":1729913753203},{""box"":{""left"":8981,""right"":4760,""top"":9643,""bottom"":6269},""time"":1729913753264},{""box"":{""left"":8981,""right"":4760,""top"":9643,""bottom"":6269},""time"":1729913753315},{""box"":{""left"":8981,""right"":4760,""top"":9643,""bottom"":6269},""time"":1729913753376},{""box"":{""left"":8981,""right"":4760,""top"":9643,""bottom"":6269},""time"":1729913753751},{""box"":{""left"":8981,""right"":4760,""top"":9643,""bottom"":6269},""time"":1729913753864},{""box"":{""left"":8981,""right"":4760,""top"":9643,""bottom"":6269},""time"":1729913754204},{""box"":{""left"":8981,""right"":4760,""top"":9643,""bottom"":6269},""time"":1729913754554},{""box"":{""left"":8981,""right"":4760,""top"":9643,""bottom"":6269},""time"":1729913754615},{""box"":{""left"":8981,""right"":4760,""top"":9643,""bottom"":6269},""time"":1729913754676},{""box"":{""left"":8981,""right"":4760,""top"":9643,""bottom"":6269},""time"":1729913754781},{""box"":{""left"":8981,""right"":4760,""top"":9643,""bottom"":6269},""time"":1729913754823},{""box"":{""left"":8981,""right"":4760,""top"":9643,""bottom"":6269},""time"":1729913754853},{""box"":{""left"":8981,""right"":4760,""top"":9643,""bottom"":6269},""time"":1729913754894},{""box"":{""left"":8981,""right"":4760,""top"":9643,""bottom"":6269},""time"":1729913754925},{""box"":{""left"":8981,""right"":4760,""top"":9643,""bottom"":6269},""time"":1729913754955},{""box"":{""left"":8981,""right"":4760,""top"":9643,""bottom"":6269},""time"":1729913754986},{""box"":{""left"":8981,""right"":4760,""top"":9643,""bottom"":6269},""time"":1729913755057},{""box"":{""left"":8981,""right"":4760,""top"":9643,""bottom"":6269},""time"":1729913755087},{""box"":{""left"":8981,""right"":4760,""top"":9643,""bottom"":6269},""time"":1729913755128},{""box"":{""left"":8981,""right"":4760,""top"":9643,""bottom"":6269},""time"":1729913755159},{""box"":{""left"":8981,""right"":4760,""top"":9643,""bottom"":6269},""time"":1729913755247},{""box"":{""left"":8981,""right"":4760,""top"":9643,""bottom"":6269},""time"":1729913755278},{""box"":{""left"":8981,""right"":4760,""top"":9643,""bottom"":6269},""time"":1729913755308},{""box"":{""left"":8981,""right"":4760,""top"":9643,""bottom"":6269},""time"":1729913755368},{""box"":{""left"":8981,""right"":4760,""top"":9643,""bottom"":6269},""time"":1729913755795},{""box"":{""left"":8981,""right"":4760,""top"":9643,""bottom"":6269},""time"":1729913755856},{""box"":{""left"":8981,""right"":4760,""top"":9643,""bottom"":6269},""time"":1729913755910},{""box"":{""left"":8981,""right"":4760,""top"":9643,""bottom"":6269},""time"":1729913755973},{""box"":{""left"":8981,""right"":4760,""top"":9643,""bottom"":6269},""time"":1729913756025},{""box"":{""left"":8981,""right"":4760,""top"":9643,""bottom"":6269},""time"":1729913756077},{""box"":{""left"":8981,""right"":4760,""top"":9643,""bottom"":6269},""time"":1729913756129},{""box"":{""left"":8981,""right"":4760,""top"":9643,""bottom"":6269},""time"":1729913756189},{""box"":{""left"":8981,""right"":4760,""top"":9643,""bottom"":6269},""time"":1729913756251},{""box"":{""left"":8981,""right"":4760,""top"":9643,""bottom"":6269},""time"":1729913756312},{""box"":{""left"":8981,""right"":4760,""top"":9643,""bottom"":6269},""time"":1729913756343},{""box"":{""left"":8981,""right"":4760,""top"":9643,""bottom"":6269},""time"":1729913756364},{""box"":{""left"":8981,""right"":4760,""top"":9643,""bottom"":6269},""time"":1729913756468},{""box"":{""left"":8981,""right"":4760,""top"":9643,""bottom"":6269},""time"":1729913756518},{""box"":{""left"":8981,""right"":4760,""top"":9643,""bottom"":6269},""time"":1729913756539},{""box"":{""left"":8981,""right"":4760,""top"":9643,""bottom"":6269},""time"":1729913756600},{""box"":{""left"":8981,""right"":4760,""top"":9643,""bottom"":6269},""time"":1729913756662},{""box"":{""left"":8981,""right"":4760,""top"":9643,""bottom"":6269},""time"":1729913756724},{""box"":{""left"":8981,""right"":4760,""top"":9643,""bottom"":6269},""time"":1729913756775},{""box"":{""left"":8981,""right"":4760,""top"":9643,""bottom"":6269},""time"":1729913756827},{""box"":{""left"":8981,""right"":4760,""top"":9643,""bottom"":6269},""time"":1729913756868},{""box"":{""left"":8981,""right"":4760,""top"":9643,""bottom"":6269},""time"":1729913757248},{""box"":{""left"":8981,""right"":4760,""top"":9643,""bottom"":6269},""time"":1729913757269},{""box"":{""left"":8981,""right"":4760,""top"":9643,""bottom"":6269},""time"":1729913757363},{""box"":{""left"":8981,""right"":4760,""top"":9643,""bottom"":6269},""time"":1729913757384},{""box"":{""left"":8981,""right"":4760,""top"":9643,""bottom"":6269},""time"":1729913757477},{""box"":{""left"":8981,""right"":4760,""top"":9643,""bottom"":6269},""time"":1729913757497},{""box"":{""left"":8981,""right"":4760,""top"":9643,""bottom"":6269},""time"":1729913757611}",,,,,
57049,Person,2024-10-26 12:35:48,2024-10-26 12:35:48,"{""left"":9659,""right"":5849,""top"":10000,""bottom"":9481}",,,,,
57050,Person,2024-10-26 12:35:50,2024-10-26 12:36:00,"{""left"":6450,""right"":2291,""top"":6949,""bottom"":4562},{""box"":{""left"":6450,""right"":2291,""top"":6949,""bottom"":4562},""time"":1729913750660},{""box"":{""left"":6450,""right"":2291,""top"":6949,""bottom"":4562},""time"":1729913751340},{""box"":{""left"":6450,""right"":2291,""top"":6949,""bottom"":4562},""time"":1729913751627},{""box"":{""left"":6450,""right"":2291,""top"":6949,""bottom"":4562},""time"":1729913752081},{""box"":{""left"":6450,""right"":2291,""top"":6949,""bottom"":4562},""time"":1729913752144},{""box"":{""left"":6450,""right"":2291,""top"":6949,""bottom"":4562},""time"":1729913752206},{""box"":{""left"":6450,""right"":2291,""top"":6949,""bottom"":4562},""time"":1729913752247},{""box"":{""left"":6450,""right"":2291,""top"":6949,""bottom"":4562},""time"":1729913752300},{""box"":{""left"":6450,""right"":2291,""top"":6949,""bottom"":4562},""time"":1729913752404},{""box"":{""left"":6450,""right"":2291,""top"":6949,""bottom"":4562},""time"":1729913752465},{""box"":{""left"":6450,""right"":2291,""top"":6949,""bottom"":4562},""time"":1729913752518},{""box"":{""left"":6450,""right"":2291,""top"":6949,""bottom"":4562},""time"":1729913752632},{""box"":{""left"":6450,""right"":2291,""top"":6949,""bottom"":4562},""time"":1729913752692},{""box"":{""left"":6450,""right"":2291,""top"":6949,""bottom"":4562},""time"":1729913752755},{""box"":{""left"":6450,""right"":2291,""top"":6949,""bottom"":4562},""time"":1729913752816},{""box"":{""left"":6450,""right"":2291,""top"":6949,""bottom"":4562},""time"":1729913752867},{""box"":{""left"":6450,""right"":2291,""top"":6949,""bottom"":4562},""time"":1729913752928},{""box"":{""left"":6450,""right"":2291,""top"":6949,""bottom"":4562},""time"":1729913752978},{""box"":{""left"":6450,""right"":2291,""top"":6949,""bottom"":4562},""time"":1729913753039},{""box"":{""left"":6450,""right"":2291,""top"":6949,""bottom"":4562},""time"":1729913753101},{""box"":{""left"":6450,""right"":2291,""top"":6949,""bottom"":4562},""time"":1729913753152},{""box"":{""left"":6450,""right"":2291,""top"":6949,""bottom"":4562},""time"":1729913753213},{""box"":{""left"":6450,""right"":2291,""top"":6949,""bottom"":4562},""time"":1729913753274},{""box"":{""left"":6450,""right"":2291,""top"":6949,""bottom"":4562},""time"":1729913753325},{""box"":{""left"":6450,""right"":2291,""top"":6949,""bottom"":4562},""time"":1729913753386},{""box"":{""left"":6450,""right"":2291,""top"":6949,""bottom"":4562},""time"":1729913753761},{""box"":{""left"":6450,""right"":2291,""top"":6949,""bottom"":4562},""time"":1729913753874},{""box"":{""left"":6450,""right"":2291,""top"":6949,""bottom"":4562},""time"":1729913754214},{""box"":{""left"":6450,""right"":2291,""top"":6949,""bottom"":4562},""time"":1729913754564},{""box"":{""left"":6450,""right"":2291,""top"":6949,""bottom"":4562},""time"":1729913754625},{""box"":{""left"":6450,""right"":2291,""top"":6949,""bottom"":4562},""time"":1729913754687},{""box"":{""left"":6450,""right"":2291,""top"":6949,""bottom"":4562},""time"":1729913754791},{""box"":{""left"":6450,""right"":2291,""top"":6949,""bottom"":4562},""time"":1729913754863},{""box"":{""left"":6450,""right"":2291,""top"":6949,""bottom"":4562},""time"":1729913754935},{""box"":{""left"":6450,""right"":2291,""top"":6949,""bottom"":4562},""time"":1729913754996},{""box"":{""left"":6450,""right"":2291,""top"":6949,""bottom"":4562},""time"":1729913755097},{""box"":{""left"":6450,""right"":2291,""top"":6949,""bottom"":4562},""time"":1729913755169},{""box"":{""left"":6450,""right"":2291,""top"":6949,""bottom"":4562},""time"":1729913755257},{""box"":{""left"":6450,""right"":2291,""top"":6949,""bottom"":4562},""time"":1729913755319},{""box"":{""left"":6450,""right"":2291,""top"":6949,""bottom"":4562},""time"":1729913755378},{""box"":{""left"":6450,""right"":2291,""top"":6949,""bottom"":4562},""time"":1729913755805},{""box"":{""left"":6450,""right"":2291,""top"":6949,""bottom"":4562},""time"":1729913756200},{""box"":{""left"":6450,""right"":2291,""top"":6949,""bottom"":4562},""time"":1729913756261},{""box"":{""left"":6450,""right"":2291,""top"":6949,""bottom"":4562},""time"":1729913756322},{""box"":{""left"":6450,""right"":2291,""top"":6949,""bottom"":4562},""time"":1729913756374},{""box"":{""left"":6450,""right"":2291,""top"":6949,""bottom"":4562},""time"":1729913756478},{""box"":{""left"":6450,""right"":2291,""top"":6949,""bottom"":4562},""time"":1729913756549},{""box"":{""left"":6450,""right"":2291,""top"":6949,""bottom"":4562},""time"":1729913756611},{""box"":{""left"":6450,""right"":2291,""top"":6949,""bottom"":4562},""time"":1729913756672},{""box"":{""left"":6450,""right"":2291,""top"":6949,""bottom"":4562},""time"":1729913756734},{""box"":{""left"":6450,""right"":2291,""top"":6949,""bottom"":4562},""time"":1729913756785},{""box"":{""left"":6450,""right"":2291,""top"":6949,""bottom"":4562},""time"":1729913756878},{""box"":{""left"":6450,""right"":2291,""top"":6949,""bottom"":4562},""time"":1729913756981},{""box"":{""left"":6450,""right"":2291,""top"":6949,""bottom"":4562},""time"":1729913757043},{""box"":{""left"":6450,""right"":2291,""top"":6949,""bottom"":4562},""time"":1729913757279},{""box"":{""left"":6450,""right"":2291,""top"":6949,""bottom"":4562},""time"":1729913757394},{""box"":{""left"":6450,""right"":2291,""top"":6949,""bottom"":4562},""time"":1729913757508},{""box"":{""left"":6450,""right"":2291,""top"":6949,""bottom"":4562},""time"":1729913757621},{""box"":{""left"":6450,""right"":2291,""top"":6949,""bottom"":4562},""time"":1729913757775},{""box"":{""left"":6450,""right"":2291,""top"":6949,""bottom"":4562},""time"":1729913757826},{""box"":{""left"":6450,""right"":2291,""top"":6949,""bottom"":4562},""time"":1729913757887},{""box"":{""left"":6450,""right"":2291,""top"":6949,""bottom"":4562},""time"":1729913757939},{""box"":{""left"":6450,""right"":2291,""top"":6949,""bottom"":4562},""time"":1729913758066},{""box"":{""left"":6450,""right"":2291,""top"":6949,""bottom"":4562},""time"":1729913758126},{""box"":{""left"":6450,""right"":2291,""top"":6949,""bottom"":4562},""time"":1729913758179},{""box"":{""left"":6450,""right"":2291,""top"":6949,""bottom"":4562},""time"":1729913758230},{""box"":{""left"":6450,""right"":2291,""top"":6949,""bottom"":4562},""time"":1729913758282},{""box"":{""left"":6450,""right"":2291,""top"":6949,""bottom"":4562},""time"":1729913758344},{""box"":{""left"":6450,""right"":2291,""top"":6949,""bottom"":4562},""time"":1729913758406},{""box"":{""left"":6450,""right"":2291,""top"":6949,""bottom"":4562},""time"":1729913758458},{""box"":{""left"":6450,""right"":2291,""top"":6949,""bottom"":4562},""time"":1729913758582},{""box"":{""left"":6450,""right"":2291,""top"":6949,""bottom"":4562},""time"":1729913758633},{""box"":{""left"":6450,""right"":2291,""top"":6949,""bottom"":4562},""time"":1729913758695},{""box"":{""left"":6450,""right"":2291,""top"":6949,""bottom"":4562},""time"":1729913758972},{""box"":{""left"":6450,""right"":2291,""top"":6949,""bottom"":4562},""time"":1729913759033},{""box"":{""left"":6450,""right"":2291,""top"":6949,""bottom"":4562},""time"":1729913759094},{""box"":{""left"":6450,""right"":2291,""top"":6949,""bottom"":4562},""time"":1729913759156},{""box"":{""left"":6450,""right"":2291,""top"":6949,""bottom"":4562},""time"":1729913759207},{""box"":{""left"":6450,""right"":2291,""top"":6949,""bottom"":4562},""time"":1729913759268},{""box"":{""left"":6450,""right"":2291,""top"":6949,""bottom"":4562},""time"":1729913759329},{""box"":{""left"":6450,""right"":2291,""top"":6949,""bottom"":4562},""time"":1729913759382},{""box"":{""left"":6450,""right"":2291,""top"":6949,""bottom"":4562},""time"":1729913759443},{""box"":{""left"":6450,""right"":2291,""top"":6949,""bottom"":4562},""time"":1729913759494},{""box"":{""left"":6450,""right"":2291,""top"":6949,""bottom"":4562},""time"":1729913759556},{""box"":{""left"":6450,""right"":2291,""top"":6949,""bottom"":4562},""time"":1729913759617},{""box"":{""left"":6450,""right"":2291,""top"":6949,""bottom"":4562},""time"":1729913759658},{""box"":{""left"":6450,""right"":2291,""top"":6949,""bottom"":4562},""time"":1729913759729},{""box"":{""left"":6450,""right"":2291,""top"":6949,""bottom"":4562},""time"":1729913759781},{""box"":{""left"":6450,""right"":2291,""top"":6949,""bottom"":4562},""time"":1729913759823},{""box"":{""left"":6450,""right"":2291,""top"":6949,""bottom"":4562},""time"":1729913759895},{""box"":{""left"":6450,""right"":2291,""top"":6949,""bottom"":4562},""time"":1729913759934},{""box"":{""left"":6450,""right"":2291,""top"":6949,""bottom"":4562},""time"":1729913759995},{""box"":{""left"":6450,""right"":2291,""top"":6949,""bottom"":4562},""time"":1729913760058},{""box"":{""left"":6450,""right"":2291,""top"":6949,""bottom"":4562},""time"":1729913760109},{""box"":{""left"":6450,""right"":2291,""top"":6949,""bottom"":4562},""time"":1729913760161},{""box"":{""left"":6450,""right"":2291,""top"":6949,""bottom"":4562},""time"":1729913760213},{""box"":{""left"":6450,""right"":2291,""top"":6949,""bottom"":4562},""time"":1729913760284},{""box"":{""left"":6450,""right"":2291,""top"":6949,""bottom"":4562},""time"":1729913760324},{""box"":{""left"":6450,""right"":2291,""top"":6949,""bottom"":4562},""time"":1729913760396},{""box"":{""left"":6450,""right"":2291,""top"":6949,""bottom"":4562},""time"":1729913760457},{""box"":{""left"":6450,""right"":2291,""top"":6949,""bottom"":4562},""time"":1729913760663},{""box"":{""left"":6450,""right"":2291,""top"":6949,""bottom"":4562},""time"":1729913760684}",,,,,
57051,Person,2024-10-26 12:35:52,2024-10-26 12:36:10,"{""left"":9381,""right"":3906,""top"":9687,""bottom"":5177},{""box"":{""left"":9381,""right"":3906,""top"":9687,""bottom"":5177},""time"":1729913752702},{""box"":{""left"":9381,""right"":3906,""top"":9687,""bottom"":5177},""time"":1729913752765},{""box"":{""left"":9381,""right"":3906,""top"":9687,""bottom"":5177},""time"":1729913752826},{""box"":{""left"":9381,""right"":3906,""top"":9687,""bottom"":5177},""time"":1729913752877},{""box"":{""left"":9381,""right"":3906,""top"":9687,""bottom"":5177},""time"":1729913752938},{""box"":{""left"":9381,""right"":3906,""top"":9687,""bottom"":5177},""time"":1729913752988},{""box"":{""left"":9381,""right"":3906,""top"":9687,""bottom"":5177},""time"":1729913753049},{""box"":{""left"":9381,""right"":3906,""top"":9687,""bottom"":5177},""time"":1729913753111},{""box"":{""left"":9381,""right"":3906,""top"":9687,""bottom"":5177},""time"":1729913753162},{""box"":{""left"":9381,""right"":3906,""top"":9687,""bottom"":5177},""time"":1729913753223},{""box"":{""left"":9381,""right"":3906,""top"":9687,""bottom"":5177},""time"":1729913753284},{""box"":{""left"":9381,""right"":3906,""top"":9687,""bottom"":5177},""time"":1729913753335},{""box"":{""left"":9381,""right"":3906,""top"":9687,""bottom"":5177},""time"":1729913753396},{""box"":{""left"":9381,""right"":3906,""top"":9687,""bottom"":5177},""time"":1729913753771},{""box"":{""left"":9381,""right"":3906,""top"":9687,""bottom"":5177},""time"":1729913753884},{""box"":{""left"":9381,""right"":3906,""top"":9687,""bottom"":5177},""time"":1729913754224},{""box"":{""left"":9381,""right"":3906,""top"":9687,""bottom"":5177},""time"":1729913754574},{""box"":{""left"":9381,""right"":3906,""top"":9687,""bottom"":5177},""time"":1729913754635},{""box"":{""left"":9381,""right"":3906,""top"":9687,""bottom"":5177},""time"":1729913754697},{""box"":{""left"":9381,""right"":3906,""top"":9687,""bottom"":5177},""time"":1729913754801},{""box"":{""left"":9381,""right"":3906,""top"":9687,""bottom"":5177},""time"":1729913754873},{""box"":{""left"":9381,""right"":3906,""top"":9687,""bottom"":5177},""time"":1729913754945},{""box"":{""left"":9381,""right"":3906,""top"":9687,""bottom"":5177},""time"":1729913755006},{""box"":{""left"":9381,""right"":3906,""top"":9687,""bottom"":5177},""time"":1729913755107},{""box"":{""left"":9381,""right"":3906,""top"":9687,""bottom"":5177},""time"":1729913755179},{""box"":{""left"":9381,""right"":3906,""top"":9687,""bottom"":5177},""time"":1729913755267},{""box"":{""left"":9381,""right"":3906,""top"":9687,""bottom"":5177},""time"":1729913755329},{""box"":{""left"":9381,""right"":3906,""top"":9687,""bottom"":5177},""time"":1729913755388},{""box"":{""left"":9381,""right"":3906,""top"":9687,""bottom"":5177},""time"":1729913755866},{""box"":{""left"":9381,""right"":3906,""top"":9687,""bottom"":5177},""time"":1729913755920},{""box"":{""left"":9381,""right"":3906,""top"":9687,""bottom"":5177},""time"":1729913755983},{""box"":{""left"":9381,""right"":3906,""top"":9687,""bottom"":5177},""time"":1729913756035},{""box"":{""left"":9381,""right"":3906,""top"":9687,""bottom"":5177},""time"":1729913756087},{""box"":{""left"":9381,""right"":3906,""top"":9687,""bottom"":5177},""time"":1729913756139},{""box"":{""left"":9381,""right"":3906,""top"":9687,""bottom"":5177},""time"":1729913756210},{""box"":{""left"":9381,""right"":3906,""top"":9687,""bottom"":5177},""time"":1729913756271},{""box"":{""left"":9381,""right"":3906,""top"":9687,""bottom"":5177},""time"":1729913756384},{""box"":{""left"":9381,""right"":3906,""top"":9687,""bottom"":5177},""time"":1729913756488},{""box"":{""left"":9381,""right"":3906,""top"":9687,""bottom"":5177},""time"":1729913756559},{""box"":{""left"":9381,""right"":3906,""top"":9687,""bottom"":5177},""time"":1729913756621},{""box"":{""left"":9381,""right"":3906,""top"":9687,""bottom"":5177},""time"":1729913756682},{""box"":{""left"":9381,""right"":3906,""top"":9687,""bottom"":5177},""time"":1729913756888},{""box"":{""left"":9381,""right"":3906,""top"":9687,""bottom"":5177},""time"":1729913757289},{""box"":{""left"":9381,""right"":3906,""top"":9687,""bottom"":5177},""time"":1729913757404},{""box"":{""left"":9381,""right"":3906,""top"":9687,""bottom"":5177},""time"":1729913757518},{""box"":{""left"":9381,""right"":3906,""top"":9687,""bottom"":5177},""time"":1729913757631},{""box"":{""left"":9381,""right"":3906,""top"":9687,""bottom"":5177},""time"":1729913757785},{""box"":{""left"":9381,""right"":3906,""top"":9687,""bottom"":5177},""time"":1729913757836},{""box"":{""left"":9381,""right"":3906,""top"":9687,""bottom"":5177},""time"":1729913757897},{""box"":{""left"":9381,""right"":3906,""top"":9687,""bottom"":5177},""time"":1729913757950},{""box"":{""left"":9381,""right"":3906,""top"":9687,""bottom"":5177},""time"":1729913758076},{""box"":{""left"":9381,""right"":3906,""top"":9687,""bottom"":5177},""time"":1729913758137},{""box"":{""left"":9381,""right"":3906,""top"":9687,""bottom"":5177},""time"":1729913758189},{""box"":{""left"":9381,""right"":3906,""top"":9687,""bottom"":5177},""time"":1729913758240},{""box"":{""left"":9381,""right"":3906,""top"":9687,""bottom"":5177},""time"":1729913758416},{""box"":{""left"":9381,""right"":3906,""top"":9687,""bottom"":5177},""time"":1729913758468},{""box"":{""left"":9381,""right"":3906,""top"":9687,""bottom"":5177},""time"":1729913758593},{""box"":{""left"":9381,""right"":3906,""top"":9687,""bottom"":5177},""time"":1729913758705},{""box"":{""left"":9381,""right"":3906,""top"":9687,""bottom"":5177},""time"":1729913758758},{""box"":{""left"":9381,""right"":3906,""top"":9687,""bottom"":5177},""time"":1729913758808},{""box"":{""left"":9381,""right"":3906,""top"":9687,""bottom"":5177},""time"":1729913758872},{""box"":{""left"":9381,""right"":3906,""top"":9687,""bottom"":5177},""time"":1729913758920},{""box"":{""left"":9381,""right"":3906,""top"":9687,""bottom"":5177},""time"":1729913758983},{""box"":{""left"":9381,""right"":3906,""top"":9687,""bottom"":5177},""time"":1729913759043},{""box"":{""left"":9381,""right"":3906,""top"":9687,""bottom"":5177},""time"":1729913759105},{""box"":{""left"":9381,""right"":3906,""top"":9687,""bottom"":5177},""time"":1729913759166},{""box"":{""left"":9381,""right"":3906,""top"":9687,""bottom"":5177},""time"":1729913759217},{""box"":{""left"":9381,""right"":3906,""top"":9687,""bottom"":5177},""time"":1729913759278},{""box"":{""left"":9381,""right"":3906,""top"":9687,""bottom"":5177},""time"":1729913759339},{""box"":{""left"":9381,""right"":3906,""top"":9687,""bottom"":5177},""time"":1729913759392},{""box"":{""left"":9381,""right"":3906,""top"":9687,""bottom"":5177},""time"":1729913759504},{""box"":{""left"":9381,""right"":3906,""top"":9687,""bottom"":5177},""time"":1729913759566},{""box"":{""left"":9381,""right"":3906,""top"":9687,""bottom"":5177},""time"":1729913759627},{""box"":{""left"":9381,""right"":3906,""top"":9687,""bottom"":5177},""time"":1729913759668},{""box"":{""left"":9381,""right"":3906,""top"":9687,""bottom"":5177},""time"":1729913759740},{""box"":{""left"":9381,""right"":3906,""top"":9687,""bottom"":5177},""time"":1729913759791},{""box"":{""left"":9381,""right"":3906,""top"":9687,""bottom"":5177},""time"":1729913759833},{""box"":{""left"":9381,""right"":3906,""top"":9687,""bottom"":5177},""time"":1729913759905},{""box"":{""left"":9381,""right"":3906,""top"":9687,""bottom"":5177},""time"":1729913759944},{""box"":{""left"":9381,""right"":3906,""top"":9687,""bottom"":5177},""time"":1729913760068},{""box"":{""left"":9381,""right"":3906,""top"":9687,""bottom"":5177},""time"":1729913760171},{""box"":{""left"":9381,""right"":3906,""top"":9687,""bottom"":5177},""time"":1729913760223},{""box"":{""left"":9381,""right"":3906,""top"":9687,""bottom"":5177},""time"":1729913760294},{""box"":{""left"":9381,""right"":3906,""top"":9687,""bottom"":5177},""time"":1729913760334},{""box"":{""left"":9381,""right"":3906,""top"":9687,""bottom"":5177},""time"":1729913760406},{""box"":{""left"":9381,""right"":3906,""top"":9687,""bottom"":5177},""time"":1729913760467},{""box"":{""left"":9381,""right"":3906,""top"":9687,""bottom"":5177},""time"":1729913760517},{""box"":{""left"":9381,""right"":3906,""top"":9687,""bottom"":5177},""time"":1729913760579},{""box"":{""left"":9381,""right"":3906,""top"":9687,""bottom"":5177},""time"":1729913760631},{""box"":{""left"":9381,""right"":3906,""top"":9687,""bottom"":5177},""time"":1729913760694},{""box"":{""left"":9381,""right"":3906,""top"":9687,""bottom"":5177},""time"":1729913760724},{""box"":{""left"":9381,""right"":3906,""top"":9687,""bottom"":5177},""time"":1729913760786},{""box"":{""left"":9381,""right"":3906,""top"":9687,""bottom"":5177},""time"":1729913760836},{""box"":{""left"":9381,""right"":3906,""top"":9687,""bottom"":5177},""time"":1729913760899},{""box"":{""left"":9381,""right"":3906,""top"":9687,""bottom"":5177},""time"":1729913760949},{""box"":{""left"":9381,""right"":3906,""top"":9687,""bottom"":5177},""time"":1729913761021},{""box"":{""left"":9381,""right"":3906,""top"":9687,""bottom"":5177},""time"":1729913761081},{""box"":{""left"":9381,""right"":3906,""top"":9687,""bottom"":5177},""time"":1729913761133},{""box"":{""left"":9381,""right"":3906,""top"":9687,""bottom"":5177},""time"":1729913761195},{""box"":{""left"":9381,""right"":3906,""top"":9687,""bottom"":5177},""time"":1729913761245},{""box"":{""left"":9381,""right"":3906,""top"":9687,""bottom"":5177},""time"":1729913761309},{""box"":{""left"":9381,""right"":3906,""top"":9687,""bottom"":5177},""time"":1729913761360},{""box"":{""left"":9381,""right"":3906,""top"":9687,""bottom"":5177},""time"":1729913761421},{""box"":{""left"":9381,""right"":3906,""top"":9687,""bottom"":5177},""time"":1729913761474},{""box"":{""left"":9381,""right"":3906,""top"":9687,""bottom"":5177},""time"":1729913761585},{""box"":{""left"":9381,""right"":3906,""top"":9687,""bottom"":5177},""time"":1729913761625},{""box"":{""left"":9381,""right"":3906,""top"":9687,""bottom"":5177},""time"":1729913761696},{""box"":{""left"":9381,""right"":3906,""top"":9687,""bottom"":5177},""time"":1729913761757},{""box"":{""left"":9381,""right"":3906,""top"":9687,""bottom"":5177},""time"":1729913761809},{""box"":{""left"":9381,""right"":3906,""top"":9687,""bottom"":5177},""time"":1729913761870},{""box"":{""left"":9381,""right"":3906,""top"":9687,""bottom"":5177},""time"":1729913761920},{""box"":{""left"":9381,""right"":3906,""top"":9687,""bottom"":5177},""time"":1729913761982},{""box"":{""left"":9381,""right"":3906,""top"":9687,""bottom"":5177},""time"":1729913762032},{""box"":{""left"":9381,""right"":3906,""top"":9687,""bottom"":5177},""time"":1729913762095},{""box"":{""left"":9381,""right"":3906,""top"":9687,""bottom"":5177},""time"":1729913762156},{""box"":{""left"":9381,""right"":3906,""top"":9687,""bottom"":5177},""time"":1729913762206},{""box"":{""left"":9381,""right"":3906,""top"":9687,""bottom"":5177},""time"":1729913762268},{""box"":{""left"":9381,""right"":3906,""top"":9687,""bottom"":5177},""time"":1729913762329},{""box"":{""left"":9381,""right"":3906,""top"":9687,""bottom"":5177},""time"":1729913762380},{""box"":{""left"":9381,""right"":3906,""top"":9687,""bottom"":5177},""time"":1729913762432},{""box"":{""left"":9381,""right"":3906,""top"":9687,""bottom"":5177},""time"":1729913762492},{""box"":{""left"":9381,""right"":3906,""top"":9687,""bottom"":5177},""time"":1729913762593},{""box"":{""left"":9381,""right"":3906,""top"":9687,""bottom"":5177},""time"":1729913762614},{""box"":{""left"":9381,""right"":3906,""top"":9687,""bottom"":5177},""time"":1729913762665},{""box"":{""left"":9381,""right"":3906,""top"":9687,""bottom"":5177},""time"":1729913762726},{""box"":{""left"":9381,""right"":3906,""top"":9687,""bottom"":5177},""time"":1729913762777},{""box"":{""left"":9381,""right"":3906,""top"":9687,""bottom"":5177},""time"":1729913762817},{""box"":{""left"":9381,""right"":3906,""top"":9687,""bottom"":5177},""time"":1729913762838},{""box"":{""left"":9381,""right"":3906,""top"":9687,""bottom"":5177},""time"":1729913762889},{""box"":{""left"":9381,""right"":3906,""top"":9687,""bottom"":5177},""time"":1729913763000},{""box"":{""left"":9381,""right"":3906,""top"":9687,""bottom"":5177},""time"":1729913763051},{""box"":{""left"":9381,""right"":3906,""top"":9687,""bottom"":5177},""time"":1729913763072},{""box"":{""left"":9381,""right"":3906,""top"":9687,""bottom"":5177},""time"":1729913763114},{""box"":{""left"":9381,""right"":3906,""top"":9687,""bottom"":5177},""time"":1729913763153},{""box"":{""left"":9381,""right"":3906,""top"":9687,""bottom"":5177},""time"":1729913763174},{""box"":{""left"":9381,""right"":3906,""top"":9687,""bottom"":5177},""time"":1729913763227},{""box"":{""left"":9381,""right"":3906,""top"":9687,""bottom"":5177},""time"":1729913763278},{""box"":{""left"":9381,""right"":3906,""top"":9687,""bottom"":5177},""time"":1729913763299},{""box"":{""left"":9381,""right"":3906,""top"":9687,""bottom"":5177},""time"":1729913763389},{""box"":{""left"":9381,""right"":3906,""top"":9687,""bottom"":5177},""time"":1729913763410},{""box"":{""left"":9381,""right"":3906,""top"":9687,""bottom"":5177},""time"":1729913763464},{""box"":{""left"":9381,""right"":3906,""top"":9687,""bottom"":5177},""time"":1729913763525},{""box"":{""left"":9381,""right"":3906,""top"":9687,""bottom"":5177},""time"":1729913763575},{""box"":{""left"":9381,""right"":3906,""top"":9687,""bottom"":5177},""time"":1729913763697},{""box"":{""left"":9381,""right"":3906,""top"":9687,""bottom"":5177},""time"":1729913763739},{""box"":{""left"":9381,""right"":3906,""top"":9687,""bottom"":5177},""time"":1729913763760},{""box"":{""left"":9381,""right"":3906,""top"":9687,""bottom"":5177},""time"":1729913763799},{""box"":{""left"":9381,""right"":3906,""top"":9687,""bottom"":5177},""time"":1729913763820},{""box"":{""left"":9381,""right"":3906,""top"":9687,""bottom"":5177},""time"":1729913763861},{""box"":{""left"":9381,""right"":3906,""top"":9687,""bottom"":5177},""time"":1729913763914},{""box"":{""left"":9381,""right"":3906,""top"":9687,""bottom"":5177},""time"":1729913763974},{""box"":{""left"":9381,""right"":3906,""top"":9687,""bottom"":5177},""time"":1729913764025},{""box"":{""left"":9381,""right"":3906,""top"":9687,""bottom"":5177},""time"":1729913764076},{""box"":{""left"":9381,""right"":3906,""top"":9687,""bottom"":5177},""time"":1729913764137},{""box"":{""left"":9381,""right"":3906,""top"":9687,""bottom"":5177},""time"":1729913764189},{""box"":{""left"":9381,""right"":3906,""top"":9687,""bottom"":5177},""time"":1729913764228},{""box"":{""left"":9381,""right"":3906,""top"":9687,""bottom"":5177},""time"":1729913764249},{""box"":{""left"":9381,""right"":3906,""top"":9687,""bottom"":5177},""time"":1729913764302},{""box"":{""left"":9381,""right"":3906,""top"":9687,""bottom"":5177},""time"":1729913764415},{""box"":{""left"":9381,""right"":3906,""top"":9687,""bottom"":5177},""time"":1729913764475},{""box"":{""left"":9381,""right"":3906,""top"":9687,""bottom"":5177},""time"":1729913764526},{""box"":{""left"":9381,""right"":3906,""top"":9687,""bottom"":5177},""time"":1729913764578},{""box"":{""left"":9381,""right"":3906,""top"":9687,""bottom"":5177},""time"":1729913764599},{""box"":{""left"":9381,""right"":3906,""top"":9687,""bottom"":5177},""time"":1729913764937},{""box"":{""left"":9381,""right"":3906,""top"":9687,""bottom"":5177},""time"":1729913764989},{""box"":{""left"":9381,""right"":3906,""top"":9687,""bottom"":5177},""time"":1729913765091},{""box"":{""left"":9381,""right"":3906,""top"":9687,""bottom"":5177},""time"":1729913765144},{""box"":{""left"":9381,""right"":3906,""top"":9687,""bottom"":5177},""time"":1729913765164},{""box"":{""left"":9381,""right"":3906,""top"":9687,""bottom"":5177},""time"":1729913765206},{""box"":{""left"":9381,""right"":3906,""top"":9687,""bottom"":5177},""time"":1729913765227},{""box"":{""left"":9381,""right"":3906,""top"":9687,""bottom"":5177},""time"":1729913765277},{""box"":{""left"":9381,""right"":3906,""top"":9687,""bottom"":5177},""time"":1729913765340},{""box"":{""left"":9381,""right"":3906,""top"":9687,""bottom"":5177},""time"":1729913765402},{""box"":{""left"":9381,""right"":3906,""top"":9687,""bottom"":5177},""time"":1729913765464},{""box"":{""left"":9381,""right"":3906,""top"":9687,""bottom"":5177},""time"":1729913765526},{""box"":{""left"":9381,""right"":3906,""top"":9687,""bottom"":5177},""time"":1729913765588},{""box"":{""left"":9381,""right"":3906,""top"":9687,""bottom"":5177},""time"":1729913765649},{""box"":{""left"":9381,""right"":3906,""top"":9687,""bottom"":5177},""time"":1729913765690},{""box"":{""left"":9381,""right"":3906,""top"":9687,""bottom"":5177},""time"":1729913765711},{""box"":{""left"":9381,""right"":3906,""top"":9687,""bottom"":5177},""time"":1729913765753},{""box"":{""left"":9381,""right"":3906,""top"":9687,""bottom"":5177},""time"":1729913765773},{""box"":{""left"":9381,""right"":3906,""top"":9687,""bottom"":5177},""time"":1729913765815},{""box"":{""left"":9381,""right"":3906,""top"":9687,""bottom"":5177},""time"":1729913765856},{""box"":{""left"":9381,""right"":3906,""top"":9687,""bottom"":5177},""time"":1729913765877},{""box"":{""left"":9381,""right"":3906,""top"":9687,""bottom"":5177},""time"":1729913765912},{""box"":{""left"":9381,""right"":3906,""top"":9687,""bottom"":5177},""time"":1729913765953},{""box"":{""left"":9381,""right"":3906,""top"":9687,""bottom"":5177},""time"":1729913765974},{""box"":{""left"":9381,""right"":3906,""top"":9687,""bottom"":5177},""time"":1729913766025},{""box"":{""left"":9381,""right"":3906,""top"":9687,""bottom"":5177},""time"":1729913766079},{""box"":{""left"":9381,""right"":3906,""top"":9687,""bottom"":5177},""time"":1729913766130},{""box"":{""left"":9381,""right"":3906,""top"":9687,""bottom"":5177},""time"":1729913766191},{""box"":{""left"":9381,""right"":3906,""top"":9687,""bottom"":5177},""time"":1729913766304},{""box"":{""left"":9381,""right"":3906,""top"":9687,""bottom"":5177},""time"":1729913766364},{""box"":{""left"":9381,""right"":3906,""top"":9687,""bottom"":5177},""time"":1729913766417},{""box"":{""left"":9381,""right"":3906,""top"":9687,""bottom"":5177},""time"":1729913766480},{""box"":{""left"":9381,""right"":3906,""top"":9687,""bottom"":5177},""time"":1729913767259},{""box"":{""left"":9381,""right"":3906,""top"":9687,""bottom"":5177},""time"":1729913767321},{""box"":{""left"":9381,""right"":3906,""top"":9687,""bottom"":5177},""time"":1729913767374},{""box"":{""left"":9381,""right"":3906,""top"":9687,""bottom"":5177},""time"":1729913767434},{""box"":{""left"":9381,""right"":3906,""top"":9687,""bottom"":5177},""time"":1729913767444},{""box"":{""left"":9381,""right"":3906,""top"":9687,""bottom"":5177},""time"":1729913767491},{""box"":{""left"":9381,""right"":3906,""top"":9687,""bottom"":5177},""time"":1729913767543},{""box"":{""left"":9381,""right"":3906,""top"":9687,""bottom"":5177},""time"":1729913767600},{""box"":{""left"":9381,""right"":3906,""top"":9687,""bottom"":5177},""time"":1729913767610},{""box"":{""left"":9381,""right"":3906,""top"":9687,""bottom"":5177},""time"":1729913767662},{""box"":{""left"":9381,""right"":3906,""top"":9687,""bottom"":5177},""time"":1729913767683},{""box"":{""left"":9381,""right"":3906,""top"":9687,""bottom"":5177},""time"":1729913767759},{""box"":{""left"":9381,""right"":3906,""top"":9687,""bottom"":5177},""time"":1729913767780},{""box"":{""left"":9381,""right"":3906,""top"":9687,""bottom"":5177},""time"":1729913767944},{""box"":{""left"":9381,""right"":3906,""top"":9687,""bottom"":5177},""time"":1729913767966},{""box"":{""left"":9381,""right"":3906,""top"":9687,""bottom"":5177},""time"":1729913768029},{""box"":{""left"":9381,""right"":3906,""top"":9687,""bottom"":5177},""time"":1729913768082},{""box"":{""left"":9381,""right"":3906,""top"":9687,""bottom"":5177},""time"":1729913768136},{""box"":{""left"":9381,""right"":3906,""top"":9687,""bottom"":5177},""time"":1729913768189},{""box"":{""left"":9381,""right"":3906,""top"":9687,""bottom"":5177},""time"":1729913768438},{""box"":{""left"":9381,""right"":3906,""top"":9687,""bottom"":5177},""time"":1729913768460},{""box"":{""left"":9381,""right"":3906,""top"":9687,""bottom"":5177},""time"":1729913768523},{""box"":{""left"":9381,""right"":3906,""top"":9687,""bottom"":5177},""time"":1729913768586},{""box"":{""left"":9381,""right"":3906,""top"":9687,""bottom"":5177},""time"":1729913768649},{""box"":{""left"":9381,""right"":3906,""top"":9687,""bottom"":5177},""time"":1729913768712},{""box"":{""left"":9381,""right"":3906,""top"":9687,""bottom"":5177},""time"":1729913768775},{""box"":{""left"":9381,""right"":3906,""top"":9687,""bottom"":5177},""time"":1729913768829},{""box"":{""left"":9381,""right"":3906,""top"":9687,""bottom"":5177},""time"":1729913768872},{""box"":{""left"":9381,""right"":3906,""top"":9687,""bottom"":5177},""time"":1729913768893},{""box"":{""left"":9381,""right"":3906,""top"":9687,""bottom"":5177},""time"":1729913768951},{""box"":{""left"":9381,""right"":3906,""top"":9687,""bottom"":5177},""time"":1729913769005},{""box"":{""left"":9381,""right"":3906,""top"":9687,""bottom"":5177},""time"":1729913769058},{""box"":{""left"":9381,""right"":3906,""top"":9687,""bottom"":5177},""time"":1729913769112},{""box"":{""left"":9381,""right"":3906,""top"":9687,""bottom"":5177},""time"":1729913769166},{""box"":{""left"":9381,""right"":3906,""top"":9687,""bottom"":5177},""time"":1729913769220},{""box"":{""left"":9381,""right"":3906,""top"":9687,""bottom"":5177},""time"":1729913769302},{""box"":{""left"":9381,""right"":3906,""top"":9687,""bottom"":5177},""time"":1729913769364},{""box"":{""left"":9381,""right"":3906,""top"":9687,""bottom"":5177},""time"":1729913769418},{""box"":{""left"":9381,""right"":3906,""top"":9687,""bottom"":5177},""time"":1729913769478},{""box"":{""left"":9381,""right"":3906,""top"":9687,""bottom"":5177},""time"":1729913769539},{""box"":{""left"":9381,""right"":3906,""top"":9687,""bottom"":5177},""time"":1729913769591},{""box"":{""left"":9381,""right"":3906,""top"":9687,""bottom"":5177},""time"":1729913769693},{""box"":{""left"":9381,""right"":3906,""top"":9687,""bottom"":5177},""time"":1729913770941},{""box"":{""left"":9381,""right"":3906,""top"":9687,""bottom"":5177},""time"":1729913770963}",,,,,
57052,Person,2024-10-26 12:35:55,2024-10-26 12:35:58,"{""left"":9114,""right"":5596,""top"":9636,""bottom"":7387},{""box"":{""left"":9114,""right"":5596,""top"":9636,""bottom"":7387},""time"":1729913755815},{""box"":{""left"":9114,""right"":5596,""top"":9636,""bottom"":7387},""time"":1729913755876},{""box"":{""left"":9114,""right"":5596,""top"":9636,""bottom"":7387},""time"":1729913755993},{""box"":{""left"":9114,""right"":5596,""top"":9636,""bottom"":7387},""time"":1729913756631},{""box"":{""left"":9114,""right"":5596,""top"":9636,""bottom"":7387},""time"":1729913756692},{""box"":{""left"":9114,""right"":5596,""top"":9636,""bottom"":7387},""time"":1729913756744},{""box"":{""left"":9114,""right"":5596,""top"":9636,""bottom"":7387},""time"":1729913756795},{""box"":{""left"":9114,""right"":5596,""top"":9636,""bottom"":7387},""time"":1729913756898},{""box"":{""left"":9114,""right"":5596,""top"":9636,""bottom"":7387},""time"":1729913756991},{""box"":{""left"":9114,""right"":5596,""top"":9636,""bottom"":7387},""time"":1729913757053},{""box"":{""left"":9114,""right"":5596,""top"":9636,""bottom"":7387},""time"":1729913757300},{""box"":{""left"":9114,""right"":5596,""top"":9636,""bottom"":7387},""time"":1729913757414},{""box"":{""left"":9114,""right"":5596,""top"":9636,""bottom"":7387},""time"":1729913757528},{""box"":{""left"":9114,""right"":5596,""top"":9636,""bottom"":7387},""time"":1729913757641},{""box"":{""left"":9114,""right"":5596,""top"":9636,""bottom"":7387},""time"":1729913757795},{""box"":{""left"":9114,""right"":5596,""top"":9636,""bottom"":7387},""time"":1729913757846},{""box"":{""left"":9114,""right"":5596,""top"":9636,""bottom"":7387},""time"":1729913757907},{""box"":{""left"":9114,""right"":5596,""top"":9636,""bottom"":7387},""time"":1729913757960},{""box"":{""left"":9114,""right"":5596,""top"":9636,""bottom"":7387},""time"":1729913758086},{""box"":{""left"":9114,""right"":5596,""top"":9636,""bottom"":7387},""time"":1729913758147},{""box"":{""left"":9114,""right"":5596,""top"":9636,""bottom"":7387},""time"":1729913758199},{""box"":{""left"":9114,""right"":5596,""top"":9636,""bottom"":7387},""time"":1729913758250},{""box"":{""left"":9114,""right"":5596,""top"":9636,""bottom"":7387},""time"":1729913758426},{""box"":{""left"":9114,""right"":5596,""top"":9636,""bottom"":7387},""time"":1729913758478},{""box"":{""left"":9114,""right"":5596,""top"":9636,""bottom"":7387},""time"":1729913758603}",,,,,
57055,Person,2024-10-26 12:36:04,2024-10-26 12:36:06,"{""left"":6130,""right"":2417,""top"":6605,""bottom"":4443},{""box"":{""left"":6130,""right"":2417,""top"":6605,""bottom"":4443},""time"":1729913765101},{""box"":{""left"":6130,""right"":2417,""top"":6605,""bottom"":4443},""time"":1729913765174},{""box"":{""left"":6130,""right"":2417,""top"":6605,""bottom"":4443},""time"":1729913765238},{""box"":{""left"":6130,""right"":2417,""top"":6605,""bottom"":4443},""time"":1729913765287},{""box"":{""left"":6130,""right"":2417,""top"":6605,""bottom"":4443},""time"":1729913765350},{""box"":{""left"":6130,""right"":2417,""top"":6605,""bottom"":4443},""time"":1729913765412},{""box"":{""left"":6130,""right"":2417,""top"":6605,""bottom"":4443},""time"":1729913765474},{""box"":{""left"":6130,""right"":2417,""top"":6605,""bottom"":4443},""time"":1729913765537},{""box"":{""left"":6130,""right"":2417,""top"":6605,""bottom"":4443},""time"":1729913765598},{""box"":{""left"":6130,""right"":2417,""top"":6605,""bottom"":4443},""time"":1729913765660},{""box"":{""left"":6130,""right"":2417,""top"":6605,""bottom"":4443},""time"":1729913765722},{""box"":{""left"":6130,""right"":2417,""top"":6605,""bottom"":4443},""time"":1729913765825},{""box"":{""left"":6130,""right"":2417,""top"":6605,""bottom"":4443},""time"":1729913765921},{""box"":{""left"":6130,""right"":2417,""top"":6605,""bottom"":4443},""time"":1729913765983},{""box"":{""left"":6130,""right"":2417,""top"":6605,""bottom"":4443},""time"":1729913766035},{""box"":{""left"":6130,""right"":2417,""top"":6605,""bottom"":4443},""time"":1729913766089},{""box"":{""left"":6130,""right"":2417,""top"":6605,""bottom"":4443},""time"":1729913766141}",,,,,
57056,Person,2024-10-26 12:36:05,2024-10-26 12:36:05,"{""left"":9225,""right"":4895,""top"":9617,""bottom"":6250}",,,,,
57057,Person,2024-10-26 12:36:05,2024-10-26 12:37:21,"{""left"":8862,""right"":6958,""top"":10000,""bottom"":9979},{""box"":{""left"":8862,""right"":6958,""top"":10000,""bottom"":9979},""time"":1729913765556},{""box"":{""left"":8862,""right"":6958,""top"":10000,""bottom"":9979},""time"":1729913765618},{""box"":{""left"":8862,""right"":6958,""top"":10000,""bottom"":9979},""time"":1729913765669},{""box"":{""left"":8862,""right"":6958,""top"":10000,""bottom"":9979},""time"":1729913765731},{""box"":{""left"":8862,""right"":6958,""top"":10000,""bottom"":9979},""time"":1729913765835},{""box"":{""left"":8862,""right"":6958,""top"":10000,""bottom"":9979},""time"":1729913765932},{""box"":{""left"":8862,""right"":6958,""top"":10000,""bottom"":9979},""time"":1729913765994},{""box"":{""left"":8862,""right"":6958,""top"":10000,""bottom"":9979},""time"":1729913766099},{""box"":{""left"":8862,""right"":6958,""top"":10000,""bottom"":9979},""time"":1729913766150},{""box"":{""left"":8862,""right"":6958,""top"":10000,""bottom"":9979},""time"":1729913766201},{""box"":{""left"":8862,""right"":6958,""top"":10000,""bottom"":9979},""time"":1729913766314},{""box"":{""left"":8862,""right"":6958,""top"":10000,""bottom"":9979},""time"":1729913766427},{""box"":{""left"":8862,""right"":6958,""top"":10000,""bottom"":9979},""time"":1729913767270},{""box"":{""left"":8862,""right"":6958,""top"":10000,""bottom"":9979},""time"":1729913767331},{""box"":{""left"":8862,""right"":6958,""top"":10000,""bottom"":9979},""time"":1729913767384},{""box"":{""left"":8862,""right"":6958,""top"":10000,""bottom"":9979},""time"":1729913767455},{""box"":{""left"":8862,""right"":6958,""top"":10000,""bottom"":9979},""time"":1729913767501},{""box"":{""left"":8862,""right"":6958,""top"":10000,""bottom"":9979},""time"":1729913767553},{""box"":{""left"":8862,""right"":6958,""top"":10000,""bottom"":9979},""time"":1729913767621},{""box"":{""left"":8862,""right"":6958,""top"":10000,""bottom"":9979},""time"":1729913768470},{""box"":{""left"":8862,""right"":6958,""top"":10000,""bottom"":9979},""time"":1729913768533},{""box"":{""left"":8862,""right"":6958,""top"":10000,""bottom"":9979},""time"":1729913768596},{""box"":{""left"":8862,""right"":6958,""top"":10000,""bottom"":9979},""time"":1729913768659},{""box"":{""left"":8862,""right"":6958,""top"":10000,""bottom"":9979},""time"":1729913768723},{""box"":{""left"":8862,""right"":6958,""top"":10000,""bottom"":9979},""time"":1729913769994},{""box"":{""left"":8862,""right"":6958,""top"":10000,""bottom"":9979},""time"":1729913770046},{""box"":{""left"":8862,""right"":6958,""top"":10000,""bottom"":9979},""time"":1729913770109},{""box"":{""left"":8862,""right"":6958,""top"":10000,""bottom"":9979},""time"":1729913770162},{""box"":{""left"":8862,""right"":6958,""top"":10000,""bottom"":9979},""time"":1729913770214},{""box"":{""left"":8862,""right"":6958,""top"":10000,""bottom"":9979},""time"":1729913770282},{""box"":{""left"":8862,""right"":6958,""top"":10000,""bottom"":9979},""time"":1729913770345},{""box"":{""left"":8862,""right"":6958,""top"":10000,""bottom"":9979},""time"":1729913770408},{""box"":{""left"":8862,""right"":6958,""top"":10000,""bottom"":9979},""time"":1729913770460},{""box"":{""left"":8862,""right"":6958,""top"":10000,""bottom"":9979},""time"":1729913770513},{""box"":{""left"":8862,""right"":6958,""top"":10000,""bottom"":9979},""time"":1729913770565},{""box"":{""left"":8862,""right"":6958,""top"":10000,""bottom"":9979},""time"":1729913770628},{""box"":{""left"":8862,""right"":6958,""top"":10000,""bottom"":9979},""time"":1729913770681},{""box"":{""left"":8862,""right"":6958,""top"":10000,""bottom"":9979},""time"":1729913770733},{""box"":{""left"":8862,""right"":6958,""top"":10000,""bottom"":9979},""time"":1729913770787},{""box"":{""left"":8862,""right"":6958,""top"":10000,""bottom"":9979},""time"":1729913770839},{""box"":{""left"":8862,""right"":6958,""top"":10000,""bottom"":9979},""time"":1729913771015},{""box"":{""left"":8862,""right"":6958,""top"":10000,""bottom"":9979},""time"":1729913771079},{""box"":{""left"":8862,""right"":6958,""top"":10000,""bottom"":9979},""time"":1729913771131},{""box"":{""left"":8862,""right"":6958,""top"":10000,""bottom"":9979},""time"":1729913771194},{""box"":{""left"":8862,""right"":6958,""top"":10000,""bottom"":9979},""time"":1729913771258},{""box"":{""left"":8862,""right"":6958,""top"":10000,""bottom"":9979},""time"":1729913771310},{""box"":{""left"":8862,""right"":6958,""top"":10000,""bottom"":9979},""time"":1729913771342},{""box"":{""left"":8862,""right"":6958,""top"":10000,""bottom"":9979},""time"":1729913771403},{""box"":{""left"":8862,""right"":6958,""top"":10000,""bottom"":9979},""time"":1729913771464},{""box"":{""left"":8862,""right"":6958,""top"":10000,""bottom"":9979},""time"":1729913771528},{""box"":{""left"":8862,""right"":6958,""top"":10000,""bottom"":9979},""time"":1729913771591},{""box"":{""left"":8862,""right"":6958,""top"":10000,""bottom"":9979},""time"":1729913771644},{""box"":{""left"":8862,""right"":6958,""top"":10000,""bottom"":9979},""time"":1729913771696},{""box"":{""left"":8862,""right"":6958,""top"":10000,""bottom"":9979},""time"":1729913771755},{""box"":{""left"":8862,""right"":6958,""top"":10000,""bottom"":9979},""time"":1729913771817},{""box"":{""left"":8862,""right"":6958,""top"":10000,""bottom"":9979},""time"":1729913771865},{""box"":{""left"":8862,""right"":6958,""top"":10000,""bottom"":9979},""time"":1729913771920},{""box"":{""left"":8862,""right"":6958,""top"":10000,""bottom"":9979},""time"":1729913771971},{""box"":{""left"":8862,""right"":6958,""top"":10000,""bottom"":9979},""time"":1729913772034},{""box"":{""left"":8862,""right"":6958,""top"":10000,""bottom"":9979},""time"":1729913772095},{""box"":{""left"":8862,""right"":6958,""top"":10000,""bottom"":9979},""time"":1729913772149},{""box"":{""left"":8862,""right"":6958,""top"":10000,""bottom"":9979},""time"":1729913772208},{""box"":{""left"":8862,""right"":6958,""top"":10000,""bottom"":9979},""time"":1729913772269},{""box"":{""left"":8862,""right"":6958,""top"":10000,""bottom"":9979},""time"":1729913772324},{""box"":{""left"":8862,""right"":6958,""top"":10000,""bottom"":9979},""time"":1729913772395},{""box"":{""left"":8862,""right"":6958,""top"":10000,""bottom"":9979},""time"":1729913772459},{""box"":{""left"":8862,""right"":6958,""top"":10000,""bottom"":9979},""time"":1729913772513},{""box"":{""left"":8862,""right"":6958,""top"":10000,""bottom"":9979},""time"":1729913772567},{""box"":{""left"":8862,""right"":6958,""top"":10000,""bottom"":9979},""time"":1729913772632},{""box"":{""left"":8862,""right"":6958,""top"":10000,""bottom"":9979},""time"":1729913772675},{""box"":{""left"":8862,""right"":6958,""top"":10000,""bottom"":9979},""time"":1729913772728},{""box"":{""left"":8862,""right"":6958,""top"":10000,""bottom"":9979},""time"":1729913772786},{""box"":{""left"":8862,""right"":6958,""top"":10000,""bottom"":9979},""time"":1729913772840},{""box"":{""left"":8862,""right"":6958,""top"":10000,""bottom"":9979},""time"":1729913772900},{""box"":{""left"":8862,""right"":6958,""top"":10000,""bottom"":9979},""time"":1729913772963},{""box"":{""left"":8862,""right"":6958,""top"":10000,""bottom"":9979},""time"":1729913773017},{""box"":{""left"":8862,""right"":6958,""top"":10000,""bottom"":9979},""time"":1729913773081},{""box"":{""left"":8862,""right"":6958,""top"":10000,""bottom"":9979},""time"":1729913773148},{""box"":{""left"":8862,""right"":6958,""top"":10000,""bottom"":9979},""time"":1729913773202},{""box"":{""left"":8862,""right"":6958,""top"":10000,""bottom"":9979},""time"":1729913773255},{""box"":{""left"":8862,""right"":6958,""top"":10000,""bottom"":9979},""time"":1729913773297},{""box"":{""left"":8862,""right"":6958,""top"":10000,""bottom"":9979},""time"":1729913773354},{""box"":{""left"":8862,""right"":6958,""top"":10000,""bottom"":9979},""time"":1729913773426},{""box"":{""left"":8862,""right"":6958,""top"":10000,""bottom"":9979},""time"":1729913773483},{""box"":{""left"":8862,""right"":6958,""top"":10000,""bottom"":9979},""time"":1729913773537},{""box"":{""left"":8862,""right"":6958,""top"":10000,""bottom"":9979},""time"":1729913773598},{""box"":{""left"":8862,""right"":6958,""top"":10000,""bottom"":9979},""time"":1729913773668},{""box"":{""left"":8862,""right"":6958,""top"":10000,""bottom"":9979},""time"":1729913773953},{""box"":{""left"":8862,""right"":6958,""top"":10000,""bottom"":9979},""time"":1729913774090},{""box"":{""left"":8862,""right"":6958,""top"":10000,""bottom"":9979},""time"":1729913774159},{""box"":{""left"":8862,""right"":6958,""top"":10000,""bottom"":9979},""time"":1729913774244},{""box"":{""left"":8862,""right"":6958,""top"":10000,""bottom"":9979},""time"":1729913774329},{""box"":{""left"":8862,""right"":6958,""top"":10000,""bottom"":9979},""time"":1729913774393},{""box"":{""left"":8862,""right"":6958,""top"":10000,""bottom"":9979},""time"":1729913774467},{""box"":{""left"":8862,""right"":6958,""top"":10000,""bottom"":9979},""time"":1729913774531},{""box"":{""left"":8862,""right"":6958,""top"":10000,""bottom"":9979},""time"":1729913774593},{""box"":{""left"":8862,""right"":6958,""top"":10000,""bottom"":9979},""time"":1729913774645},{""box"":{""left"":8862,""right"":6958,""top"":10000,""bottom"":9979},""time"":1729913774673},{""box"":{""left"":8862,""right"":6958,""top"":10000,""bottom"":9979},""time"":1729913774700},{""box"":{""left"":8862,""right"":6958,""top"":10000,""bottom"":9979},""time"":1729913774728},{""box"":{""left"":8862,""right"":6958,""top"":10000,""bottom"":9979},""time"":1729913774761},{""box"":{""left"":8862,""right"":6958,""top"":10000,""bottom"":9979},""time"":1729913774813},{""box"":{""left"":8862,""right"":6958,""top"":10000,""bottom"":9979},""time"":1729913774873},{""box"":{""left"":8862,""right"":6958,""top"":10000,""bottom"":9979},""time"":1729913774926},{""box"":{""left"":8862,""right"":6958,""top"":10000,""bottom"":9979},""time"":1729913774985},{""box"":{""left"":8862,""right"":6958,""top"":10000,""bottom"":9979},""time"":1729913775048},{""box"":{""left"":8862,""right"":6958,""top"":10000,""bottom"":9979},""time"":1729913775117},{""box"":{""left"":8862,""right"":6958,""top"":10000,""bottom"":9979},""time"":1729913775180},{""box"":{""left"":8862,""right"":6958,""top"":10000,""bottom"":9979},""time"":1729913775248},{""box"":{""left"":8862,""right"":6958,""top"":10000,""bottom"":9979},""time"":1729913775317},{""box"":{""left"":8862,""right"":6958,""top"":10000,""bottom"":9979},""time"":1729913775364},{""box"":{""left"":8862,""right"":6958,""top"":10000,""bottom"":9979},""time"":1729913775437},{""box"":{""left"":8862,""right"":6958,""top"":10000,""bottom"":9979},""time"":1729913775510},{""box"":{""left"":8862,""right"":6958,""top"":10000,""bottom"":9979},""time"":1729913775562},{""box"":{""left"":8862,""right"":6958,""top"":10000,""bottom"":9979},""time"":1729913775615},{""box"":{""left"":8862,""right"":6958,""top"":10000,""bottom"":9979},""time"":1729913775667},{""box"":{""left"":8862,""right"":6958,""top"":10000,""bottom"":9979},""time"":1729913775694},{""box"":{""left"":8862,""right"":6958,""top"":10000,""bottom"":9979},""time"":1729913775727},{""box"":{""left"":8862,""right"":6958,""top"":10000,""bottom"":9979},""time"":1729913775778},{""box"":{""left"":8862,""right"":6958,""top"":10000,""bottom"":9979},""time"":1729913775839},{""box"":{""left"":8862,""right"":6958,""top"":10000,""bottom"":9979},""time"":1729913775893},{""box"":{""left"":8862,""right"":6958,""top"":10000,""bottom"":9979},""time"":1729913775953},{""box"":{""left"":8862,""right"":6958,""top"":10000,""bottom"":9979},""time"":1729913776006},{""box"":{""left"":8862,""right"":6958,""top"":10000,""bottom"":9979},""time"":1729913776067},{""box"":{""left"":8862,""right"":6958,""top"":10000,""bottom"":9979},""time"":1729913776119},{""box"":{""left"":8862,""right"":6958,""top"":10000,""bottom"":9979},""time"":1729913776182},{""box"":{""left"":8862,""right"":6958,""top"":10000,""bottom"":9979},""time"":1729913776235},{""box"":{""left"":8862,""right"":6958,""top"":10000,""bottom"":9979},""time"":1729913776293},{""box"":{""left"":8862,""right"":6958,""top"":10000,""bottom"":9979},""time"":1729913776354},{""box"":{""left"":8862,""right"":6958,""top"":10000,""bottom"":9979},""time"":1729913776407},{""box"":{""left"":8862,""right"":6958,""top"":10000,""bottom"":9979},""time"":1729913776478},{""box"":{""left"":8862,""right"":6958,""top"":10000,""bottom"":9979},""time"":1729913776541},{""box"":{""left"":8862,""right"":6958,""top"":10000,""bottom"":9979},""time"":1729913776621},{""box"":{""left"":8862,""right"":6958,""top"":10000,""bottom"":9979},""time"":1729913776700},{""box"":{""left"":8862,""right"":6958,""top"":10000,""bottom"":9979},""time"":1729913776763},{""box"":{""left"":8862,""right"":6958,""top"":10000,""bottom"":9979},""time"":1729913776842},{""box"":{""left"":8862,""right"":6958,""top"":10000,""bottom"":9979},""time"":1729913776921},{""box"":{""left"":8862,""right"":6958,""top"":10000,""bottom"":9979},""time"":1729913776990},{""box"":{""left"":8862,""right"":6958,""top"":10000,""bottom"":9979},""time"":1729913777045},{""box"":{""left"":8862,""right"":6958,""top"":10000,""bottom"":9979},""time"":1729913777105},{""box"":{""left"":8862,""right"":6958,""top"":10000,""bottom"":9979},""time"":1729913777165},{""box"":{""left"":8862,""right"":6958,""top"":10000,""bottom"":9979},""time"":1729913777225},{""box"":{""left"":8862,""right"":6958,""top"":10000,""bottom"":9979},""time"":1729913777282},{""box"":{""left"":8862,""right"":6958,""top"":10000,""bottom"":9979},""time"":1729913777336},{""box"":{""left"":8862,""right"":6958,""top"":10000,""bottom"":9979},""time"":1729913777404},{""box"":{""left"":8862,""right"":6958,""top"":10000,""bottom"":9979},""time"":1729913777461},{""box"":{""left"":8862,""right"":6958,""top"":10000,""bottom"":9979},""time"":1729913777521},{""box"":{""left"":8862,""right"":6958,""top"":10000,""bottom"":9979},""time"":1729913777582},{""box"":{""left"":8862,""right"":6958,""top"":10000,""bottom"":9979},""time"":1729913777638},{""box"":{""left"":8862,""right"":6958,""top"":10000,""bottom"":9979},""time"":1729913777695},{""box"":{""left"":8862,""right"":6958,""top"":10000,""bottom"":9979},""time"":1729913777733},{""box"":{""left"":8862,""right"":6958,""top"":10000,""bottom"":9979},""time"":1729913777763},{""box"":{""left"":8862,""right"":6958,""top"":10000,""bottom"":9979},""time"":1729913777811},{""box"":{""left"":8862,""right"":6958,""top"":10000,""bottom"":9979},""time"":1729913777881},{""box"":{""left"":8862,""right"":6958,""top"":10000,""bottom"":9979},""time"":1729913777891},{""box"":{""left"":8862,""right"":6958,""top"":10000,""bottom"":9979},""time"":1729913777949},{""box"":{""left"":8862,""right"":6958,""top"":10000,""bottom"":9979},""time"":1729913777987},{""box"":{""left"":8862,""right"":6958,""top"":10000,""bottom"":9979},""time"":1729913778033},{""box"":{""left"":8862,""right"":6958,""top"":10000,""bottom"":9979},""time"":1729913778078},{""box"":{""left"":8862,""right"":6958,""top"":10000,""bottom"":9979},""time"":1729913778124},{""box"":{""left"":8862,""right"":6958,""top"":10000,""bottom"":9979},""time"":1729913778170},{""box"":{""left"":8862,""right"":6958,""top"":10000,""bottom"":9979},""time"":1729913778216},{""box"":{""left"":8862,""right"":6958,""top"":10000,""bottom"":9979},""time"":1729913778262},{""box"":{""left"":8862,""right"":6958,""top"":10000,""bottom"":9979},""time"":1729913778317},{""box"":{""left"":8862,""right"":6958,""top"":10000,""bottom"":9979},""time"":1729913778445},{""box"":{""left"":8862,""right"":6958,""top"":10000,""bottom"":9979},""time"":1729913778479},{""box"":{""left"":8862,""right"":6958,""top"":10000,""bottom"":9979},""time"":1729913778490},{""box"":{""left"":8862,""right"":6958,""top"":10000,""bottom"":9979},""time"":1729913778551},{""box"":{""left"":8862,""right"":6958,""top"":10000,""bottom"":9979},""time"":1729913778606},{""box"":{""left"":8862,""right"":6958,""top"":10000,""bottom"":9979},""time"":1729913778652},{""box"":{""left"":8862,""right"":6958,""top"":10000,""bottom"":9979},""time"":1729913778698},{""box"":{""left"":8862,""right"":6958,""top"":10000,""bottom"":9979},""time"":1729913778709},{""box"":{""left"":8862,""right"":6958,""top"":10000,""bottom"":9979},""time"":1729913778776},{""box"":{""left"":8862,""right"":6958,""top"":10000,""bottom"":9979},""time"":1729913778847},{""box"":{""left"":8862,""right"":6958,""top"":10000,""bottom"":9979},""time"":1729913778884},{""box"":{""left"":8862,""right"":6958,""top"":10000,""bottom"":9979},""time"":1729913778934},{""box"":{""left"":8862,""right"":6958,""top"":10000,""bottom"":9979},""time"":1729913779009},{""box"":{""left"":8862,""right"":6958,""top"":10000,""bottom"":9979},""time"":1729913779084},{""box"":{""left"":8862,""right"":6958,""top"":10000,""bottom"":9979},""time"":1729913779121},{""box"":{""left"":8862,""right"":6958,""top"":10000,""bottom"":9979},""time"":1729913779172},{""box"":{""left"":8862,""right"":6958,""top"":10000,""bottom"":9979},""time"":1729913779246},{""box"":{""left"":8862,""right"":6958,""top"":10000,""bottom"":9979},""time"":1729913779276},{""box"":{""left"":8862,""right"":6958,""top"":10000,""bottom"":9979},""time"":1729913779328},{""box"":{""left"":8862,""right"":6958,""top"":10000,""bottom"":9979},""time"":1729913779389},{""box"":{""left"":8862,""right"":6958,""top"":10000,""bottom"":9979},""time"":1729913779464},{""box"":{""left"":8862,""right"":6958,""top"":10000,""bottom"":9979},""time"":1729913779549},{""box"":{""left"":8862,""right"":6958,""top"":10000,""bottom"":9979},""time"":1729913779635},{""box"":{""left"":8862,""right"":6958,""top"":10000,""bottom"":9979},""time"":1729913779720},{""box"":{""left"":8862,""right"":6958,""top"":10000,""bottom"":9979},""time"":1729913779793},{""box"":{""left"":8862,""right"":6958,""top"":10000,""bottom"":9979},""time"":1729913779815},{""box"":{""left"":8862,""right"":6958,""top"":10000,""bottom"":9979},""time"":1729913779894},{""box"":{""left"":8862,""right"":6958,""top"":10000,""bottom"":9979},""time"":1729913779916},{""box"":{""left"":8862,""right"":6958,""top"":10000,""bottom"":9979},""time"":1729913780000},{""box"":{""left"":8862,""right"":6958,""top"":10000,""bottom"":9979},""time"":1729913780021},{""box"":{""left"":8862,""right"":6958,""top"":10000,""bottom"":9979},""time"":1729913780105},{""box"":{""left"":8862,""right"":6958,""top"":10000,""bottom"":9979},""time"":1729913780137},{""box"":{""left"":8862,""right"":6958,""top"":10000,""bottom"":9979},""time"":1729913780211},{""box"":{""left"":8862,""right"":6958,""top"":10000,""bottom"":9979},""time"":1729913780232},{""box"":{""left"":8862,""right"":6958,""top"":10000,""bottom"":9979},""time"":1729913780315},{""box"":{""left"":8862,""right"":6958,""top"":10000,""bottom"":9979},""time"":1729913780375},{""box"":{""left"":8862,""right"":6958,""top"":10000,""bottom"":9979},""time"":1729913780459},{""box"":{""left"":8862,""right"":6958,""top"":10000,""bottom"":9979},""time"":1729913780532},{""box"":{""left"":8862,""right"":6958,""top"":10000,""bottom"":9979},""time"":1729913780563},{""box"":{""left"":8862,""right"":6958,""top"":10000,""bottom"":9979},""time"":1729913780647},{""box"":{""left"":8862,""right"":6958,""top"":10000,""bottom"":9979},""time"":1729913780726},{""box"":{""left"":8862,""right"":6958,""top"":10000,""bottom"":9979},""time"":1729913780805},{""box"":{""left"":8862,""right"":6958,""top"":10000,""bottom"":9979},""time"":1729913780884},{""box"":{""left"":8862,""right"":6958,""top"":10000,""bottom"":9979},""time"":1729913780963},{""box"":{""left"":8862,""right"":6958,""top"":10000,""bottom"":9979},""time"":1729913781042},{""box"":{""left"":8862,""right"":6958,""top"":10000,""bottom"":9979},""time"":1729913781121},{""box"":{""left"":8862,""right"":6958,""top"":10000,""bottom"":9979},""time"":1729913781189},{""box"":{""left"":8862,""right"":6958,""top"":10000,""bottom"":9979},""time"":1729913781208},{""box"":{""left"":8862,""right"":6958,""top"":10000,""bottom"":9979},""time"":1729913781226},{""box"":{""left"":8862,""right"":6958,""top"":10000,""bottom"":9979},""time"":1729913781244},{""box"":{""left"":8862,""right"":6958,""top"":10000,""bottom"":9979},""time"":1729913781255},{""box"":{""left"":8862,""right"":6958,""top"":10000,""bottom"":9979},""time"":1729913781298},{""box"":{""left"":8862,""right"":6958,""top"":10000,""bottom"":9979},""time"":1729913781319},{""box"":{""left"":8862,""right"":6958,""top"":10000,""bottom"":9979},""time"":1729913781366},{""box"":{""left"":8862,""right"":6958,""top"":10000,""bottom"":9979},""time"":1729913781377},{""box"":{""left"":8862,""right"":6958,""top"":10000,""bottom"":9979},""time"":1729913781420},{""box"":{""left"":8862,""right"":6958,""top"":10000,""bottom"":9979},""time"":1729913781471},{""box"":{""left"":8862,""right"":6958,""top"":10000,""bottom"":9979},""time"":1729913781509},{""box"":{""left"":8862,""right"":6958,""top"":10000,""bottom"":9979},""time"":1729913781519},{""box"":{""left"":8862,""right"":6958,""top"":10000,""bottom"":9979},""time"":1729913781577},{""box"":{""left"":8862,""right"":6958,""top"":10000,""bottom"":9979},""time"":1729913781588},{""box"":{""left"":8862,""right"":6958,""top"":10000,""bottom"":9979},""time"":1729913781646},{""box"":{""left"":8862,""right"":6958,""top"":10000,""bottom"":9979},""time"":1729913781683},{""box"":{""left"":8862,""right"":6958,""top"":10000,""bottom"":9979},""time"":1729913781721},{""box"":{""left"":8862,""right"":6958,""top"":10000,""bottom"":9979},""time"":1729913781731},{""box"":{""left"":8862,""right"":6958,""top"":10000,""bottom"":9979},""time"":1729913781786},{""box"":{""left"":8862,""right"":6958,""top"":10000,""bottom"":9979},""time"":1729913781796},{""box"":{""left"":8862,""right"":6958,""top"":10000,""bottom"":9979},""time"":1729913781851},{""box"":{""left"":8862,""right"":6958,""top"":10000,""bottom"":9979},""time"":1729913781862},{""box"":{""left"":8862,""right"":6958,""top"":10000,""bottom"":9979},""time"":1729913781917},{""box"":{""left"":8862,""right"":6958,""top"":10000,""bottom"":9979},""time"":1729913781954},{""box"":{""left"":8862,""right"":6958,""top"":10000,""bottom"":9979},""time"":1729913781984},{""box"":{""left"":8862,""right"":6958,""top"":10000,""bottom"":9979},""time"":1729913782002},{""box"":{""left"":8862,""right"":6958,""top"":10000,""bottom"":9979},""time"":1729913782024},{""box"":{""left"":8862,""right"":6958,""top"":10000,""bottom"":9979},""time"":1729913782066},{""box"":{""left"":8862,""right"":6958,""top"":10000,""bottom"":9979},""time"":1729913782096},{""box"":{""left"":8862,""right"":6958,""top"":10000,""bottom"":9979},""time"":1729913782106},{""box"":{""left"":8862,""right"":6958,""top"":10000,""bottom"":9979},""time"":1729913782153},{""box"":{""left"":8862,""right"":6958,""top"":10000,""bottom"":9979},""time"":1729913782175},{""box"":{""left"":8862,""right"":6958,""top"":10000,""bottom"":9979},""time"":1729913782227},{""box"":{""left"":8862,""right"":6958,""top"":10000,""bottom"":9979},""time"":1729913782262},{""box"":{""left"":8862,""right"":6958,""top"":10000,""bottom"":9979},""time"":1729913782346},{""box"":{""left"":8862,""right"":6958,""top"":10000,""bottom"":9979},""time"":1729913782445},{""box"":{""left"":8862,""right"":6958,""top"":10000,""bottom"":9979},""time"":1729913782483},{""box"":{""left"":8862,""right"":6958,""top"":10000,""bottom"":9979},""time"":1729913782556},{""box"":{""left"":8862,""right"":6958,""top"":10000,""bottom"":9979},""time"":1729913782577},{""box"":{""left"":8862,""right"":6958,""top"":10000,""bottom"":9979},""time"":1729913782640},{""box"":{""left"":8862,""right"":6958,""top"":10000,""bottom"":9979},""time"":1729913782683},{""box"":{""left"":8862,""right"":6958,""top"":10000,""bottom"":9979},""time"":1729913782746},{""box"":{""left"":8862,""right"":6958,""top"":10000,""bottom"":9979},""time"":1729913782789},{""box"":{""left"":8862,""right"":6958,""top"":10000,""bottom"":9979},""time"":1729913782822},{""box"":{""left"":8862,""right"":6958,""top"":10000,""bottom"":9979},""time"":1729913782853},{""box"":{""left"":8862,""right"":6958,""top"":10000,""bottom"":9979},""time"":1729913782927},{""box"":{""left"":8862,""right"":6958,""top"":10000,""bottom"":9979},""time"":1729913782959},{""box"":{""left"":8862,""right"":6958,""top"":10000,""bottom"":9979},""time"":1729913783013},{""box"":{""left"":8862,""right"":6958,""top"":10000,""bottom"":9979},""time"":1729913783049},{""box"":{""left"":8862,""right"":6958,""top"":10000,""bottom"":9979},""time"":1729913783082},{""box"":{""left"":8862,""right"":6958,""top"":10000,""bottom"":9979},""time"":1729913783145},{""box"":{""left"":8862,""right"":6958,""top"":10000,""bottom"":9979},""time"":1729913783159},{""box"":{""left"":8862,""right"":6958,""top"":10000,""bottom"":9979},""time"":1729913783222},{""box"":{""left"":8862,""right"":6958,""top"":10000,""bottom"":9979},""time"":1729913783244},{""box"":{""left"":8862,""right"":6958,""top"":10000,""bottom"":9979},""time"":1729913783296},{""box"":{""left"":8862,""right"":6958,""top"":10000,""bottom"":9979},""time"":1729913783328},{""box"":{""left"":8862,""right"":6958,""top"":10000,""bottom"":9979},""time"":1729913783391},{""box"":{""left"":8862,""right"":6958,""top"":10000,""bottom"":9979},""time"":1729913783423},{""box"":{""left"":8862,""right"":6958,""top"":10000,""bottom"":9979},""time"":1729913783486},{""box"":{""left"":8862,""right"":6958,""top"":10000,""bottom"":9979},""time"":1729913783528},{""box"":{""left"":8862,""right"":6958,""top"":10000,""bottom"":9979},""time"":1729913783591},{""box"":{""left"":8862,""right"":6958,""top"":10000,""bottom"":9979},""time"":1729913783623},{""box"":{""left"":8862,""right"":6958,""top"":10000,""bottom"":9979},""time"":1729913783696},{""box"":{""left"":8862,""right"":6958,""top"":10000,""bottom"":9979},""time"":1729913783728},{""box"":{""left"":8862,""right"":6958,""top"":10000,""bottom"":9979},""time"":1729913783791},{""box"":{""left"":8862,""right"":6958,""top"":10000,""bottom"":9979},""time"":1729913783823},{""box"":{""left"":8862,""right"":6958,""top"":10000,""bottom"":9979},""time"":1729913783851},{""box"":{""left"":8862,""right"":6958,""top"":10000,""bottom"":9979},""time"":1729913783865},{""box"":{""left"":8862,""right"":6958,""top"":10000,""bottom"":9979},""time"":1729913783928},{""box"":{""left"":8862,""right"":6958,""top"":10000,""bottom"":9979},""time"":1729913783950},{""box"":{""left"":8862,""right"":6958,""top"":10000,""bottom"":9979},""time"":1729913784012},{""box"":{""left"":8862,""right"":6958,""top"":10000,""bottom"":9979},""time"":1729913784045},{""box"":{""left"":8862,""right"":6958,""top"":10000,""bottom"":9979},""time"":1729913784117},{""box"":{""left"":8862,""right"":6958,""top"":10000,""bottom"":9979},""time"":1729913784131},{""box"":{""left"":8862,""right"":6958,""top"":10000,""bottom"":9979},""time"":1729913784195},{""box"":{""left"":8862,""right"":6958,""top"":10000,""bottom"":9979},""time"":1729913784227},{""box"":{""left"":8862,""right"":6958,""top"":10000,""bottom"":9979},""time"":1729913784305},{""box"":{""left"":8862,""right"":6958,""top"":10000,""bottom"":9979},""time"":1729913784318},{""box"":{""left"":8862,""right"":6958,""top"":10000,""bottom"":9979},""time"":1729913784357},{""box"":{""left"":8862,""right"":6958,""top"":10000,""bottom"":9979},""time"":1729913784368},{""box"":{""left"":8862,""right"":6958,""top"":10000,""bottom"":9979},""time"":1729913784413},{""box"":{""left"":8862,""right"":6958,""top"":10000,""bottom"":9979},""time"":1729913784445},{""box"":{""left"":8862,""right"":6958,""top"":10000,""bottom"":9979},""time"":1729913784541},{""box"":{""left"":8862,""right"":6958,""top"":10000,""bottom"":9979},""time"":1729913784573},{""box"":{""left"":8862,""right"":6958,""top"":10000,""bottom"":9979},""time"":1729913784664},{""box"":{""left"":8862,""right"":6958,""top"":10000,""bottom"":9979},""time"":1729913784678},{""box"":{""left"":8862,""right"":6958,""top"":10000,""bottom"":9979},""time"":1729913784773},{""box"":{""left"":8862,""right"":6958,""top"":10000,""bottom"":9979},""time"":1729913784795},{""box"":{""left"":8862,""right"":6958,""top"":10000,""bottom"":9979},""time"":1729913784879},{""box"":{""left"":8862,""right"":6958,""top"":10000,""bottom"":9979},""time"":1729913784901},{""box"":{""left"":8862,""right"":6958,""top"":10000,""bottom"":9979},""time"":1729913784995},{""box"":{""left"":8862,""right"":6958,""top"":10000,""bottom"":9979},""time"":1729913785070},{""box"":{""left"":8862,""right"":6958,""top"":10000,""bottom"":9979},""time"":1729913785102},{""box"":{""left"":8862,""right"":6958,""top"":10000,""bottom"":9979},""time"":1729913785135},{""box"":{""left"":8862,""right"":6958,""top"":10000,""bottom"":9979},""time"":1729913785146},{""box"":{""left"":8862,""right"":6958,""top"":10000,""bottom"":9979},""time"":1729913785204},{""box"":{""left"":8862,""right"":6958,""top"":10000,""bottom"":9979},""time"":1729913785226},{""box"":{""left"":8862,""right"":6958,""top"":10000,""bottom"":9979},""time"":1729913785315},{""box"":{""left"":8862,""right"":6958,""top"":10000,""bottom"":9979},""time"":1729913785346},{""box"":{""left"":8862,""right"":6958,""top"":10000,""bottom"":9979},""time"":1729913785379},{""box"":{""left"":8862,""right"":6958,""top"":10000,""bottom"":9979},""time"":1729913785417},{""box"":{""left"":8862,""right"":6958,""top"":10000,""bottom"":9979},""time"":1729913785438},{""box"":{""left"":8862,""right"":6958,""top"":10000,""bottom"":9979},""time"":1729913785534},{""box"":{""left"":8862,""right"":6958,""top"":10000,""bottom"":9979},""time"":1729913785608},{""box"":{""left"":8862,""right"":6958,""top"":10000,""bottom"":9979},""time"":1729913785629},{""box"":{""left"":8862,""right"":6958,""top"":10000,""bottom"":9979},""time"":1729913785706},{""box"":{""left"":8862,""right"":6958,""top"":10000,""bottom"":9979},""time"":1729913785779},{""box"":{""left"":8862,""right"":6958,""top"":10000,""bottom"":9979},""time"":1729913785801},{""box"":{""left"":8862,""right"":6958,""top"":10000,""bottom"":9979},""time"":1729913785832},{""box"":{""left"":8862,""right"":6958,""top"":10000,""bottom"":9979},""time"":1729913785854},{""box"":{""left"":8862,""right"":6958,""top"":10000,""bottom"":9979},""time"":1729913785939},{""box"":{""left"":8862,""right"":6958,""top"":10000,""bottom"":9979},""time"":1729913785972},{""box"":{""left"":8862,""right"":6958,""top"":10000,""bottom"":9979},""time"":1729913786009},{""box"":{""left"":8862,""right"":6958,""top"":10000,""bottom"":9979},""time"":1729913786031},{""box"":{""left"":8862,""right"":6958,""top"":10000,""bottom"":9979},""time"":1729913786115},{""box"":{""left"":8862,""right"":6958,""top"":10000,""bottom"":9979},""time"":1729913786137},{""box"":{""left"":8862,""right"":6958,""top"":10000,""bottom"":9979},""time"":1729913786233},{""box"":{""left"":8862,""right"":6958,""top"":10000,""bottom"":9979},""time"":1729913786318},{""box"":{""left"":8862,""right"":6958,""top"":10000,""bottom"":9979},""time"":1729913786359},{""box"":{""left"":8862,""right"":6958,""top"":10000,""bottom"":9979},""time"":1729913786411},{""box"":{""left"":8862,""right"":6958,""top"":10000,""bottom"":9979},""time"":1729913786497},{""box"":{""left"":8862,""right"":6958,""top"":10000,""bottom"":9979},""time"":1729913786561},{""box"":{""left"":8862,""right"":6958,""top"":10000,""bottom"":9979},""time"":1729913786646},{""box"":{""left"":8862,""right"":6958,""top"":10000,""bottom"":9979},""time"":1729913786731},{""box"":{""left"":8862,""right"":6958,""top"":10000,""bottom"":9979},""time"":1729913786815},{""box"":{""left"":8862,""right"":6958,""top"":10000,""bottom"":9979},""time"":1729913786900},{""box"":{""left"":8862,""right"":6958,""top"":10000,""bottom"":9979},""time"":1729913786985},{""box"":{""left"":8862,""right"":6958,""top"":10000,""bottom"":9979},""time"":1729913787059},{""box"":{""left"":8862,""right"":6958,""top"":10000,""bottom"":9979},""time"":1729913787070},{""box"":{""left"":8862,""right"":6958,""top"":10000,""bottom"":9979},""time"":1729913787107},{""box"":{""left"":8862,""right"":6958,""top"":10000,""bottom"":9979},""time"":1729913787137},{""box"":{""left"":8862,""right"":6958,""top"":10000,""bottom"":9979},""time"":1729913787178},{""box"":{""left"":8862,""right"":6958,""top"":10000,""bottom"":9979},""time"":1729913787209},{""box"":{""left"":8862,""right"":6958,""top"":10000,""bottom"":9979},""time"":1729913787239},{""box"":{""left"":8862,""right"":6958,""top"":10000,""bottom"":9979},""time"":1729913787281},{""box"":{""left"":8862,""right"":6958,""top"":10000,""bottom"":9979},""time"":1729913787333},{""box"":{""left"":8862,""right"":6958,""top"":10000,""bottom"":9979},""time"":1729913787418},{""box"":{""left"":8862,""right"":6958,""top"":10000,""bottom"":9979},""time"":1729913787503},{""box"":{""left"":8862,""right"":6958,""top"":10000,""bottom"":9979},""time"":1729913787577},{""box"":{""left"":8862,""right"":6958,""top"":10000,""bottom"":9979},""time"":1729913787599},{""box"":{""left"":8862,""right"":6958,""top"":10000,""bottom"":9979},""time"":1729913787684},{""box"":{""left"":8862,""right"":6958,""top"":10000,""bottom"":9979},""time"":1729913787715},{""box"":{""left"":8862,""right"":6958,""top"":10000,""bottom"":9979},""time"":1729913787737},{""box"":{""left"":8862,""right"":6958,""top"":10000,""bottom"":9979},""time"":1729913787821},{""box"":{""left"":8862,""right"":6958,""top"":10000,""bottom"":9979},""time"":1729913787853},{""box"":{""left"":8862,""right"":6958,""top"":10000,""bottom"":9979},""time"":1729913787916},{""box"":{""left"":8862,""right"":6958,""top"":10000,""bottom"":9979},""time"":1729913787938},{""box"":{""left"":8862,""right"":6958,""top"":10000,""bottom"":9979},""time"":1729913787994},{""box"":{""left"":8862,""right"":6958,""top"":10000,""bottom"":9979},""time"":1729913788016},{""box"":{""left"":8862,""right"":6958,""top"":10000,""bottom"":9979},""time"":1729913788100},{""box"":{""left"":8862,""right"":6958,""top"":10000,""bottom"":9979},""time"":1729913788132},{""box"":{""left"":8862,""right"":6958,""top"":10000,""bottom"":9979},""time"":1729913788216},{""box"":{""left"":8862,""right"":6958,""top"":10000,""bottom"":9979},""time"":1729913788289},{""box"":{""left"":8862,""right"":6958,""top"":10000,""bottom"":9979},""time"":1729913788321},{""box"":{""left"":8862,""right"":6958,""top"":10000,""bottom"":9979},""time"":1729913788350},{""box"":{""left"":8862,""right"":6958,""top"":10000,""bottom"":9979},""time"":1729913788382},{""box"":{""left"":8862,""right"":6958,""top"":10000,""bottom"":9979},""time"":1729913788435},{""box"":{""left"":8862,""right"":6958,""top"":10000,""bottom"":9979},""time"":1729913788456},{""box"":{""left"":8862,""right"":6958,""top"":10000,""bottom"":9979},""time"":1729913788511},{""box"":{""left"":8862,""right"":6958,""top"":10000,""bottom"":9979},""time"":1729913788525},{""box"":{""left"":8862,""right"":6958,""top"":10000,""bottom"":9979},""time"":1729913788609},{""box"":{""left"":8862,""right"":6958,""top"":10000,""bottom"":9979},""time"":1729913788623},{""box"":{""left"":8862,""right"":6958,""top"":10000,""bottom"":9979},""time"":1729913788708},{""box"":{""left"":8862,""right"":6958,""top"":10000,""bottom"":9979},""time"":1729913788718},{""box"":{""left"":8862,""right"":6958,""top"":10000,""bottom"":9979},""time"":1729913788793},{""box"":{""left"":8862,""right"":6958,""top"":10000,""bottom"":9979},""time"":1729913788814},{""box"":{""left"":8862,""right"":6958,""top"":10000,""bottom"":9979},""time"":1729913788870},{""box"":{""left"":8862,""right"":6958,""top"":10000,""bottom"":9979},""time"":1729913788902},{""box"":{""left"":8862,""right"":6958,""top"":10000,""bottom"":9979},""time"":1729913788986},{""box"":{""left"":8862,""right"":6958,""top"":10000,""bottom"":9979},""time"":1729913789007},{""box"":{""left"":8862,""right"":6958,""top"":10000,""bottom"":9979},""time"":1729913789063},{""box"":{""left"":8862,""right"":6958,""top"":10000,""bottom"":9979},""time"":1729913789084},{""box"":{""left"":8862,""right"":6958,""top"":10000,""bottom"":9979},""time"":1729913789141},{""box"":{""left"":8862,""right"":6958,""top"":10000,""bottom"":9979},""time"":1729913789155},{""box"":{""left"":8862,""right"":6958,""top"":10000,""bottom"":9979},""time"":1729913789239},{""box"":{""left"":8862,""right"":6958,""top"":10000,""bottom"":9979},""time"":1729913789253},{""box"":{""left"":8862,""right"":6958,""top"":10000,""bottom"":9979},""time"":1729913789337},{""box"":{""left"":8862,""right"":6958,""top"":10000,""bottom"":9979},""time"":1729913789350},{""box"":{""left"":8862,""right"":6958,""top"":10000,""bottom"":9979},""time"":1729913789434},{""box"":{""left"":8862,""right"":6958,""top"":10000,""bottom"":9979},""time"":1729913789456},{""box"":{""left"":8862,""right"":6958,""top"":10000,""bottom"":9979},""time"":1729913789529},{""box"":{""left"":8862,""right"":6958,""top"":10000,""bottom"":9979},""time"":1729913789562},{""box"":{""left"":8862,""right"":6958,""top"":10000,""bottom"":9979},""time"":1729913789646},{""box"":{""left"":8862,""right"":6958,""top"":10000,""bottom"":9979},""time"":1729913789678},{""box"":{""left"":8862,""right"":6958,""top"":10000,""bottom"":9979},""time"":1729913789743},{""box"":{""left"":8862,""right"":6958,""top"":10000,""bottom"":9979},""time"":1729913789757},{""box"":{""left"":8862,""right"":6958,""top"":10000,""bottom"":9979},""time"":1729913789842},{""box"":{""left"":8862,""right"":6958,""top"":10000,""bottom"":9979},""time"":1729913789856},{""box"":{""left"":8862,""right"":6958,""top"":10000,""bottom"":9979},""time"":1729913789939},{""box"":{""left"":8862,""right"":6958,""top"":10000,""bottom"":9979},""time"":1729913789954},{""box"":{""left"":8862,""right"":6958,""top"":10000,""bottom"":9979},""time"":1729913790038},{""box"":{""left"":8862,""right"":6958,""top"":10000,""bottom"":9979},""time"":1729913790069},{""box"":{""left"":8862,""right"":6958,""top"":10000,""bottom"":9979},""time"":1729913790154},{""box"":{""left"":8862,""right"":6958,""top"":10000,""bottom"":9979},""time"":1729913790168},{""box"":{""left"":8862,""right"":6958,""top"":10000,""bottom"":9979},""time"":1729913790252},{""box"":{""left"":8862,""right"":6958,""top"":10000,""bottom"":9979},""time"":1729913790285},{""box"":{""left"":8862,""right"":6958,""top"":10000,""bottom"":9979},""time"":1729913790368},{""box"":{""left"":8862,""right"":6958,""top"":10000,""bottom"":9979},""time"":1729913790380},{""box"":{""left"":8862,""right"":6958,""top"":10000,""bottom"":9979},""time"":1729913790417},{""box"":{""left"":8862,""right"":6958,""top"":10000,""bottom"":9979},""time"":1729913790450},{""box"":{""left"":8862,""right"":6958,""top"":10000,""bottom"":9979},""time"":1729913790523},{""box"":{""left"":8862,""right"":6958,""top"":10000,""bottom"":9979},""time"":1729913790538},{""box"":{""left"":8862,""right"":6958,""top"":10000,""bottom"":9979},""time"":1729913790621},{""box"":{""left"":8862,""right"":6958,""top"":10000,""bottom"":9979},""time"":1729913790653},{""box"":{""left"":8862,""right"":6958,""top"":10000,""bottom"":9979},""time"":1729913790698},{""box"":{""left"":8862,""right"":6958,""top"":10000,""bottom"":9979},""time"":1729913790711},{""box"":{""left"":8862,""right"":6958,""top"":10000,""bottom"":9979},""time"":1729913790795},{""box"":{""left"":8862,""right"":6958,""top"":10000,""bottom"":9979},""time"":1729913790816},{""box"":{""left"":8862,""right"":6958,""top"":10000,""bottom"":9979},""time"":1729913790873},{""box"":{""left"":8862,""right"":6958,""top"":10000,""bottom"":9979},""time"":1729913790895},{""box"":{""left"":8862,""right"":6958,""top"":10000,""bottom"":9979},""time"":1729913790932},{""box"":{""left"":8862,""right"":6958,""top"":10000,""bottom"":9979},""time"":1729913790945},{""box"":{""left"":8862,""right"":6958,""top"":10000,""bottom"":9979},""time"":1729913791011},{""box"":{""left"":8862,""right"":6958,""top"":10000,""bottom"":9979},""time"":1729913791032},{""box"":{""left"":8862,""right"":6958,""top"":10000,""bottom"":9979},""time"":1729913791087},{""box"":{""left"":8862,""right"":6958,""top"":10000,""bottom"":9979},""time"":1729913791101},{""box"":{""left"":8862,""right"":6958,""top"":10000,""bottom"":9979},""time"":1729913791185},{""box"":{""left"":8862,""right"":6958,""top"":10000,""bottom"":9979},""time"":1729913791207},{""box"":{""left"":8862,""right"":6958,""top"":10000,""bottom"":9979},""time"":1729913791264},{""box"":{""left"":8862,""right"":6958,""top"":10000,""bottom"":9979},""time"":1729913791285},{""box"":{""left"":8862,""right"":6958,""top"":10000,""bottom"":9979},""time"":1729913791340},{""box"":{""left"":8862,""right"":6958,""top"":10000,""bottom"":9979},""time"":1729913791363},{""box"":{""left"":8862,""right"":6958,""top"":10000,""bottom"":9979},""time"":1729913791420},{""box"":{""left"":8862,""right"":6958,""top"":10000,""bottom"":9979},""time"":1729913791453},{""box"":{""left"":8862,""right"":6958,""top"":10000,""bottom"":9979},""time"":1729913791517},{""box"":{""left"":8862,""right"":6958,""top"":10000,""bottom"":9979},""time"":1729913791538},{""box"":{""left"":8862,""right"":6958,""top"":10000,""bottom"":9979},""time"":1729913791570},{""box"":{""left"":8862,""right"":6958,""top"":10000,""bottom"":9979},""time"":1729913791591},{""box"":{""left"":8862,""right"":6958,""top"":10000,""bottom"":9979},""time"":1729913791648},{""box"":{""left"":8862,""right"":6958,""top"":10000,""bottom"":9979},""time"":1729913791660},{""box"":{""left"":8862,""right"":6958,""top"":10000,""bottom"":9979},""time"":1729913791724},{""box"":{""left"":8862,""right"":6958,""top"":10000,""bottom"":9979},""time"":1729913791745},{""box"":{""left"":8862,""right"":6958,""top"":10000,""bottom"":9979},""time"":1729913791800},{""box"":{""left"":8862,""right"":6958,""top"":10000,""bottom"":9979},""time"":1729913791833},{""box"":{""left"":8862,""right"":6958,""top"":10000,""bottom"":9979},""time"":1729913791907},{""box"":{""left"":8862,""right"":6958,""top"":10000,""bottom"":9979},""time"":1729913791928},{""box"":{""left"":8862,""right"":6958,""top"":10000,""bottom"":9979},""time"":1729913791961},{""box"":{""left"":8862,""right"":6958,""top"":10000,""bottom"":9979},""time"":1729913791975},{""box"":{""left"":8862,""right"":6958,""top"":10000,""bottom"":9979},""time"":1729913792048},{""box"":{""left"":8862,""right"":6958,""top"":10000,""bottom"":9979},""time"":1729913792063},{""box"":{""left"":8862,""right"":6958,""top"":10000,""bottom"":9979},""time"":1729913792141},{""box"":{""left"":8862,""right"":6958,""top"":10000,""bottom"":9979},""time"":1729913792163},{""box"":{""left"":8862,""right"":6958,""top"":10000,""bottom"":9979},""time"":1729913792221},{""box"":{""left"":8862,""right"":6958,""top"":10000,""bottom"":9979},""time"":1729913792252},{""box"":{""left"":8862,""right"":6958,""top"":10000,""bottom"":9979},""time"":1729913792337},{""box"":{""left"":8862,""right"":6958,""top"":10000,""bottom"":9979},""time"":1729913792370},{""box"":{""left"":8862,""right"":6958,""top"":10000,""bottom"":9979},""time"":1729913792454},{""box"":{""left"":8862,""right"":6958,""top"":10000,""bottom"":9979},""time"":1729913792486},{""box"":{""left"":8862,""right"":6958,""top"":10000,""bottom"":9979},""time"":1729913792560},{""box"":{""left"":8862,""right"":6958,""top"":10000,""bottom"":9979},""time"":1729913792593},{""box"":{""left"":8862,""right"":6958,""top"":10000,""bottom"":9979},""time"":1729913792666},{""box"":{""left"":8862,""right"":6958,""top"":10000,""bottom"":9979},""time"":1729913792699},{""box"":{""left"":8862,""right"":6958,""top"":10000,""bottom"":9979},""time"":1729913792772},{""box"":{""left"":8862,""right"":6958,""top"":10000,""bottom"":9979},""time"":1729913792805},{""box"":{""left"":8862,""right"":6958,""top"":10000,""bottom"":9979},""time"":1729913792880},{""box"":{""left"":8862,""right"":6958,""top"":10000,""bottom"":9979},""time"":1729913792941},{""box"":{""left"":8862,""right"":6958,""top"":10000,""bottom"":9979},""time"":1729913792978},{""box"":{""left"":8862,""right"":6958,""top"":10000,""bottom"":9979},""time"":1729913793029},{""box"":{""left"":8862,""right"":6958,""top"":10000,""bottom"":9979},""time"":1729913793069},{""box"":{""left"":8862,""right"":6958,""top"":10000,""bottom"":9979},""time"":1729913793082},{""box"":{""left"":8862,""right"":6958,""top"":10000,""bottom"":9979},""time"":1729913793156},{""box"":{""left"":8862,""right"":6958,""top"":10000,""bottom"":9979},""time"":1729913793188},{""box"":{""left"":8862,""right"":6958,""top"":10000,""bottom"":9979},""time"":1729913793253},{""box"":{""left"":8862,""right"":6958,""top"":10000,""bottom"":9979},""time"":1729913793264},{""box"":{""left"":8862,""right"":6958,""top"":10000,""bottom"":9979},""time"":1729913793295},{""box"":{""left"":8862,""right"":6958,""top"":10000,""bottom"":9979},""time"":1729913793318},{""box"":{""left"":8862,""right"":6958,""top"":10000,""bottom"":9979},""time"":1729913793372},{""box"":{""left"":8862,""right"":6958,""top"":10000,""bottom"":9979},""time"":1729913793383},{""box"":{""left"":8862,""right"":6958,""top"":10000,""bottom"":9979},""time"":1729913793458},{""box"":{""left"":8862,""right"":6958,""top"":10000,""bottom"":9979},""time"":1729913793509},{""box"":{""left"":8862,""right"":6958,""top"":10000,""bottom"":9979},""time"":1729913793548},{""box"":{""left"":8862,""right"":6958,""top"":10000,""bottom"":9979},""time"":1729913793570},{""box"":{""left"":8862,""right"":6958,""top"":10000,""bottom"":9979},""time"":1729913793644},{""box"":{""left"":8862,""right"":6958,""top"":10000,""bottom"":9979},""time"":1729913793677},{""box"":{""left"":8862,""right"":6958,""top"":10000,""bottom"":9979},""time"":1729913793750},{""box"":{""left"":8862,""right"":6958,""top"":10000,""bottom"":9979},""time"":1729913793775},{""box"":{""left"":8862,""right"":6958,""top"":10000,""bottom"":9979},""time"":1729913793849},{""box"":{""left"":8862,""right"":6958,""top"":10000,""bottom"":9979},""time"":1729913793882},{""box"":{""left"":8862,""right"":6958,""top"":10000,""bottom"":9979},""time"":1729913793956},{""box"":{""left"":8862,""right"":6958,""top"":10000,""bottom"":9979},""time"":1729913793967},{""box"":{""left"":8862,""right"":6958,""top"":10000,""bottom"":9979},""time"":1729913794040},{""box"":{""left"":8862,""right"":6958,""top"":10000,""bottom"":9979},""time"":1729913794054},{""box"":{""left"":8862,""right"":6958,""top"":10000,""bottom"":9979},""time"":1729913794150},{""box"":{""left"":8862,""right"":6958,""top"":10000,""bottom"":9979},""time"":1729913794189},{""box"":{""left"":8862,""right"":6958,""top"":10000,""bottom"":9979},""time"":1729913794204},{""box"":{""left"":8862,""right"":6958,""top"":10000,""bottom"":9979},""time"":1729913794278},{""box"":{""left"":8862,""right"":6958,""top"":10000,""bottom"":9979},""time"":1729913794322},{""box"":{""left"":8862,""right"":6958,""top"":10000,""bottom"":9979},""time"":1729913794360},{""box"":{""left"":8862,""right"":6958,""top"":10000,""bottom"":9979},""time"":1729913794400},{""box"":{""left"":8862,""right"":6958,""top"":10000,""bottom"":9979},""time"":1729913794414},{""box"":{""left"":8862,""right"":6958,""top"":10000,""bottom"":9979},""time"":1729913794487},{""box"":{""left"":8862,""right"":6958,""top"":10000,""bottom"":9979},""time"":1729913794500},{""box"":{""left"":8862,""right"":6958,""top"":10000,""bottom"":9979},""time"":1729913794585},{""box"":{""left"":8862,""right"":6958,""top"":10000,""bottom"":9979},""time"":1729913794636},{""box"":{""left"":8862,""right"":6958,""top"":10000,""bottom"":9979},""time"":1729913794691},{""box"":{""left"":8862,""right"":6958,""top"":10000,""bottom"":9979},""time"":1729913794749},{""box"":{""left"":8862,""right"":6958,""top"":10000,""bottom"":9979},""time"":1729913794806},{""box"":{""left"":8862,""right"":6958,""top"":10000,""bottom"":9979},""time"":1729913794817},{""box"":{""left"":8862,""right"":6958,""top"":10000,""bottom"":9979},""time"":1729913794856},{""box"":{""left"":8862,""right"":6958,""top"":10000,""bottom"":9979},""time"":1729913794889},{""box"":{""left"":8862,""right"":6958,""top"":10000,""bottom"":9979},""time"":1729913794963},{""box"":{""left"":8862,""right"":6958,""top"":10000,""bottom"":9979},""time"":1729913794985},{""box"":{""left"":8862,""right"":6958,""top"":10000,""bottom"":9979},""time"":1729913795025},{""box"":{""left"":8862,""right"":6958,""top"":10000,""bottom"":9979},""time"":1729913795046},{""box"":{""left"":8862,""right"":6958,""top"":10000,""bottom"":9979},""time"":1729913795176},{""box"":{""left"":8862,""right"":6958,""top"":10000,""bottom"":9979},""time"":1729913795719},{""box"":{""left"":8862,""right"":6958,""top"":10000,""bottom"":9979},""time"":1729913795751},{""box"":{""left"":8862,""right"":6958,""top"":10000,""bottom"":9979},""time"":1729913795826},{""box"":{""left"":8862,""right"":6958,""top"":10000,""bottom"":9979},""time"":1729913795868},{""box"":{""left"":8862,""right"":6958,""top"":10000,""bottom"":9979},""time"":1729913795922},{""box"":{""left"":8862,""right"":6958,""top"":10000,""bottom"":9979},""time"":1729913795944},{""box"":{""left"":8862,""right"":6958,""top"":10000,""bottom"":9979},""time"":1729913796230},{""box"":{""left"":8862,""right"":6958,""top"":10000,""bottom"":9979},""time"":1729913796251},{""box"":{""left"":8862,""right"":6958,""top"":10000,""bottom"":9979},""time"":1729913796326},{""box"":{""left"":8862,""right"":6958,""top"":10000,""bottom"":9979},""time"":1729913796358},{""box"":{""left"":8862,""right"":6958,""top"":10000,""bottom"":9979},""time"":1729913796412},{""box"":{""left"":8862,""right"":6958,""top"":10000,""bottom"":9979},""time"":1729913796435},{""box"":{""left"":8862,""right"":6958,""top"":10000,""bottom"":9979},""time"":1729913796508},{""box"":{""left"":8862,""right"":6958,""top"":10000,""bottom"":9979},""time"":1729913796541},{""box"":{""left"":8862,""right"":6958,""top"":10000,""bottom"":9979},""time"":1729913796574},{""box"":{""left"":8862,""right"":6958,""top"":10000,""bottom"":9979},""time"":1729913796585},{""box"":{""left"":8862,""right"":6958,""top"":10000,""bottom"":9979},""time"":1729913796626},{""box"":{""left"":8862,""right"":6958,""top"":10000,""bottom"":9979},""time"":1729913796659},{""box"":{""left"":8862,""right"":6958,""top"":10000,""bottom"":9979},""time"":1729913796733},{""box"":{""left"":8862,""right"":6958,""top"":10000,""bottom"":9979},""time"":1729913796765},{""box"":{""left"":8862,""right"":6958,""top"":10000,""bottom"":9979},""time"":1729913796819},{""box"":{""left"":8862,""right"":6958,""top"":10000,""bottom"":9979},""time"":1729913796834},{""box"":{""left"":8862,""right"":6958,""top"":10000,""bottom"":9979},""time"":1729913796889},{""box"":{""left"":8862,""right"":6958,""top"":10000,""bottom"":9979},""time"":1729913796903},{""box"":{""left"":8862,""right"":6958,""top"":10000,""bottom"":9979},""time"":1729913796958},{""box"":{""left"":8862,""right"":6958,""top"":10000,""bottom"":9979},""time"":1729913796991},{""box"":{""left"":8862,""right"":6958,""top"":10000,""bottom"":9979},""time"":1729913797064},{""box"":{""left"":8862,""right"":6958,""top"":10000,""bottom"":9979},""time"":1729913797087},{""box"":{""left"":8862,""right"":6958,""top"":10000,""bottom"":9979},""time"":1729913797117},{""box"":{""left"":8862,""right"":6958,""top"":10000,""bottom"":9979},""time"":1729913797141},{""box"":{""left"":8862,""right"":6958,""top"":10000,""bottom"":9979},""time"":1729913797196},{""box"":{""left"":8862,""right"":6958,""top"":10000,""bottom"":9979},""time"":1729913797217},{""box"":{""left"":8862,""right"":6958,""top"":10000,""bottom"":9979},""time"":1729913797260},{""box"":{""left"":8862,""right"":6958,""top"":10000,""bottom"":9979},""time"":1729913797270},{""box"":{""left"":8862,""right"":6958,""top"":10000,""bottom"":9979},""time"":1729913797299},{""box"":{""left"":8862,""right"":6958,""top"":10000,""bottom"":9979},""time"":1729913797322},{""box"":{""left"":8862,""right"":6958,""top"":10000,""bottom"":9979},""time"":1729913797375},{""box"":{""left"":8862,""right"":6958,""top"":10000,""bottom"":9979},""time"":1729913797397},{""box"":{""left"":8862,""right"":6958,""top"":10000,""bottom"":9979},""time"":1729913797451},{""box"":{""left"":8862,""right"":6958,""top"":10000,""bottom"":9979},""time"":1729913797572},{""box"":{""left"":8862,""right"":6958,""top"":10000,""bottom"":9979},""time"":1729913797586},{""box"":{""left"":8862,""right"":6958,""top"":10000,""bottom"":9979},""time"":1729913797629},{""box"":{""left"":8862,""right"":6958,""top"":10000,""bottom"":9979},""time"":1729913797662},{""box"":{""left"":8862,""right"":6958,""top"":10000,""bottom"":9979},""time"":1729913797715},{""box"":{""left"":8862,""right"":6958,""top"":10000,""bottom"":9979},""time"":1729913797729},{""box"":{""left"":8862,""right"":6958,""top"":10000,""bottom"":9979},""time"":1729913797782},{""box"":{""left"":8862,""right"":6958,""top"":10000,""bottom"":9979},""time"":1729913797826},{""box"":{""left"":8862,""right"":6958,""top"":10000,""bottom"":9979},""time"":1729913797851},{""box"":{""left"":8862,""right"":6958,""top"":10000,""bottom"":9979},""time"":1729913797865},{""box"":{""left"":8862,""right"":6958,""top"":10000,""bottom"":9979},""time"":1729913797948},{""box"":{""left"":8862,""right"":6958,""top"":10000,""bottom"":9979},""time"":1729913797980},{""box"":{""left"":8862,""right"":6958,""top"":10000,""bottom"":9979},""time"":1729913798235},{""box"":{""left"":8862,""right"":6958,""top"":10000,""bottom"":9979},""time"":1729913798268},{""box"":{""left"":8862,""right"":6958,""top"":10000,""bottom"":9979},""time"":1729913798321},{""box"":{""left"":8862,""right"":6958,""top"":10000,""bottom"":9979},""time"":1729913798365},{""box"":{""left"":8862,""right"":6958,""top"":10000,""bottom"":9979},""time"":1729913798418},{""box"":{""left"":8862,""right"":6958,""top"":10000,""bottom"":9979},""time"":1729913798451},{""box"":{""left"":8862,""right"":6958,""top"":10000,""bottom"":9979},""time"":1729913798494},{""box"":{""left"":8862,""right"":6958,""top"":10000,""bottom"":9979},""time"":1729913798526},{""box"":{""left"":8862,""right"":6958,""top"":10000,""bottom"":9979},""time"":1729913798569},{""box"":{""left"":8862,""right"":6958,""top"":10000,""bottom"":9979},""time"":1729913798602},{""box"":{""left"":8862,""right"":6958,""top"":10000,""bottom"":9979},""time"":1729913798645},{""box"":{""left"":8862,""right"":6958,""top"":10000,""bottom"":9979},""time"":1729913798658},{""box"":{""left"":8862,""right"":6958,""top"":10000,""bottom"":9979},""time"":1729913798711},{""box"":{""left"":8862,""right"":6958,""top"":10000,""bottom"":9979},""time"":1729913798735},{""box"":{""left"":8862,""right"":6958,""top"":10000,""bottom"":9979},""time"":1729913798789},{""box"":{""left"":8862,""right"":6958,""top"":10000,""bottom"":9979},""time"":1729913798803},{""box"":{""left"":8862,""right"":6958,""top"":10000,""bottom"":9979},""time"":1729913798856},{""box"":{""left"":8862,""right"":6958,""top"":10000,""bottom"":9979},""time"":1729913798869},{""box"":{""left"":8862,""right"":6958,""top"":10000,""bottom"":9979},""time"":1729913798936},{""box"":{""left"":8862,""right"":6958,""top"":10000,""bottom"":9979},""time"":1729913799002},{""box"":{""left"":8862,""right"":6958,""top"":10000,""bottom"":9979},""time"":1729913799065},{""box"":{""left"":8862,""right"":6958,""top"":10000,""bottom"":9979},""time"":1729913799129},{""box"":{""left"":8862,""right"":6958,""top"":10000,""bottom"":9979},""time"":1729913799184},{""box"":{""left"":8862,""right"":6958,""top"":10000,""bottom"":9979},""time"":1729913799248},{""box"":{""left"":8862,""right"":6958,""top"":10000,""bottom"":9979},""time"":1729913799302},{""box"":{""left"":8862,""right"":6958,""top"":10000,""bottom"":9979},""time"":1729913799355},{""box"":{""left"":8862,""right"":6958,""top"":10000,""bottom"":9979},""time"":1729913799399},{""box"":{""left"":8862,""right"":6958,""top"":10000,""bottom"":9979},""time"":1729913799464},{""box"":{""left"":8862,""right"":6958,""top"":10000,""bottom"":9979},""time"":1729913799508},{""box"":{""left"":8862,""right"":6958,""top"":10000,""bottom"":9979},""time"":1729913799581},{""box"":{""left"":8862,""right"":6958,""top"":10000,""bottom"":9979},""time"":1729913799595},{""box"":{""left"":8862,""right"":6958,""top"":10000,""bottom"":9979},""time"":1729913799643},{""box"":{""left"":8862,""right"":6958,""top"":10000,""bottom"":9979},""time"":1729913799667},{""box"":{""left"":8862,""right"":6958,""top"":10000,""bottom"":9979},""time"":1729913799731},{""box"":{""left"":8862,""right"":6958,""top"":10000,""bottom"":9979},""time"":1729913799752},{""box"":{""left"":8862,""right"":6958,""top"":10000,""bottom"":9979},""time"":1729913799817},{""box"":{""left"":8862,""right"":6958,""top"":10000,""bottom"":9979},""time"":1729913799840},{""box"":{""left"":8862,""right"":6958,""top"":10000,""bottom"":9979},""time"":1729913799911},{""box"":{""left"":8862,""right"":6958,""top"":10000,""bottom"":9979},""time"":1729913799925},{""box"":{""left"":8862,""right"":6958,""top"":10000,""bottom"":9979},""time"":1729913799968},{""box"":{""left"":8862,""right"":6958,""top"":10000,""bottom"":9979},""time"":1729913800023},{""box"":{""left"":8862,""right"":6958,""top"":10000,""bottom"":9979},""time"":1729913800092},{""box"":{""left"":8862,""right"":6958,""top"":10000,""bottom"":9979},""time"":1729913800135},{""box"":{""left"":8862,""right"":6958,""top"":10000,""bottom"":9979},""time"":1729913800249},{""box"":{""left"":8862,""right"":6958,""top"":10000,""bottom"":9979},""time"":1729913800293},{""box"":{""left"":8862,""right"":6958,""top"":10000,""bottom"":9979},""time"":1729913800325},{""box"":{""left"":8862,""right"":6958,""top"":10000,""bottom"":9979},""time"":1729913800369},{""box"":{""left"":8862,""right"":6958,""top"":10000,""bottom"":9979},""time"":1729913800402},{""box"":{""left"":8862,""right"":6958,""top"":10000,""bottom"":9979},""time"":1729913800433},{""box"":{""left"":8862,""right"":6958,""top"":10000,""bottom"":9979},""time"":1729913800504},{""box"":{""left"":8862,""right"":6958,""top"":10000,""bottom"":9979},""time"":1729913800525},{""box"":{""left"":8862,""right"":6958,""top"":10000,""bottom"":9979},""time"":1729913800580},{""box"":{""left"":8862,""right"":6958,""top"":10000,""bottom"":9979},""time"":1729913800613},{""box"":{""left"":8862,""right"":6958,""top"":10000,""bottom"":9979},""time"":1729913800646},{""box"":{""left"":8862,""right"":6958,""top"":10000,""bottom"":9979},""time"":1729913800657},{""box"":{""left"":8862,""right"":6958,""top"":10000,""bottom"":9979},""time"":1729913800689},{""box"":{""left"":8862,""right"":6958,""top"":10000,""bottom"":9979},""time"":1729913800722},{""box"":{""left"":8862,""right"":6958,""top"":10000,""bottom"":9979},""time"":1729913800792},{""box"":{""left"":8862,""right"":6958,""top"":10000,""bottom"":9979},""time"":1729913800803},{""box"":{""left"":8862,""right"":6958,""top"":10000,""bottom"":9979},""time"":1729913800873},{""box"":{""left"":8862,""right"":6958,""top"":10000,""bottom"":9979},""time"":1729913800894},{""box"":{""left"":8862,""right"":6958,""top"":10000,""bottom"":9979},""time"":1729913800950},{""box"":{""left"":8862,""right"":6958,""top"":10000,""bottom"":9979},""time"":1729913800964},{""box"":{""left"":8862,""right"":6958,""top"":10000,""bottom"":9979},""time"":1729913801044},{""box"":{""left"":8862,""right"":6958,""top"":10000,""bottom"":9979},""time"":1729913801085},{""box"":{""left"":8862,""right"":6958,""top"":10000,""bottom"":9979},""time"":1729913801098},{""box"":{""left"":8862,""right"":6958,""top"":10000,""bottom"":9979},""time"":1729913801173},{""box"":{""left"":8862,""right"":6958,""top"":10000,""bottom"":9979},""time"":1729913801214},{""box"":{""left"":8862,""right"":6958,""top"":10000,""bottom"":9979},""time"":1729913801252},{""box"":{""left"":8862,""right"":6958,""top"":10000,""bottom"":9979},""time"":1729913801303},{""box"":{""left"":8862,""right"":6958,""top"":10000,""bottom"":9979},""time"":1729913801354},{""box"":{""left"":8862,""right"":6958,""top"":10000,""bottom"":9979},""time"":1729913801422},{""box"":{""left"":8862,""right"":6958,""top"":10000,""bottom"":9979},""time"":1729913801463},{""box"":{""left"":8862,""right"":6958,""top"":10000,""bottom"":9979},""time"":1729913801516},{""box"":{""left"":8862,""right"":6958,""top"":10000,""bottom"":9979},""time"":1729913801591},{""box"":{""left"":8862,""right"":6958,""top"":10000,""bottom"":9979},""time"":1729913801656},{""box"":{""left"":8862,""right"":6958,""top"":10000,""bottom"":9979},""time"":1729913801719},{""box"":{""left"":8862,""right"":6958,""top"":10000,""bottom"":9979},""time"":1729913801772},{""box"":{""left"":8862,""right"":6958,""top"":10000,""bottom"":9979},""time"":1729913801804},{""box"":{""left"":8862,""right"":6958,""top"":10000,""bottom"":9979},""time"":1729913801867},{""box"":{""left"":8862,""right"":6958,""top"":10000,""bottom"":9979},""time"":1729913801932},{""box"":{""left"":8862,""right"":6958,""top"":10000,""bottom"":9979},""time"":1729913801995},{""box"":{""left"":8862,""right"":6958,""top"":10000,""bottom"":9979},""time"":1729913802059},{""box"":{""left"":8862,""right"":6958,""top"":10000,""bottom"":9979},""time"":1729913802123},{""box"":{""left"":8862,""right"":6958,""top"":10000,""bottom"":9979},""time"":1729913802187},{""box"":{""left"":8862,""right"":6958,""top"":10000,""bottom"":9979},""time"":1729913802250},{""box"":{""left"":8862,""right"":6958,""top"":10000,""bottom"":9979},""time"":1729913802315},{""box"":{""left"":8862,""right"":6958,""top"":10000,""bottom"":9979},""time"":1729913802378},{""box"":{""left"":8862,""right"":6958,""top"":10000,""bottom"":9979},""time"":1729913802441},{""box"":{""left"":8862,""right"":6958,""top"":10000,""bottom"":9979},""time"":1729913802506},{""box"":{""left"":8862,""right"":6958,""top"":10000,""bottom"":9979},""time"":1729913802570},{""box"":{""left"":8862,""right"":6958,""top"":10000,""bottom"":9979},""time"":1729913802646},{""box"":{""left"":8862,""right"":6958,""top"":10000,""bottom"":9979},""time"":1729913802673},{""box"":{""left"":8862,""right"":6958,""top"":10000,""bottom"":9979},""time"":1729913802696},{""box"":{""left"":8862,""right"":6958,""top"":10000,""bottom"":9979},""time"":1729913802729},{""box"":{""left"":8862,""right"":6958,""top"":10000,""bottom"":9979},""time"":1729913802751},{""box"":{""left"":8862,""right"":6958,""top"":10000,""bottom"":9979},""time"":1729913802826},{""box"":{""left"":8862,""right"":6958,""top"":10000,""bottom"":9979},""time"":1729913802876},{""box"":{""left"":8862,""right"":6958,""top"":10000,""bottom"":9979},""time"":1729913802927},{""box"":{""left"":8862,""right"":6958,""top"":10000,""bottom"":9979},""time"":1729913802978},{""box"":{""left"":8862,""right"":6958,""top"":10000,""bottom"":9979},""time"":1729913803039},{""box"":{""left"":8862,""right"":6958,""top"":10000,""bottom"":9979},""time"":1729913803113},{""box"":{""left"":8862,""right"":6958,""top"":10000,""bottom"":9979},""time"":1729913803139},{""box"":{""left"":8862,""right"":6958,""top"":10000,""bottom"":9979},""time"":1729913803154},{""box"":{""left"":8862,""right"":6958,""top"":10000,""bottom"":9979},""time"":1729913803238},{""box"":{""left"":8862,""right"":6958,""top"":10000,""bottom"":9979},""time"":1729913803289},{""box"":{""left"":8862,""right"":6958,""top"":10000,""bottom"":9979},""time"":1729913803329},{""box"":{""left"":8862,""right"":6958,""top"":10000,""bottom"":9979},""time"":1729913803363},{""box"":{""left"":8862,""right"":6958,""top"":10000,""bottom"":9979},""time"":1729913803414},{""box"":{""left"":8862,""right"":6958,""top"":10000,""bottom"":9979},""time"":1729913803453},{""box"":{""left"":8862,""right"":6958,""top"":10000,""bottom"":9979},""time"":1729913803476},{""box"":{""left"":8862,""right"":6958,""top"":10000,""bottom"":9979},""time"":1729913803519},{""box"":{""left"":8862,""right"":6958,""top"":10000,""bottom"":9979},""time"":1729913803541},{""box"":{""left"":8862,""right"":6958,""top"":10000,""bottom"":9979},""time"":1729913803559},{""box"":{""left"":8862,""right"":6958,""top"":10000,""bottom"":9979},""time"":1729913803594},{""box"":{""left"":8862,""right"":6958,""top"":10000,""bottom"":9979},""time"":1729913803622},{""box"":{""left"":8862,""right"":6958,""top"":10000,""bottom"":9979},""time"":1729913803634},{""box"":{""left"":8862,""right"":6958,""top"":10000,""bottom"":9979},""time"":1729913803686},{""box"":{""left"":8862,""right"":6958,""top"":10000,""bottom"":9979},""time"":1729913803718},{""box"":{""left"":8862,""right"":6958,""top"":10000,""bottom"":9979},""time"":1729913803771},{""box"":{""left"":8862,""right"":6958,""top"":10000,""bottom"":9979},""time"":1729913803794},{""box"":{""left"":8862,""right"":6958,""top"":10000,""bottom"":9979},""time"":1729913803837},{""box"":{""left"":8862,""right"":6958,""top"":10000,""bottom"":9979},""time"":1729913803869},{""box"":{""left"":8862,""right"":6958,""top"":10000,""bottom"":9979},""time"":1729913803923},{""box"":{""left"":8862,""right"":6958,""top"":10000,""bottom"":9979},""time"":1729913803955},{""box"":{""left"":8862,""right"":6958,""top"":10000,""bottom"":9979},""time"":1729913804008},{""box"":{""left"":8862,""right"":6958,""top"":10000,""bottom"":9979},""time"":1729913804031},{""box"":{""left"":8862,""right"":6958,""top"":10000,""bottom"":9979},""time"":1729913804074},{""box"":{""left"":8862,""right"":6958,""top"":10000,""bottom"":9979},""time"":1729913804095},{""box"":{""left"":8862,""right"":6958,""top"":10000,""bottom"":9979},""time"":1729913804139},{""box"":{""left"":8862,""right"":6958,""top"":10000,""bottom"":9979},""time"":1729913804161},{""box"":{""left"":8862,""right"":6958,""top"":10000,""bottom"":9979},""time"":1729913804189},{""box"":{""left"":8862,""right"":6958,""top"":10000,""bottom"":9979},""time"":1729913804202},{""box"":{""left"":8862,""right"":6958,""top"":10000,""bottom"":9979},""time"":1729913804255},{""box"":{""left"":8862,""right"":6958,""top"":10000,""bottom"":9979},""time"":1729913804278},{""box"":{""left"":8862,""right"":6958,""top"":10000,""bottom"":9979},""time"":1729913804321},{""box"":{""left"":8862,""right"":6958,""top"":10000,""bottom"":9979},""time"":1729913804353},{""box"":{""left"":8862,""right"":6958,""top"":10000,""bottom"":9979},""time"":1729913804406},{""box"":{""left"":8862,""right"":6958,""top"":10000,""bottom"":9979},""time"":1729913804429},{""box"":{""left"":8862,""right"":6958,""top"":10000,""bottom"":9979},""time"":1729913804472},{""box"":{""left"":8862,""right"":6958,""top"":10000,""bottom"":9979},""time"":1729913804485},{""box"":{""left"":8862,""right"":6958,""top"":10000,""bottom"":9979},""time"":1729913804538},{""box"":{""left"":8862,""right"":6958,""top"":10000,""bottom"":9979},""time"":1729913804559},{""box"":{""left"":8862,""right"":6958,""top"":10000,""bottom"":9979},""time"":1729913804603},{""box"":{""left"":8862,""right"":6958,""top"":10000,""bottom"":9979},""time"":1729913804617},{""box"":{""left"":8862,""right"":6958,""top"":10000,""bottom"":9979},""time"":1729913804669},{""box"":{""left"":8862,""right"":6958,""top"":10000,""bottom"":9979},""time"":1729913804682},{""box"":{""left"":8862,""right"":6958,""top"":10000,""bottom"":9979},""time"":1729913804710},{""box"":{""left"":8862,""right"":6958,""top"":10000,""bottom"":9979},""time"":1729913804732},{""box"":{""left"":8862,""right"":6958,""top"":10000,""bottom"":9979},""time"":1729913804754},{""box"":{""left"":8862,""right"":6958,""top"":10000,""bottom"":9979},""time"":1729913804807},{""box"":{""left"":8862,""right"":6958,""top"":10000,""bottom"":9979},""time"":1729913804828},{""box"":{""left"":8862,""right"":6958,""top"":10000,""bottom"":9979},""time"":1729913804851},{""box"":{""left"":8862,""right"":6958,""top"":10000,""bottom"":9979},""time"":1729913804904},{""box"":{""left"":8862,""right"":6958,""top"":10000,""bottom"":9979},""time"":1729913804937},{""box"":{""left"":8862,""right"":6958,""top"":10000,""bottom"":9979},""time"":1729913804990},{""box"":{""left"":8862,""right"":6958,""top"":10000,""bottom"":9979},""time"":1729913805011},{""box"":{""left"":8862,""right"":6958,""top"":10000,""bottom"":9979},""time"":1729913805064},{""box"":{""left"":8862,""right"":6958,""top"":10000,""bottom"":9979},""time"":1729913805087},{""box"":{""left"":8862,""right"":6958,""top"":10000,""bottom"":9979},""time"":1729913805140},{""box"":{""left"":8862,""right"":6958,""top"":10000,""bottom"":9979},""time"":1729913805161},{""box"":{""left"":8862,""right"":6958,""top"":10000,""bottom"":9979},""time"":1729913805183},{""box"":{""left"":8862,""right"":6958,""top"":10000,""bottom"":9979},""time"":1729913805237},{""box"":{""left"":8862,""right"":6958,""top"":10000,""bottom"":9979},""time"":1729913805258},{""box"":{""left"":8862,""right"":6958,""top"":10000,""bottom"":9979},""time"":1729913805322},{""box"":{""left"":8862,""right"":6958,""top"":10000,""bottom"":9979},""time"":1729913805375},{""box"":{""left"":8862,""right"":6958,""top"":10000,""bottom"":9979},""time"":1729913805392},{""box"":{""left"":8862,""right"":6958,""top"":10000,""bottom"":9979},""time"":1729913805414},{""box"":{""left"":8862,""right"":6958,""top"":10000,""bottom"":9979},""time"":1729913805457},{""box"":{""left"":8862,""right"":6958,""top"":10000,""bottom"":9979},""time"":1729913805479},{""box"":{""left"":8862,""right"":6958,""top"":10000,""bottom"":9979},""time"":1729913805522},{""box"":{""left"":8862,""right"":6958,""top"":10000,""bottom"":9979},""time"":1729913805537},{""box"":{""left"":8862,""right"":6958,""top"":10000,""bottom"":9979},""time"":1729913805590},{""box"":{""left"":8862,""right"":6958,""top"":10000,""bottom"":9979},""time"":1729913805622},{""box"":{""left"":8862,""right"":6958,""top"":10000,""bottom"":9979},""time"":1729913805666},{""box"":{""left"":8862,""right"":6958,""top"":10000,""bottom"":9979},""time"":1729913805688},{""box"":{""left"":8862,""right"":6958,""top"":10000,""bottom"":9979},""time"":1729913805732},{""box"":{""left"":8862,""right"":6958,""top"":10000,""bottom"":9979},""time"":1729913805753},{""box"":{""left"":8862,""right"":6958,""top"":10000,""bottom"":9979},""time"":1729913805772},{""box"":{""left"":8862,""right"":6958,""top"":10000,""bottom"":9979},""time"":1729913805805},{""box"":{""left"":8862,""right"":6958,""top"":10000,""bottom"":9979},""time"":1729913805869},{""box"":{""left"":8862,""right"":6958,""top"":10000,""bottom"":9979},""time"":1729913805895},{""box"":{""left"":8862,""right"":6958,""top"":10000,""bottom"":9979},""time"":1729913805916},{""box"":{""left"":8862,""right"":6958,""top"":10000,""bottom"":9979},""time"":1729913805960},{""box"":{""left"":8862,""right"":6958,""top"":10000,""bottom"":9979},""time"":1729913805981},{""box"":{""left"":8862,""right"":6958,""top"":10000,""bottom"":9979},""time"":1729913806024},{""box"":{""left"":8862,""right"":6958,""top"":10000,""bottom"":9979},""time"":1729913806057},{""box"":{""left"":8862,""right"":6958,""top"":10000,""bottom"":9979},""time"":1729913806112},{""box"":{""left"":8862,""right"":6958,""top"":10000,""bottom"":9979},""time"":1729913806134},{""box"":{""left"":8862,""right"":6958,""top"":10000,""bottom"":9979},""time"":1729913806189},{""box"":{""left"":8862,""right"":6958,""top"":10000,""bottom"":9979},""time"":1729913806221},{""box"":{""left"":8862,""right"":6958,""top"":10000,""bottom"":9979},""time"":1729913806291},{""box"":{""left"":8862,""right"":6958,""top"":10000,""bottom"":9979},""time"":1729913806302},{""box"":{""left"":8862,""right"":6958,""top"":10000,""bottom"":9979},""time"":1729913806383},{""box"":{""left"":8862,""right"":6958,""top"":10000,""bottom"":9979},""time"":1729913806434},{""box"":{""left"":8862,""right"":6958,""top"":10000,""bottom"":9979},""time"":1729913806486},{""box"":{""left"":8862,""right"":6958,""top"":10000,""bottom"":9979},""time"":1729913806542},{""box"":{""left"":8862,""right"":6958,""top"":10000,""bottom"":9979},""time"":1729913806574},{""box"":{""left"":8862,""right"":6958,""top"":10000,""bottom"":9979},""time"":1729913806644},{""box"":{""left"":8862,""right"":6958,""top"":10000,""bottom"":9979},""time"":1729913806657},{""box"":{""left"":8862,""right"":6958,""top"":10000,""bottom"":9979},""time"":1729913806727},{""box"":{""left"":8862,""right"":6958,""top"":10000,""bottom"":9979},""time"":1729913806749},{""box"":{""left"":8862,""right"":6958,""top"":10000,""bottom"":9979},""time"":1729913806782},{""box"":{""left"":8862,""right"":6958,""top"":10000,""bottom"":9979},""time"":1729913806805},{""box"":{""left"":8862,""right"":6958,""top"":10000,""bottom"":9979},""time"":1729913806837},{""box"":{""left"":8862,""right"":6958,""top"":10000,""bottom"":9979},""time"":1729913806851},{""box"":{""left"":8862,""right"":6958,""top"":10000,""bottom"":9979},""time"":1729913806922},{""box"":{""left"":8862,""right"":6958,""top"":10000,""bottom"":9979},""time"":1729913806935},{""box"":{""left"":8862,""right"":6958,""top"":10000,""bottom"":9979},""time"":1729913806967},{""box"":{""left"":8862,""right"":6958,""top"":10000,""bottom"":9979},""time"":1729913806990},{""box"":{""left"":8862,""right"":6958,""top"":10000,""bottom"":9979},""time"":1729913807071},{""box"":{""left"":8862,""right"":6958,""top"":10000,""bottom"":9979},""time"":1729913807120},{""box"":{""left"":8862,""right"":6958,""top"":10000,""bottom"":9979},""time"":1729913807171},{""box"":{""left"":8862,""right"":6958,""top"":10000,""bottom"":9979},""time"":1729913807222},{""box"":{""left"":8862,""right"":6958,""top"":10000,""bottom"":9979},""time"":1729913807273},{""box"":{""left"":8862,""right"":6958,""top"":10000,""bottom"":9979},""time"":1729913807324},{""box"":{""left"":8862,""right"":6958,""top"":10000,""bottom"":9979},""time"":1729913807375},{""box"":{""left"":8862,""right"":6958,""top"":10000,""bottom"":9979},""time"":1729913807430},{""box"":{""left"":8862,""right"":6958,""top"":10000,""bottom"":9979},""time"":1729913807486},{""box"":{""left"":8862,""right"":6958,""top"":10000,""bottom"":9979},""time"":1729913807541},{""box"":{""left"":8862,""right"":6958,""top"":10000,""bottom"":9979},""time"":1729913807596},{""box"":{""left"":8862,""right"":6958,""top"":10000,""bottom"":9979},""time"":1729913807669},{""box"":{""left"":8862,""right"":6958,""top"":10000,""bottom"":9979},""time"":1729913807692},{""box"":{""left"":8862,""right"":6958,""top"":10000,""bottom"":9979},""time"":1729913807750},{""box"":{""left"":8862,""right"":6958,""top"":10000,""bottom"":9979},""time"":1729913807783},{""box"":{""left"":8862,""right"":6958,""top"":10000,""bottom"":9979},""time"":1729913807863},{""box"":{""left"":8862,""right"":6958,""top"":10000,""bottom"":9979},""time"":1729913807908},{""box"":{""left"":8862,""right"":6958,""top"":10000,""bottom"":9979},""time"":1729913807929},{""box"":{""left"":8862,""right"":6958,""top"":10000,""bottom"":9979},""time"":1729913807996},{""box"":{""left"":8862,""right"":6958,""top"":10000,""bottom"":9979},""time"":1729913808039},{""box"":{""left"":8862,""right"":6958,""top"":10000,""bottom"":9979},""time"":1729913808109},{""box"":{""left"":8862,""right"":6958,""top"":10000,""bottom"":9979},""time"":1729913808120},{""box"":{""left"":8862,""right"":6958,""top"":10000,""bottom"":9979},""time"":1729913808153},{""box"":{""left"":8862,""right"":6958,""top"":10000,""bottom"":9979},""time"":1729913808167},{""box"":{""left"":8862,""right"":6958,""top"":10000,""bottom"":9979},""time"":1729913808236},{""box"":{""left"":8862,""right"":6958,""top"":10000,""bottom"":9979},""time"":1729913808251},{""box"":{""left"":8862,""right"":6958,""top"":10000,""bottom"":9979},""time"":1729913808321},{""box"":{""left"":8862,""right"":6958,""top"":10000,""bottom"":9979},""time"":1729913808334},{""box"":{""left"":8862,""right"":6958,""top"":10000,""bottom"":9979},""time"":1729913808367},{""box"":{""left"":8862,""right"":6958,""top"":10000,""bottom"":9979},""time"":1729913808381},{""box"":{""left"":8862,""right"":6958,""top"":10000,""bottom"":9979},""time"":1729913808450},{""box"":{""left"":8862,""right"":6958,""top"":10000,""bottom"":9979},""time"":1729913808465},{""box"":{""left"":8862,""right"":6958,""top"":10000,""bottom"":9979},""time"":1729913808546},{""box"":{""left"":8862,""right"":6958,""top"":10000,""bottom"":9979},""time"":1729913808597},{""box"":{""left"":8862,""right"":6958,""top"":10000,""bottom"":9979},""time"":1729913808647},{""box"":{""left"":8862,""right"":6958,""top"":10000,""bottom"":9979},""time"":1729913808698},{""box"":{""left"":8862,""right"":6958,""top"":10000,""bottom"":9979},""time"":1729913808749},{""box"":{""left"":8862,""right"":6958,""top"":10000,""bottom"":9979},""time"":1729913808800},{""box"":{""left"":8862,""right"":6958,""top"":10000,""bottom"":9979},""time"":1729913808851},{""box"":{""left"":8862,""right"":6958,""top"":10000,""bottom"":9979},""time"":1729913808901},{""box"":{""left"":8862,""right"":6958,""top"":10000,""bottom"":9979},""time"":1729913808942},{""box"":{""left"":8862,""right"":6958,""top"":10000,""bottom"":9979},""time"":1729913808996},{""box"":{""left"":8862,""right"":6958,""top"":10000,""bottom"":9979},""time"":1729913809036},{""box"":{""left"":8862,""right"":6958,""top"":10000,""bottom"":9979},""time"":1729913809064},{""box"":{""left"":8862,""right"":6958,""top"":10000,""bottom"":9979},""time"":1729913809086},{""box"":{""left"":8862,""right"":6958,""top"":10000,""bottom"":9979},""time"":1729913809118},{""box"":{""left"":8862,""right"":6958,""top"":10000,""bottom"":9979},""time"":1729913809129},{""box"":{""left"":8862,""right"":6958,""top"":10000,""bottom"":9979},""time"":1729913809211},{""box"":{""left"":8862,""right"":6958,""top"":10000,""bottom"":9979},""time"":1729913809274},{""box"":{""left"":8862,""right"":6958,""top"":10000,""bottom"":9979},""time"":1729913809325},{""box"":{""left"":8862,""right"":6958,""top"":10000,""bottom"":9979},""time"":1729913809366},{""box"":{""left"":8862,""right"":6958,""top"":10000,""bottom"":9979},""time"":1729913809389},{""box"":{""left"":8862,""right"":6958,""top"":10000,""bottom"":9979},""time"":1729913809459},{""box"":{""left"":8862,""right"":6958,""top"":10000,""bottom"":9979},""time"":1729913809481},{""box"":{""left"":8862,""right"":6958,""top"":10000,""bottom"":9979},""time"":1729913809511},{""box"":{""left"":8862,""right"":6958,""top"":10000,""bottom"":9979},""time"":1729913809544},{""box"":{""left"":8862,""right"":6958,""top"":10000,""bottom"":9979},""time"":1729913809614},{""box"":{""left"":8862,""right"":6958,""top"":10000,""bottom"":9979},""time"":1729913809647},{""box"":{""left"":8862,""right"":6958,""top"":10000,""bottom"":9979},""time"":1729913809711},{""box"":{""left"":8862,""right"":6958,""top"":10000,""bottom"":9979},""time"":1729913809744},{""box"":{""left"":8862,""right"":6958,""top"":10000,""bottom"":9979},""time"":1729913809808},{""box"":{""left"":8862,""right"":6958,""top"":10000,""bottom"":9979},""time"":1729913809823},{""box"":{""left"":8862,""right"":6958,""top"":10000,""bottom"":9979},""time"":1729913809926},{""box"":{""left"":8862,""right"":6958,""top"":10000,""bottom"":9979},""time"":1729913809990},{""box"":{""left"":8862,""right"":6958,""top"":10000,""bottom"":9979},""time"":1729913810004},{""box"":{""left"":8862,""right"":6958,""top"":10000,""bottom"":9979},""time"":1729913810074},{""box"":{""left"":8862,""right"":6958,""top"":10000,""bottom"":9979},""time"":1729913810118},{""box"":{""left"":8862,""right"":6958,""top"":10000,""bottom"":9979},""time"":1729913810148},{""box"":{""left"":8862,""right"":6958,""top"":10000,""bottom"":9979},""time"":1729913810192},{""box"":{""left"":8862,""right"":6958,""top"":10000,""bottom"":9979},""time"":1729913810251},{""box"":{""left"":8862,""right"":6958,""top"":10000,""bottom"":9979},""time"":1729913810288},{""box"":{""left"":8862,""right"":6958,""top"":10000,""bottom"":9979},""time"":1729913810341},{""box"":{""left"":8862,""right"":6958,""top"":10000,""bottom"":9979},""time"":1729913810374},{""box"":{""left"":8862,""right"":6958,""top"":10000,""bottom"":9979},""time"":1729913810428},{""box"":{""left"":8862,""right"":6958,""top"":10000,""bottom"":9979},""time"":1729913810449},{""box"":{""left"":8862,""right"":6958,""top"":10000,""bottom"":9979},""time"":1729913810502},{""box"":{""left"":8862,""right"":6958,""top"":10000,""bottom"":9979},""time"":1729913810537},{""box"":{""left"":8862,""right"":6958,""top"":10000,""bottom"":9979},""time"":1729913810589},{""box"":{""left"":8862,""right"":6958,""top"":10000,""bottom"":9979},""time"":1729913810612},{""box"":{""left"":8862,""right"":6958,""top"":10000,""bottom"":9979},""time"":1729913810640},{""box"":{""left"":8862,""right"":6958,""top"":10000,""bottom"":9979},""time"":1729913810672},{""box"":{""left"":8862,""right"":6958,""top"":10000,""bottom"":9979},""time"":1729913810736},{""box"":{""left"":8862,""right"":6958,""top"":10000,""bottom"":9979},""time"":1729913810758},{""box"":{""left"":8862,""right"":6958,""top"":10000,""bottom"":9979},""time"":1729913810779},{""box"":{""left"":8862,""right"":6958,""top"":10000,""bottom"":9979},""time"":1729913810823},{""box"":{""left"":8862,""right"":6958,""top"":10000,""bottom"":9979},""time"":1729913810834},{""box"":{""left"":8862,""right"":6958,""top"":10000,""bottom"":9979},""time"":1729913810903},{""box"":{""left"":8862,""right"":6958,""top"":10000,""bottom"":9979},""time"":1729913810928},{""box"":{""left"":8862,""right"":6958,""top"":10000,""bottom"":9979},""time"":1729913810991},{""box"":{""left"":8862,""right"":6958,""top"":10000,""bottom"":9979},""time"":1729913811013},{""box"":{""left"":8862,""right"":6958,""top"":10000,""bottom"":9979},""time"":1729913811068},{""box"":{""left"":8862,""right"":6958,""top"":10000,""bottom"":9979},""time"":1729913811100},{""box"":{""left"":8862,""right"":6958,""top"":10000,""bottom"":9979},""time"":1729913811154},{""box"":{""left"":8862,""right"":6958,""top"":10000,""bottom"":9979},""time"":1729913811186},{""box"":{""left"":8862,""right"":6958,""top"":10000,""bottom"":9979},""time"":1729913811251},{""box"":{""left"":8862,""right"":6958,""top"":10000,""bottom"":9979},""time"":1729913811301},{""box"":{""left"":8862,""right"":6958,""top"":10000,""bottom"":9979},""time"":1729913811338},{""box"":{""left"":8862,""right"":6958,""top"":10000,""bottom"":9979},""time"":1729913811374},{""box"":{""left"":8862,""right"":6958,""top"":10000,""bottom"":9979},""time"":1729913811418},{""box"":{""left"":8862,""right"":6958,""top"":10000,""bottom"":9979},""time"":1729913811456},{""box"":{""left"":8862,""right"":6958,""top"":10000,""bottom"":9979},""time"":1729913811504},{""box"":{""left"":8862,""right"":6958,""top"":10000,""bottom"":9979},""time"":1729913811559},{""box"":{""left"":8862,""right"":6958,""top"":10000,""bottom"":9979},""time"":1729913811595},{""box"":{""left"":8862,""right"":6958,""top"":10000,""bottom"":9979},""time"":1729913811646},{""box"":{""left"":8862,""right"":6958,""top"":10000,""bottom"":9979},""time"":1729913811686},{""box"":{""left"":8862,""right"":6958,""top"":10000,""bottom"":9979},""time"":1729913811724},{""box"":{""left"":8862,""right"":6958,""top"":10000,""bottom"":9979},""time"":1729913811830},{""box"":{""left"":8862,""right"":6958,""top"":10000,""bottom"":9979},""time"":1729913811852},{""box"":{""left"":8862,""right"":6958,""top"":10000,""bottom"":9979},""time"":1729913811923},{""box"":{""left"":8862,""right"":6958,""top"":10000,""bottom"":9979},""time"":1729913811945},{""box"":{""left"":8862,""right"":6958,""top"":10000,""bottom"":9979},""time"":1729913812056},{""box"":{""left"":8862,""right"":6958,""top"":10000,""bottom"":9979},""time"":1729913812091},{""box"":{""left"":8862,""right"":6958,""top"":10000,""bottom"":9979},""time"":1729913812162},{""box"":{""left"":8862,""right"":6958,""top"":10000,""bottom"":9979},""time"":1729913812184},{""box"":{""left"":8862,""right"":6958,""top"":10000,""bottom"":9979},""time"":1729913812224},{""box"":{""left"":8862,""right"":6958,""top"":10000,""bottom"":9979},""time"":1729913812247},{""box"":{""left"":8862,""right"":6958,""top"":10000,""bottom"":9979},""time"":1729913812291},{""box"":{""left"":8862,""right"":6958,""top"":10000,""bottom"":9979},""time"":1729913812324},{""box"":{""left"":8862,""right"":6958,""top"":10000,""bottom"":9979},""time"":1729913812369},{""box"":{""left"":8862,""right"":6958,""top"":10000,""bottom"":9979},""time"":1729913812380},{""box"":{""left"":8862,""right"":6958,""top"":10000,""bottom"":9979},""time"":1729913812406},{""box"":{""left"":8862,""right"":6958,""top"":10000,""bottom"":9979},""time"":1729913812417},{""box"":{""left"":8862,""right"":6958,""top"":10000,""bottom"":9979},""time"":1729913812444},{""box"":{""left"":8862,""right"":6958,""top"":10000,""bottom"":9979},""time"":1729913812455},{""box"":{""left"":8862,""right"":6958,""top"":10000,""bottom"":9979},""time"":1729913812530},{""box"":{""left"":8862,""right"":6958,""top"":10000,""bottom"":9979},""time"":1729913812577},{""box"":{""left"":8862,""right"":6958,""top"":10000,""bottom"":9979},""time"":1729913812603},{""box"":{""left"":8862,""right"":6958,""top"":10000,""bottom"":9979},""time"":1729913812656},{""box"":{""left"":8862,""right"":6958,""top"":10000,""bottom"":9979},""time"":1729913812700},{""box"":{""left"":8862,""right"":6958,""top"":10000,""bottom"":9979},""time"":1729913812753},{""box"":{""left"":8862,""right"":6958,""top"":10000,""bottom"":9979},""time"":1729913812787},{""box"":{""left"":8862,""right"":6958,""top"":10000,""bottom"":9979},""time"":1729913812839},{""box"":{""left"":8862,""right"":6958,""top"":10000,""bottom"":9979},""time"":1729913812872},{""box"":{""left"":8862,""right"":6958,""top"":10000,""bottom"":9979},""time"":1729913813041},{""box"":{""left"":8862,""right"":6958,""top"":10000,""bottom"":9979},""time"":1729913813075},{""box"":{""left"":8862,""right"":6958,""top"":10000,""bottom"":9979},""time"":1729913813132},{""box"":{""left"":8862,""right"":6958,""top"":10000,""bottom"":9979},""time"":1729913813189},{""box"":{""left"":8862,""right"":6958,""top"":10000,""bottom"":9979},""time"":1729913813221},{""box"":{""left"":8862,""right"":6958,""top"":10000,""bottom"":9979},""time"":1729913813286},{""box"":{""left"":8862,""right"":6958,""top"":10000,""bottom"":9979},""time"":1729913813338},{""box"":{""left"":8862,""right"":6958,""top"":10000,""bottom"":9979},""time"":1729913813373},{""box"":{""left"":8862,""right"":6958,""top"":10000,""bottom"":9979},""time"":1729913813436},{""box"":{""left"":8862,""right"":6958,""top"":10000,""bottom"":9979},""time"":1729913813500},{""box"":{""left"":8862,""right"":6958,""top"":10000,""bottom"":9979},""time"":1729913813540},{""box"":{""left"":8862,""right"":6958,""top"":10000,""bottom"":9979},""time"":1729913813575},{""box"":{""left"":8862,""right"":6958,""top"":10000,""bottom"":9979},""time"":1729913813645},{""box"":{""left"":8862,""right"":6958,""top"":10000,""bottom"":9979},""time"":1729913813762},{""box"":{""left"":8862,""right"":6958,""top"":10000,""bottom"":9979},""time"":1729913813809},{""box"":{""left"":8862,""right"":6958,""top"":10000,""bottom"":9979},""time"":1729913813841},{""box"":{""left"":8862,""right"":6958,""top"":10000,""bottom"":9979},""time"":1729913813964},{""box"":{""left"":8862,""right"":6958,""top"":10000,""bottom"":9979},""time"":1729913813997},{""box"":{""left"":8862,""right"":6958,""top"":10000,""bottom"":9979},""time"":1729913814099},{""box"":{""left"":8862,""right"":6958,""top"":10000,""bottom"":9979},""time"":1729913814123},{""box"":{""left"":8862,""right"":6958,""top"":10000,""bottom"":9979},""time"":1729913814209},{""box"":{""left"":8862,""right"":6958,""top"":10000,""bottom"":9979},""time"":1729913814361},{""box"":{""left"":8862,""right"":6958,""top"":10000,""bottom"":9979},""time"":1729913814395},{""box"":{""left"":8862,""right"":6958,""top"":10000,""bottom"":9979},""time"":1729913814515},{""box"":{""left"":8862,""right"":6958,""top"":10000,""bottom"":9979},""time"":1729913814545},{""box"":{""left"":8862,""right"":6958,""top"":10000,""bottom"":9979},""time"":1729913814599},{""box"":{""left"":8862,""right"":6958,""top"":10000,""bottom"":9979},""time"":1729913814666},{""box"":{""left"":8862,""right"":6958,""top"":10000,""bottom"":9979},""time"":1729913814690},{""box"":{""left"":8862,""right"":6958,""top"":10000,""bottom"":9979},""time"":1729913814775},{""box"":{""left"":8862,""right"":6958,""top"":10000,""bottom"":9979},""time"":1729913814820},{""box"":{""left"":8862,""right"":6958,""top"":10000,""bottom"":9979},""time"":1729913814906},{""box"":{""left"":8862,""right"":6958,""top"":10000,""bottom"":9979},""time"":1729913814938},{""box"":{""left"":8862,""right"":6958,""top"":10000,""bottom"":9979},""time"":1729913815023},{""box"":{""left"":8862,""right"":6958,""top"":10000,""bottom"":9979},""time"":1729913815067},{""box"":{""left"":8862,""right"":6958,""top"":10000,""bottom"":9979},""time"":1729913815105},{""box"":{""left"":8862,""right"":6958,""top"":10000,""bottom"":9979},""time"":1729913815128},{""box"":{""left"":8862,""right"":6958,""top"":10000,""bottom"":9979},""time"":1729913815193},{""box"":{""left"":8862,""right"":6958,""top"":10000,""bottom"":9979},""time"":1729913815227},{""box"":{""left"":8862,""right"":6958,""top"":10000,""bottom"":9979},""time"":1729913815276},{""box"":{""left"":8862,""right"":6958,""top"":10000,""bottom"":9979},""time"":1729913815354},{""box"":{""left"":8862,""right"":6958,""top"":10000,""bottom"":9979},""time"":1729913815399},{""box"":{""left"":8862,""right"":6958,""top"":10000,""bottom"":9979},""time"":1729913815456},{""box"":{""left"":8862,""right"":6958,""top"":10000,""bottom"":9979},""time"":1729913815478},{""box"":{""left"":8862,""right"":6958,""top"":10000,""bottom"":9979},""time"":1729913815550},{""box"":{""left"":8862,""right"":6958,""top"":10000,""bottom"":9979},""time"":1729913815564},{""box"":{""left"":8862,""right"":6958,""top"":10000,""bottom"":9979},""time"":1729913815620},{""box"":{""left"":8862,""right"":6958,""top"":10000,""bottom"":9979},""time"":1729913815644},{""box"":{""left"":8862,""right"":6958,""top"":10000,""bottom"":9979},""time"":1729913815710},{""box"":{""left"":8862,""right"":6958,""top"":10000,""bottom"":9979},""time"":1729913815733},{""box"":{""left"":8862,""right"":6958,""top"":10000,""bottom"":9979},""time"":1729913815803},{""box"":{""left"":8862,""right"":6958,""top"":10000,""bottom"":9979},""time"":1729913815848},{""box"":{""left"":8862,""right"":6958,""top"":10000,""bottom"":9979},""time"":1729913815914},{""box"":{""left"":8862,""right"":6958,""top"":10000,""bottom"":9979},""time"":1729913815947},{""box"":{""left"":8862,""right"":6958,""top"":10000,""bottom"":9979},""time"":1729913816027},{""box"":{""left"":8862,""right"":6958,""top"":10000,""bottom"":9979},""time"":1729913816049},{""box"":{""left"":8862,""right"":6958,""top"":10000,""bottom"":9979},""time"":1729913816147},{""box"":{""left"":8862,""right"":6958,""top"":10000,""bottom"":9979},""time"":1729913816185},{""box"":{""left"":8862,""right"":6958,""top"":10000,""bottom"":9979},""time"":1729913816199},{""box"":{""left"":8862,""right"":6958,""top"":10000,""bottom"":9979},""time"":1729913816285},{""box"":{""left"":8862,""right"":6958,""top"":10000,""bottom"":9979},""time"":1729913816376},{""box"":{""left"":8862,""right"":6958,""top"":10000,""bottom"":9979},""time"":1729913817010},{""box"":{""left"":8862,""right"":6958,""top"":10000,""bottom"":9979},""time"":1729913817032},{""box"":{""left"":8862,""right"":6958,""top"":10000,""bottom"":9979},""time"":1729913817188},{""box"":{""left"":8862,""right"":6958,""top"":10000,""bottom"":9979},""time"":1729913817211},{""box"":{""left"":8862,""right"":6958,""top"":10000,""bottom"":9979},""time"":1729913817276},{""box"":{""left"":8862,""right"":6958,""top"":10000,""bottom"":9979},""time"":1729913817321},{""box"":{""left"":8862,""right"":6958,""top"":10000,""bottom"":9979},""time"":1729913817386},{""box"":{""left"":8862,""right"":6958,""top"":10000,""bottom"":9979},""time"":1729913817410},{""box"":{""left"":8862,""right"":6958,""top"":10000,""bottom"":9979},""time"":1729913817495},{""box"":{""left"":8862,""right"":6958,""top"":10000,""bottom"":9979},""time"":1729913817528},{""box"":{""left"":8862,""right"":6958,""top"":10000,""bottom"":9979},""time"":1729913817614},{""box"":{""left"":8862,""right"":6958,""top"":10000,""bottom"":9979},""time"":1729913817628},{""box"":{""left"":8862,""right"":6958,""top"":10000,""bottom"":9979},""time"":1729913817703},{""box"":{""left"":8862,""right"":6958,""top"":10000,""bottom"":9979},""time"":1729913817739},{""box"":{""left"":8862,""right"":6958,""top"":10000,""bottom"":9979},""time"":1729913817798},{""box"":{""left"":8862,""right"":6958,""top"":10000,""bottom"":9979},""time"":1729913817830},{""box"":{""left"":8862,""right"":6958,""top"":10000,""bottom"":9979},""time"":1729913817895},{""box"":{""left"":8862,""right"":6958,""top"":10000,""bottom"":9979},""time"":1729913817917},{""box"":{""left"":8862,""right"":6958,""top"":10000,""bottom"":9979},""time"":1729913818003},{""box"":{""left"":8862,""right"":6958,""top"":10000,""bottom"":9979},""time"":1729913818035},{""box"":{""left"":8862,""right"":6958,""top"":10000,""bottom"":9979},""time"":1729913818111},{""box"":{""left"":8862,""right"":6958,""top"":10000,""bottom"":9979},""time"":1729913818133},{""box"":{""left"":8862,""right"":6958,""top"":10000,""bottom"":9979},""time"":1729913818218},{""box"":{""left"":8862,""right"":6958,""top"":10000,""bottom"":9979},""time"":1729913818252},{""box"":{""left"":8862,""right"":6958,""top"":10000,""bottom"":9979},""time"":1729913818338},{""box"":{""left"":8862,""right"":6958,""top"":10000,""bottom"":9979},""time"":1729913818359},{""box"":{""left"":8862,""right"":6958,""top"":10000,""bottom"":9979},""time"":1729913818445},{""box"":{""left"":8862,""right"":6958,""top"":10000,""bottom"":9979},""time"":1729913818490},{""box"":{""left"":8862,""right"":6958,""top"":10000,""bottom"":9979},""time"":1729913818576},{""box"":{""left"":8862,""right"":6958,""top"":10000,""bottom"":9979},""time"":1729913818609},{""box"":{""left"":8862,""right"":6958,""top"":10000,""bottom"":9979},""time"":1729913818684},{""box"":{""left"":8862,""right"":6958,""top"":10000,""bottom"":9979},""time"":1729913818706},{""box"":{""left"":8862,""right"":6958,""top"":10000,""bottom"":9979},""time"":1729913818760},{""box"":{""left"":8862,""right"":6958,""top"":10000,""bottom"":9979},""time"":1729913818805},{""box"":{""left"":8862,""right"":6958,""top"":10000,""bottom"":9979},""time"":1729913819097},{""box"":{""left"":8862,""right"":6958,""top"":10000,""bottom"":9979},""time"":1729913819151},{""box"":{""left"":8862,""right"":6958,""top"":10000,""bottom"":9979},""time"":1729913819173},{""box"":{""left"":8862,""right"":6958,""top"":10000,""bottom"":9979},""time"":1729913819228},{""box"":{""left"":8862,""right"":6958,""top"":10000,""bottom"":9979},""time"":1729913819251},{""box"":{""left"":8862,""right"":6958,""top"":10000,""bottom"":9979},""time"":1729913819279},{""box"":{""left"":8862,""right"":6958,""top"":10000,""bottom"":9979},""time"":1729913819301},{""box"":{""left"":8862,""right"":6958,""top"":10000,""bottom"":9979},""time"":1729913819366},{""box"":{""left"":8862,""right"":6958,""top"":10000,""bottom"":9979},""time"":1729913819380},{""box"":{""left"":8862,""right"":6958,""top"":10000,""bottom"":9979},""time"":1729913819445},{""box"":{""left"":8862,""right"":6958,""top"":10000,""bottom"":9979},""time"":1729913819459},{""box"":{""left"":8862,""right"":6958,""top"":10000,""bottom"":9979},""time"":1729913819533},{""box"":{""left"":8862,""right"":6958,""top"":10000,""bottom"":9979},""time"":1729913819545},{""box"":{""left"":8862,""right"":6958,""top"":10000,""bottom"":9979},""time"":1729913819576},{""box"":{""left"":8862,""right"":6958,""top"":10000,""bottom"":9979},""time"":1729913819600},{""box"":{""left"":8862,""right"":6958,""top"":10000,""bottom"":9979},""time"":1729913819675},{""box"":{""left"":8862,""right"":6958,""top"":10000,""bottom"":9979},""time"":1729913819708},{""box"":{""left"":8862,""right"":6958,""top"":10000,""bottom"":9979},""time"":1729913819738},{""box"":{""left"":8862,""right"":6958,""top"":10000,""bottom"":9979},""time"":1729913819783},{""box"":{""left"":8862,""right"":6958,""top"":10000,""bottom"":9979},""time"":1729913819815},{""box"":{""left"":8862,""right"":6958,""top"":10000,""bottom"":9979},""time"":1729913819858},{""box"":{""left"":8862,""right"":6958,""top"":10000,""bottom"":9979},""time"":1729913819893},{""box"":{""left"":8862,""right"":6958,""top"":10000,""bottom"":9979},""time"":1729913819925},{""box"":{""left"":8862,""right"":6958,""top"":10000,""bottom"":9979},""time"":1729913820000},{""box"":{""left"":8862,""right"":6958,""top"":10000,""bottom"":9979},""time"":1729913820054},{""box"":{""left"":8862,""right"":6958,""top"":10000,""bottom"":9979},""time"":1729913820094},{""box"":{""left"":8862,""right"":6958,""top"":10000,""bottom"":9979},""time"":1729913820126},{""box"":{""left"":8862,""right"":6958,""top"":10000,""bottom"":9979},""time"":1729913820246},{""box"":{""left"":8862,""right"":6958,""top"":10000,""bottom"":9979},""time"":1729913820290},{""box"":{""left"":8862,""right"":6958,""top"":10000,""bottom"":9979},""time"":1729913820447},{""box"":{""left"":8862,""right"":6958,""top"":10000,""bottom"":9979},""time"":1729913820503},{""box"":{""left"":8862,""right"":6958,""top"":10000,""bottom"":9979},""time"":1729913820589},{""box"":{""left"":8862,""right"":6958,""top"":10000,""bottom"":9979},""time"":1729913821033},{""box"":{""left"":8862,""right"":6958,""top"":10000,""bottom"":9979},""time"":1729913821078},{""box"":{""left"":8862,""right"":6958,""top"":10000,""bottom"":9979},""time"":1729913821116},{""box"":{""left"":8862,""right"":6958,""top"":10000,""bottom"":9979},""time"":1729913821148},{""box"":{""left"":8862,""right"":6958,""top"":10000,""bottom"":9979},""time"":1729913821229},{""box"":{""left"":8862,""right"":6958,""top"":10000,""bottom"":9979},""time"":1729913821261},{""box"":{""left"":8862,""right"":6958,""top"":10000,""bottom"":9979},""time"":1729913821295},{""box"":{""left"":8862,""right"":6958,""top"":10000,""bottom"":9979},""time"":1729913821328},{""box"":{""left"":8862,""right"":6958,""top"":10000,""bottom"":9979},""time"":1729913821403},{""box"":{""left"":8862,""right"":6958,""top"":10000,""bottom"":9979},""time"":1729913821417},{""box"":{""left"":8862,""right"":6958,""top"":10000,""bottom"":9979},""time"":1729913821492},{""box"":{""left"":8862,""right"":6958,""top"":10000,""bottom"":9979},""time"":1729913821536},{""box"":{""left"":8862,""right"":6958,""top"":10000,""bottom"":9979},""time"":1729913821611},{""box"":{""left"":8862,""right"":6958,""top"":10000,""bottom"":9979},""time"":1729913821625},{""box"":{""left"":8862,""right"":6958,""top"":10000,""bottom"":9979},""time"":1729913821701},{""box"":{""left"":8862,""right"":6958,""top"":10000,""bottom"":9979},""time"":1729913821723},{""box"":{""left"":8862,""right"":6958,""top"":10000,""bottom"":9979},""time"":1729913821800},{""box"":{""left"":8862,""right"":6958,""top"":10000,""bottom"":9979},""time"":1729913821851},{""box"":{""left"":8862,""right"":6958,""top"":10000,""bottom"":9979},""time"":1729913821904},{""box"":{""left"":8862,""right"":6958,""top"":10000,""bottom"":9979},""time"":1729913821944},{""box"":{""left"":8862,""right"":6958,""top"":10000,""bottom"":9979},""time"":1729913821957},{""box"":{""left"":8862,""right"":6958,""top"":10000,""bottom"":9979},""time"":1729913822043},{""box"":{""left"":8862,""right"":6958,""top"":10000,""bottom"":9979},""time"":1729913822075},{""box"":{""left"":8862,""right"":6958,""top"":10000,""bottom"":9979},""time"":1729913822090},{""box"":{""left"":8862,""right"":6958,""top"":10000,""bottom"":9979},""time"":1729913822166},{""box"":{""left"":8862,""right"":6958,""top"":10000,""bottom"":9979},""time"":1729913822188},{""box"":{""left"":8862,""right"":6958,""top"":10000,""bottom"":9979},""time"":1729913822244},{""box"":{""left"":8862,""right"":6958,""top"":10000,""bottom"":9979},""time"":1729913822257},{""box"":{""left"":8862,""right"":6958,""top"":10000,""bottom"":9979},""time"":1729913822332},{""box"":{""left"":8862,""right"":6958,""top"":10000,""bottom"":9979},""time"":1729913822347},{""box"":{""left"":8862,""right"":6958,""top"":10000,""bottom"":9979},""time"":1729913822422},{""box"":{""left"":8862,""right"":6958,""top"":10000,""bottom"":9979},""time"":1729913822435},{""box"":{""left"":8862,""right"":6958,""top"":10000,""bottom"":9979},""time"":1729913822511},{""box"":{""left"":8862,""right"":6958,""top"":10000,""bottom"":9979},""time"":1729913822532},{""box"":{""left"":8862,""right"":6958,""top"":10000,""bottom"":9979},""time"":1729913822618},{""box"":{""left"":8862,""right"":6958,""top"":10000,""bottom"":9979},""time"":1729913822669},{""box"":{""left"":8862,""right"":6958,""top"":10000,""bottom"":9979},""time"":1729913822721},{""box"":{""left"":8862,""right"":6958,""top"":10000,""bottom"":9979},""time"":1729913822828},{""box"":{""left"":8862,""right"":6958,""top"":10000,""bottom"":9979},""time"":1729913823003},{""box"":{""left"":8862,""right"":6958,""top"":10000,""bottom"":9979},""time"":1729913823059},{""box"":{""left"":8862,""right"":6958,""top"":10000,""bottom"":9979},""time"":1729913823132},{""box"":{""left"":8862,""right"":6958,""top"":10000,""bottom"":9979},""time"":1729913823167},{""box"":{""left"":8862,""right"":6958,""top"":10000,""bottom"":9979},""time"":1729913823242},{""box"":{""left"":8862,""right"":6958,""top"":10000,""bottom"":9979},""time"":1729913823256},{""box"":{""left"":8862,""right"":6958,""top"":10000,""bottom"":9979},""time"":1729913823319},{""box"":{""left"":8862,""right"":6958,""top"":10000,""bottom"":9979},""time"":1729913823353},{""box"":{""left"":8862,""right"":6958,""top"":10000,""bottom"":9979},""time"":1729913823427},{""box"":{""left"":8862,""right"":6958,""top"":10000,""bottom"":9979},""time"":1729913823450},{""box"":{""left"":8862,""right"":6958,""top"":10000,""bottom"":9979},""time"":1729913823504},{""box"":{""left"":8862,""right"":6958,""top"":10000,""bottom"":9979},""time"":1729913823526},{""box"":{""left"":8862,""right"":6958,""top"":10000,""bottom"":9979},""time"":1729913823593},{""box"":{""left"":8862,""right"":6958,""top"":10000,""bottom"":9979},""time"":1729913823650},{""box"":{""left"":8862,""right"":6958,""top"":10000,""bottom"":9979},""time"":1729913823706},{""box"":{""left"":8862,""right"":6958,""top"":10000,""bottom"":9979},""time"":1729913823761},{""box"":{""left"":8862,""right"":6958,""top"":10000,""bottom"":9979},""time"":1729913823818},{""box"":{""left"":8862,""right"":6958,""top"":10000,""bottom"":9979},""time"":1729913823874},{""box"":{""left"":8862,""right"":6958,""top"":10000,""bottom"":9979},""time"":1729913823985},{""box"":{""left"":8862,""right"":6958,""top"":10000,""bottom"":9979},""time"":1729913823998},{""box"":{""left"":8862,""right"":6958,""top"":10000,""bottom"":9979},""time"":1729913824065},{""box"":{""left"":8862,""right"":6958,""top"":10000,""bottom"":9979},""time"":1729913824118},{""box"":{""left"":8862,""right"":6958,""top"":10000,""bottom"":9979},""time"":1729913824189},{""box"":{""left"":8862,""right"":6958,""top"":10000,""bottom"":9979},""time"":1729913824232},{""box"":{""left"":8862,""right"":6958,""top"":10000,""bottom"":9979},""time"":1729913824270},{""box"":{""left"":8862,""right"":6958,""top"":10000,""bottom"":9979},""time"":1729913824305},{""box"":{""left"":8862,""right"":6958,""top"":10000,""bottom"":9979},""time"":1729913824343},{""box"":{""left"":8862,""right"":6958,""top"":10000,""bottom"":9979},""time"":1729913824368},{""box"":{""left"":8862,""right"":6958,""top"":10000,""bottom"":9979},""time"":1729913824454},{""box"":{""left"":8862,""right"":6958,""top"":10000,""bottom"":9979},""time"":1729913824509},{""box"":{""left"":8862,""right"":6958,""top"":10000,""bottom"":9979},""time"":1729913824548},{""box"":{""left"":8862,""right"":6958,""top"":10000,""bottom"":9979},""time"":1729913824580},{""box"":{""left"":8862,""right"":6958,""top"":10000,""bottom"":9979},""time"":1729913824625},{""box"":{""left"":8862,""right"":6958,""top"":10000,""bottom"":9979},""time"":1729913824670},{""box"":{""left"":8862,""right"":6958,""top"":10000,""bottom"":9979},""time"":1729913824740},{""box"":{""left"":8862,""right"":6958,""top"":10000,""bottom"":9979},""time"":1729913824762},{""box"":{""left"":8862,""right"":6958,""top"":10000,""bottom"":9979},""time"":1729913824858},{""box"":{""left"":8862,""right"":6958,""top"":10000,""bottom"":9979},""time"":1729913824891},{""box"":{""left"":8862,""right"":6958,""top"":10000,""bottom"":9979},""time"":1729913825028},{""box"":{""left"":8862,""right"":6958,""top"":10000,""bottom"":9979},""time"":1729913825203},{""box"":{""left"":8862,""right"":6958,""top"":10000,""bottom"":9979},""time"":1729913825249},{""box"":{""left"":8862,""right"":6958,""top"":10000,""bottom"":9979},""time"":1729913825274},{""box"":{""left"":8862,""right"":6958,""top"":10000,""bottom"":9979},""time"":1729913825360},{""box"":{""left"":8862,""right"":6958,""top"":10000,""bottom"":9979},""time"":1729913825404},{""box"":{""left"":8862,""right"":6958,""top"":10000,""bottom"":9979},""time"":1729913825490},{""box"":{""left"":8862,""right"":6958,""top"":10000,""bottom"":9979},""time"":1729913825522},{""box"":{""left"":8862,""right"":6958,""top"":10000,""bottom"":9979},""time"":1729913825589},{""box"":{""left"":8862,""right"":6958,""top"":10000,""bottom"":9979},""time"":1729913825634},{""box"":{""left"":8862,""right"":6958,""top"":10000,""bottom"":9979},""time"":1729913825719},{""box"":{""left"":8862,""right"":6958,""top"":10000,""bottom"":9979},""time"":1729913825775},{""box"":{""left"":8862,""right"":6958,""top"":10000,""bottom"":9979},""time"":1729913825842},{""box"":{""left"":8862,""right"":6958,""top"":10000,""bottom"":9979},""time"":1729913825867},{""box"":{""left"":8862,""right"":6958,""top"":10000,""bottom"":9979},""time"":1729913825953},{""box"":{""left"":8862,""right"":6958,""top"":10000,""bottom"":9979},""time"":1729913826008},{""box"":{""left"":8862,""right"":6958,""top"":10000,""bottom"":9979},""time"":1729913826105},{""box"":{""left"":8862,""right"":6958,""top"":10000,""bottom"":9979},""time"":1729913826158},{""box"":{""left"":8862,""right"":6958,""top"":10000,""bottom"":9979},""time"":1729913826209},{""box"":{""left"":8862,""right"":6958,""top"":10000,""bottom"":9979},""time"":1729913826424},{""box"":{""left"":8862,""right"":6958,""top"":10000,""bottom"":9979},""time"":1729913826894},{""box"":{""left"":8862,""right"":6958,""top"":10000,""bottom"":9979},""time"":1729913827081},{""box"":{""left"":8862,""right"":6958,""top"":10000,""bottom"":9979},""time"":1729913827111},{""box"":{""left"":8862,""right"":6958,""top"":10000,""bottom"":9979},""time"":1729913827166},{""box"":{""left"":8862,""right"":6958,""top"":10000,""bottom"":9979},""time"":1729913827200},{""box"":{""left"":8862,""right"":6958,""top"":10000,""bottom"":9979},""time"":1729913827233},{""box"":{""left"":8862,""right"":6958,""top"":10000,""bottom"":9979},""time"":1729913827309},{""box"":{""left"":8862,""right"":6958,""top"":10000,""bottom"":9979},""time"":1729913827334},{""box"":{""left"":8862,""right"":6958,""top"":10000,""bottom"":9979},""time"":1729913827458},{""box"":{""left"":8862,""right"":6958,""top"":10000,""bottom"":9979},""time"":1729913827517},{""box"":{""left"":8862,""right"":6958,""top"":10000,""bottom"":9979},""time"":1729913827560},{""box"":{""left"":8862,""right"":6958,""top"":10000,""bottom"":9979},""time"":1729913827647},{""box"":{""left"":8862,""right"":6958,""top"":10000,""bottom"":9979},""time"":1729913827800},{""box"":{""left"":8862,""right"":6958,""top"":10000,""bottom"":9979},""time"":1729913827876},{""box"":{""left"":8862,""right"":6958,""top"":10000,""bottom"":9979},""time"":1729913827943},{""box"":{""left"":8862,""right"":6958,""top"":10000,""bottom"":9979},""time"":1729913828008},{""box"":{""left"":8862,""right"":6958,""top"":10000,""bottom"":9979},""time"":1729913828053},{""box"":{""left"":8862,""right"":6958,""top"":10000,""bottom"":9979},""time"":1729913828117},{""box"":{""left"":8862,""right"":6958,""top"":10000,""bottom"":9979},""time"":1729913828152},{""box"":{""left"":8862,""right"":6958,""top"":10000,""bottom"":9979},""time"":1729913828180},{""box"":{""left"":8862,""right"":6958,""top"":10000,""bottom"":9979},""time"":1729913828213},{""box"":{""left"":8862,""right"":6958,""top"":10000,""bottom"":9979},""time"":1729913828323},{""box"":{""left"":8862,""right"":6958,""top"":10000,""bottom"":9979},""time"":1729913828356},{""box"":{""left"":8862,""right"":6958,""top"":10000,""bottom"":9979},""time"":1729913828422},{""box"":{""left"":8862,""right"":6958,""top"":10000,""bottom"":9979},""time"":1729913828475},{""box"":{""left"":8862,""right"":6958,""top"":10000,""bottom"":9979},""time"":1729913828508},{""box"":{""left"":8862,""right"":6958,""top"":10000,""bottom"":9979},""time"":1729913828530},{""box"":{""left"":8862,""right"":6958,""top"":10000,""bottom"":9979},""time"":1729913828585},{""box"":{""left"":8862,""right"":6958,""top"":10000,""bottom"":9979},""time"":1729913828629},{""box"":{""left"":8862,""right"":6958,""top"":10000,""bottom"":9979},""time"":1729913828657},{""box"":{""left"":8862,""right"":6958,""top"":10000,""bottom"":9979},""time"":1729913828692},{""box"":{""left"":8862,""right"":6958,""top"":10000,""bottom"":9979},""time"":1729913828755},{""box"":{""left"":8862,""right"":6958,""top"":10000,""bottom"":9979},""time"":1729913828770},{""box"":{""left"":8862,""right"":6958,""top"":10000,""bottom"":9979},""time"":1729913828835},{""box"":{""left"":8862,""right"":6958,""top"":10000,""bottom"":9979},""time"":1729913828892},{""box"":{""left"":8862,""right"":6958,""top"":10000,""bottom"":9979},""time"":1729913828939},{""box"":{""left"":8862,""right"":6958,""top"":10000,""bottom"":9979},""time"":1729913828979},{""box"":{""left"":8862,""right"":6958,""top"":10000,""bottom"":9979},""time"":1729913829014},{""box"":{""left"":8862,""right"":6958,""top"":10000,""bottom"":9979},""time"":1729913829047},{""box"":{""left"":8862,""right"":6958,""top"":10000,""bottom"":9979},""time"":1729913829090},{""box"":{""left"":8862,""right"":6958,""top"":10000,""bottom"":9979},""time"":1729913829125},{""box"":{""left"":8862,""right"":6958,""top"":10000,""bottom"":9979},""time"":1729913829136},{""box"":{""left"":8862,""right"":6958,""top"":10000,""bottom"":9979},""time"":1729913829200},{""box"":{""left"":8862,""right"":6958,""top"":10000,""bottom"":9979},""time"":1729913829234},{""box"":{""left"":8862,""right"":6958,""top"":10000,""bottom"":9979},""time"":1729913829262},{""box"":{""left"":8862,""right"":6958,""top"":10000,""bottom"":9979},""time"":1729913829295},{""box"":{""left"":8862,""right"":6958,""top"":10000,""bottom"":9979},""time"":1729913829367},{""box"":{""left"":8862,""right"":6958,""top"":10000,""bottom"":9979},""time"":1729913829412},{""box"":{""left"":8862,""right"":6958,""top"":10000,""bottom"":9979},""time"":1729913829476},{""box"":{""left"":8862,""right"":6958,""top"":10000,""bottom"":9979},""time"":1729913829510},{""box"":{""left"":8862,""right"":6958,""top"":10000,""bottom"":9979},""time"":1729913829541},{""box"":{""left"":8862,""right"":6958,""top"":10000,""bottom"":9979},""time"":1729913829574},{""box"":{""left"":8862,""right"":6958,""top"":10000,""bottom"":9979},""time"":1729913829645},{""box"":{""left"":8862,""right"":6958,""top"":10000,""bottom"":9979},""time"":1729913829678},{""box"":{""left"":8862,""right"":6958,""top"":10000,""bottom"":9979},""time"":1729913829708},{""box"":{""left"":8862,""right"":6958,""top"":10000,""bottom"":9979},""time"":1729913829743},{""box"":{""left"":8862,""right"":6958,""top"":10000,""bottom"":9979},""time"":1729913829771},{""box"":{""left"":8862,""right"":6958,""top"":10000,""bottom"":9979},""time"":1729913829793},{""box"":{""left"":8862,""right"":6958,""top"":10000,""bottom"":9979},""time"":1729913829822},{""box"":{""left"":8862,""right"":6958,""top"":10000,""bottom"":9979},""time"":1729913829836},{""box"":{""left"":8862,""right"":6958,""top"":10000,""bottom"":9979},""time"":1729913829902},{""box"":{""left"":8862,""right"":6958,""top"":10000,""bottom"":9979},""time"":1729913829924},{""box"":{""left"":8862,""right"":6958,""top"":10000,""bottom"":9979},""time"":1729913829955},{""box"":{""left"":8862,""right"":6958,""top"":10000,""bottom"":9979},""time"":1729913829970},{""box"":{""left"":8862,""right"":6958,""top"":10000,""bottom"":9979},""time"":1729913830040},{""box"":{""left"":8862,""right"":6958,""top"":10000,""bottom"":9979},""time"":1729913830074},{""box"":{""left"":8862,""right"":6958,""top"":10000,""bottom"":9979},""time"":1729913830144},{""box"":{""left"":8862,""right"":6958,""top"":10000,""bottom"":9979},""time"":1729913830179},{""box"":{""left"":8862,""right"":6958,""top"":10000,""bottom"":9979},""time"":1729913830245},{""box"":{""left"":8862,""right"":6958,""top"":10000,""bottom"":9979},""time"":1729913830287},{""box"":{""left"":8862,""right"":6958,""top"":10000,""bottom"":9979},""time"":1729913830315},{""box"":{""left"":8862,""right"":6958,""top"":10000,""bottom"":9979},""time"":1729913830330},{""box"":{""left"":8862,""right"":6958,""top"":10000,""bottom"":9979},""time"":1729913830412},{""box"":{""left"":8862,""right"":6958,""top"":10000,""bottom"":9979},""time"":1729913830463},{""box"":{""left"":8862,""right"":6958,""top"":10000,""bottom"":9979},""time"":1729913830516},{""box"":{""left"":8862,""right"":6958,""top"":10000,""bottom"":9979},""time"":1729913830567},{""box"":{""left"":8862,""right"":6958,""top"":10000,""bottom"":9979},""time"":1729913830609},{""box"":{""left"":8862,""right"":6958,""top"":10000,""bottom"":9979},""time"":1729913830623},{""box"":{""left"":8862,""right"":6958,""top"":10000,""bottom"":9979},""time"":1729913830667},{""box"":{""left"":8862,""right"":6958,""top"":10000,""bottom"":9979},""time"":1729913830718},{""box"":{""left"":8862,""right"":6958,""top"":10000,""bottom"":9979},""time"":1729913830843},{""box"":{""left"":8862,""right"":6958,""top"":10000,""bottom"":9979},""time"":1729913830875},{""box"":{""left"":8862,""right"":6958,""top"":10000,""bottom"":9979},""time"":1729913830940},{""box"":{""left"":8862,""right"":6958,""top"":10000,""bottom"":9979},""time"":1729913830965},{""box"":{""left"":8862,""right"":6958,""top"":10000,""bottom"":9979},""time"":1729913831030},{""box"":{""left"":8862,""right"":6958,""top"":10000,""bottom"":9979},""time"":1729913831074},{""box"":{""left"":8862,""right"":6958,""top"":10000,""bottom"":9979},""time"":1729913831139},{""box"":{""left"":8862,""right"":6958,""top"":10000,""bottom"":9979},""time"":1729913831183},{""box"":{""left"":8862,""right"":6958,""top"":10000,""bottom"":9979},""time"":1729913831286},{""box"":{""left"":8862,""right"":6958,""top"":10000,""bottom"":9979},""time"":1729913831418},{""box"":{""left"":8862,""right"":6958,""top"":10000,""bottom"":9979},""time"":1729913831445},{""box"":{""left"":8862,""right"":6958,""top"":10000,""bottom"":9979},""time"":1729913831514},{""box"":{""left"":8862,""right"":6958,""top"":10000,""bottom"":9979},""time"":1729913831559},{""box"":{""left"":8862,""right"":6958,""top"":10000,""bottom"":9979},""time"":1729913831625},{""box"":{""left"":8862,""right"":6958,""top"":10000,""bottom"":9979},""time"":1729913831639},{""box"":{""left"":8862,""right"":6958,""top"":10000,""bottom"":9979},""time"":1729913831671},{""box"":{""left"":8862,""right"":6958,""top"":10000,""bottom"":9979},""time"":1729913831726},{""box"":{""left"":8862,""right"":6958,""top"":10000,""bottom"":9979},""time"":1729913831760},{""box"":{""left"":8862,""right"":6958,""top"":10000,""bottom"":9979},""time"":1729913831772},{""box"":{""left"":8862,""right"":6958,""top"":10000,""bottom"":9979},""time"":1729913831814},{""box"":{""left"":8862,""right"":6958,""top"":10000,""bottom"":9979},""time"":1729913831859},{""box"":{""left"":8862,""right"":6958,""top"":10000,""bottom"":9979},""time"":1729913831892},{""box"":{""left"":8862,""right"":6958,""top"":10000,""bottom"":9979},""time"":1729913831917},{""box"":{""left"":8862,""right"":6958,""top"":10000,""bottom"":9979},""time"":1729913831988},{""box"":{""left"":8862,""right"":6958,""top"":10000,""bottom"":9979},""time"":1729913832021},{""box"":{""left"":8862,""right"":6958,""top"":10000,""bottom"":9979},""time"":1729913832124},{""box"":{""left"":8862,""right"":6958,""top"":10000,""bottom"":9979},""time"":1729913832167},{""box"":{""left"":8862,""right"":6958,""top"":10000,""bottom"":9979},""time"":1729913832195},{""box"":{""left"":8862,""right"":6958,""top"":10000,""bottom"":9979},""time"":1729913832240},{""box"":{""left"":8862,""right"":6958,""top"":10000,""bottom"":9979},""time"":1729913832312},{""box"":{""left"":8862,""right"":6958,""top"":10000,""bottom"":9979},""time"":1729913832337},{""box"":{""left"":8862,""right"":6958,""top"":10000,""bottom"":9979},""time"":1729913832408},{""box"":{""left"":8862,""right"":6958,""top"":10000,""bottom"":9979},""time"":1729913832463},{""box"":{""left"":8862,""right"":6958,""top"":10000,""bottom"":9979},""time"":1729913832534},{""box"":{""left"":8862,""right"":6958,""top"":10000,""bottom"":9979},""time"":1729913832567},{""box"":{""left"":8862,""right"":6958,""top"":10000,""bottom"":9979},""time"":1729913832636},{""box"":{""left"":8862,""right"":6958,""top"":10000,""bottom"":9979},""time"":1729913832680},{""box"":{""left"":8862,""right"":6958,""top"":10000,""bottom"":9979},""time"":1729913832708},{""box"":{""left"":8862,""right"":6958,""top"":10000,""bottom"":9979},""time"":1729913832723},{""box"":{""left"":8862,""right"":6958,""top"":10000,""bottom"":9979},""time"":1729913832780},{""box"":{""left"":8862,""right"":6958,""top"":10000,""bottom"":9979},""time"":1729913832793},{""box"":{""left"":8862,""right"":6958,""top"":10000,""bottom"":9979},""time"":1729913832826},{""box"":{""left"":8862,""right"":6958,""top"":10000,""bottom"":9979},""time"":1729913832848},{""box"":{""left"":8862,""right"":6958,""top"":10000,""bottom"":9979},""time"":1729913832914},{""box"":{""left"":8862,""right"":6958,""top"":10000,""bottom"":9979},""time"":1729913832946},{""box"":{""left"":8862,""right"":6958,""top"":10000,""bottom"":9979},""time"":1729913833003},{""box"":{""left"":8862,""right"":6958,""top"":10000,""bottom"":9979},""time"":1729913833035},{""box"":{""left"":8862,""right"":6958,""top"":10000,""bottom"":9979},""time"":1729913833112},{""box"":{""left"":8862,""right"":6958,""top"":10000,""bottom"":9979},""time"":1729913833159},{""box"":{""left"":8862,""right"":6958,""top"":10000,""bottom"":9979},""time"":1729913833204},{""box"":{""left"":8862,""right"":6958,""top"":10000,""bottom"":9979},""time"":1729913833276},{""box"":{""left"":8862,""right"":6958,""top"":10000,""bottom"":9979},""time"":1729913833292},{""box"":{""left"":8862,""right"":6958,""top"":10000,""bottom"":9979},""time"":1729913833383},{""box"":{""left"":8862,""right"":6958,""top"":10000,""bottom"":9979},""time"":1729913833407},{""box"":{""left"":8862,""right"":6958,""top"":10000,""bottom"":9979},""time"":1729913833476},{""box"":{""left"":8862,""right"":6958,""top"":10000,""bottom"":9979},""time"":1729913833509},{""box"":{""left"":8862,""right"":6958,""top"":10000,""bottom"":9979},""time"":1729913833565},{""box"":{""left"":8862,""right"":6958,""top"":10000,""bottom"":9979},""time"":1729913833580},{""box"":{""left"":8862,""right"":6958,""top"":10000,""bottom"":9979},""time"":1729913833634},{""box"":{""left"":8862,""right"":6958,""top"":10000,""bottom"":9979},""time"":1729913833668},{""box"":{""left"":8862,""right"":6958,""top"":10000,""bottom"":9979},""time"":1729913833697},{""box"":{""left"":8862,""right"":6958,""top"":10000,""bottom"":9979},""time"":1729913833740},{""box"":{""left"":8862,""right"":6958,""top"":10000,""bottom"":9979},""time"":1729913833770},{""box"":{""left"":8862,""right"":6958,""top"":10000,""bottom"":9979},""time"":1729913833803},{""box"":{""left"":8862,""right"":6958,""top"":10000,""bottom"":9979},""time"":1729913833856},{""box"":{""left"":8862,""right"":6958,""top"":10000,""bottom"":9979},""time"":1729913833880},{""box"":{""left"":8862,""right"":6958,""top"":10000,""bottom"":9979},""time"":1729913833944},{""box"":{""left"":8862,""right"":6958,""top"":10000,""bottom"":9979},""time"":1729913833978},{""box"":{""left"":8862,""right"":6958,""top"":10000,""bottom"":9979},""time"":1729913834042},{""box"":{""left"":8862,""right"":6958,""top"":10000,""bottom"":9979},""time"":1729913834077},{""box"":{""left"":8862,""right"":6958,""top"":10000,""bottom"":9979},""time"":1729913834110},{""box"":{""left"":8862,""right"":6958,""top"":10000,""bottom"":9979},""time"":1729913834176},{""box"":{""left"":8862,""right"":6958,""top"":10000,""bottom"":9979},""time"":1729913834209},{""box"":{""left"":8862,""right"":6958,""top"":10000,""bottom"":9979},""time"":1729913834264},{""box"":{""left"":8862,""right"":6958,""top"":10000,""bottom"":9979},""time"":1729913834297},{""box"":{""left"":8862,""right"":6958,""top"":10000,""bottom"":9979},""time"":1729913834363},{""box"":{""left"":8862,""right"":6958,""top"":10000,""bottom"":9979},""time"":1729913834396},{""box"":{""left"":8862,""right"":6958,""top"":10000,""bottom"":9979},""time"":1729913834461},{""box"":{""left"":8862,""right"":6958,""top"":10000,""bottom"":9979},""time"":1729913834494},{""box"":{""left"":8862,""right"":6958,""top"":10000,""bottom"":9979},""time"":1729913834560},{""box"":{""left"":8862,""right"":6958,""top"":10000,""bottom"":9979},""time"":1729913834593},{""box"":{""left"":8862,""right"":6958,""top"":10000,""bottom"":9979},""time"":1729913834658},{""box"":{""left"":8862,""right"":6958,""top"":10000,""bottom"":9979},""time"":1729913834691},{""box"":{""left"":8862,""right"":6958,""top"":10000,""bottom"":9979},""time"":1729913834757},{""box"":{""left"":8862,""right"":6958,""top"":10000,""bottom"":9979},""time"":1729913834790},{""box"":{""left"":8862,""right"":6958,""top"":10000,""bottom"":9979},""time"":1729913834818},{""box"":{""left"":8862,""right"":6958,""top"":10000,""bottom"":9979},""time"":1729913834851},{""box"":{""left"":8862,""right"":6958,""top"":10000,""bottom"":9979},""time"":1729913834938},{""box"":{""left"":8862,""right"":6958,""top"":10000,""bottom"":9979},""time"":1729913834968},{""box"":{""left"":8862,""right"":6958,""top"":10000,""bottom"":9979},""time"":1729913835004},{""box"":{""left"":8862,""right"":6958,""top"":10000,""bottom"":9979},""time"":1729913835069},{""box"":{""left"":8862,""right"":6958,""top"":10000,""bottom"":9979},""time"":1729913835083},{""box"":{""left"":8862,""right"":6958,""top"":10000,""bottom"":9979},""time"":1729913835111},{""box"":{""left"":8862,""right"":6958,""top"":10000,""bottom"":9979},""time"":1729913835136},{""box"":{""left"":8862,""right"":6958,""top"":10000,""bottom"":9979},""time"":1729913835181},{""box"":{""left"":8862,""right"":6958,""top"":10000,""bottom"":9979},""time"":1729913835214},{""box"":{""left"":8862,""right"":6958,""top"":10000,""bottom"":9979},""time"":1729913835280},{""box"":{""left"":8862,""right"":6958,""top"":10000,""bottom"":9979},""time"":1729913835294},{""box"":{""left"":8862,""right"":6958,""top"":10000,""bottom"":9979},""time"":1729913835348},{""box"":{""left"":8862,""right"":6958,""top"":10000,""bottom"":9979},""time"":1729913835383},{""box"":{""left"":8862,""right"":6958,""top"":10000,""bottom"":9979},""time"":1729913835447},{""box"":{""left"":8862,""right"":6958,""top"":10000,""bottom"":9979},""time"":1729913835462},{""box"":{""left"":8862,""right"":6958,""top"":10000,""bottom"":9979},""time"":1729913835517},{""box"":{""left"":8862,""right"":6958,""top"":10000,""bottom"":9979},""time"":1729913835532},{""box"":{""left"":8862,""right"":6958,""top"":10000,""bottom"":9979},""time"":1729913835588},{""box"":{""left"":8862,""right"":6958,""top"":10000,""bottom"":9979},""time"":1729913835612},{""box"":{""left"":8862,""right"":6958,""top"":10000,""bottom"":9979},""time"":1729913835676},{""box"":{""left"":8862,""right"":6958,""top"":10000,""bottom"":9979},""time"":1729913835722},{""box"":{""left"":8862,""right"":6958,""top"":10000,""bottom"":9979},""time"":1729913835750},{""box"":{""left"":8862,""right"":6958,""top"":10000,""bottom"":9979},""time"":1729913835773},{""box"":{""left"":8862,""right"":6958,""top"":10000,""bottom"":9979},""time"":1729913835828},{""box"":{""left"":8862,""right"":6958,""top"":10000,""bottom"":9979},""time"":1729913835850},{""box"":{""left"":8862,""right"":6958,""top"":10000,""bottom"":9979},""time"":1729913835916},{""box"":{""left"":8862,""right"":6958,""top"":10000,""bottom"":9979},""time"":1729913836295},{""box"":{""left"":8862,""right"":6958,""top"":10000,""bottom"":9979},""time"":1729913836307},{""box"":{""left"":8862,""right"":6958,""top"":10000,""bottom"":9979},""time"":1729913836347},{""box"":{""left"":8862,""right"":6958,""top"":10000,""bottom"":9979},""time"":1729913836380},{""box"":{""left"":8862,""right"":6958,""top"":10000,""bottom"":9979},""time"":1729913836494},{""box"":{""left"":8862,""right"":6958,""top"":10000,""bottom"":9979},""time"":1729913836560},{""box"":{""left"":8862,""right"":6958,""top"":10000,""bottom"":9979},""time"":1729913836625},{""box"":{""left"":8862,""right"":6958,""top"":10000,""bottom"":9979},""time"":1729913836681},{""box"":{""left"":8862,""right"":6958,""top"":10000,""bottom"":9979},""time"":1729913836713},{""box"":{""left"":8862,""right"":6958,""top"":10000,""bottom"":9979},""time"":1729913836779},{""box"":{""left"":8862,""right"":6958,""top"":10000,""bottom"":9979},""time"":1729913836823},{""box"":{""left"":8862,""right"":6958,""top"":10000,""bottom"":9979},""time"":1729913836878},{""box"":{""left"":8862,""right"":6958,""top"":10000,""bottom"":9979},""time"":1729913836922},{""box"":{""left"":8862,""right"":6958,""top"":10000,""bottom"":9979},""time"":1729913836952},{""box"":{""left"":8862,""right"":6958,""top"":10000,""bottom"":9979},""time"":1729913836976},{""box"":{""left"":8862,""right"":6958,""top"":10000,""bottom"":9979},""time"":1729913837031},{""box"":{""left"":8862,""right"":6958,""top"":10000,""bottom"":9979},""time"":1729913837078},{""box"":{""left"":8862,""right"":6958,""top"":10000,""bottom"":9979},""time"":1729913837142},{""box"":{""left"":8862,""right"":6958,""top"":10000,""bottom"":9979},""time"":1729913837177},{""box"":{""left"":8862,""right"":6958,""top"":10000,""bottom"":9979},""time"":1729913837231},{""box"":{""left"":8862,""right"":6958,""top"":10000,""bottom"":9979},""time"":1729913837287},{""box"":{""left"":8862,""right"":6958,""top"":10000,""bottom"":9979},""time"":1729913837353},{""box"":{""left"":8862,""right"":6958,""top"":10000,""bottom"":9979},""time"":1729913837378},{""box"":{""left"":8862,""right"":6958,""top"":10000,""bottom"":9979},""time"":1729913837448},{""box"":{""left"":8862,""right"":6958,""top"":10000,""bottom"":9979},""time"":1729913837493},{""box"":{""left"":8862,""right"":6958,""top"":10000,""bottom"":9979},""time"":1729913837576},{""box"":{""left"":8862,""right"":6958,""top"":10000,""bottom"":9979},""time"":1729913837754},{""box"":{""left"":8862,""right"":6958,""top"":10000,""bottom"":9979},""time"":1729913837813},{""box"":{""left"":8862,""right"":6958,""top"":10000,""bottom"":9979},""time"":1729913837829},{""box"":{""left"":8862,""right"":6958,""top"":10000,""bottom"":9979},""time"":1729913837883},{""box"":{""left"":8862,""right"":6958,""top"":10000,""bottom"":9979},""time"":1729913837906},{""box"":{""left"":8862,""right"":6958,""top"":10000,""bottom"":9979},""time"":1729913837929},{""box"":{""left"":8862,""right"":6958,""top"":10000,""bottom"":9979},""time"":1729913837945},{""box"":{""left"":8862,""right"":6958,""top"":10000,""bottom"":9979},""time"":1729913837979},{""box"":{""left"":8862,""right"":6958,""top"":10000,""bottom"":9979},""time"":1729913838012},{""box"":{""left"":8862,""right"":6958,""top"":10000,""bottom"":9979},""time"":1729913838084},{""box"":{""left"":8862,""right"":6958,""top"":10000,""bottom"":9979},""time"":1729913838118},{""box"":{""left"":8862,""right"":6958,""top"":10000,""bottom"":9979},""time"":1729913838221},{""box"":{""left"":8862,""right"":6958,""top"":10000,""bottom"":9979},""time"":1729913838265},{""box"":{""left"":8862,""right"":6958,""top"":10000,""bottom"":9979},""time"":1729913838331},{""box"":{""left"":8862,""right"":6958,""top"":10000,""bottom"":9979},""time"":1729913838345},{""box"":{""left"":8862,""right"":6958,""top"":10000,""bottom"":9979},""time"":1729913838493},{""box"":{""left"":8862,""right"":6958,""top"":10000,""bottom"":9979},""time"":1729913838526},{""box"":{""left"":8862,""right"":6958,""top"":10000,""bottom"":9979},""time"":1729913838583},{""box"":{""left"":8862,""right"":6958,""top"":10000,""bottom"":9979},""time"":1729913838597},{""box"":{""left"":8862,""right"":6958,""top"":10000,""bottom"":9979},""time"":1729913838653},{""box"":{""left"":8862,""right"":6958,""top"":10000,""bottom"":9979},""time"":1729913838666},{""box"":{""left"":8862,""right"":6958,""top"":10000,""bottom"":9979},""time"":1729913838709},{""box"":{""left"":8862,""right"":6958,""top"":10000,""bottom"":9979},""time"":1729913838742},{""box"":{""left"":8862,""right"":6958,""top"":10000,""bottom"":9979},""time"":1729913838819},{""box"":{""left"":8862,""right"":6958,""top"":10000,""bottom"":9979},""time"":1729913838834},{""box"":{""left"":8862,""right"":6958,""top"":10000,""bottom"":9979},""time"":1729913838891},{""box"":{""left"":8862,""right"":6958,""top"":10000,""bottom"":9979},""time"":1729913838903},{""box"":{""left"":8862,""right"":6958,""top"":10000,""bottom"":9979},""time"":1729913838943},{""box"":{""left"":8862,""right"":6958,""top"":10000,""bottom"":9979},""time"":1729913838965},{""box"":{""left"":8862,""right"":6958,""top"":10000,""bottom"":9979},""time"":1729913839041},{""box"":{""left"":8862,""right"":6958,""top"":10000,""bottom"":9979},""time"":1729913839055},{""box"":{""left"":8862,""right"":6958,""top"":10000,""bottom"":9979},""time"":1729913839112},{""box"":{""left"":8862,""right"":6958,""top"":10000,""bottom"":9979},""time"":1729913839146},{""box"":{""left"":8862,""right"":6958,""top"":10000,""bottom"":9979},""time"":1729913839206},{""box"":{""left"":8862,""right"":6958,""top"":10000,""bottom"":9979},""time"":1729913839239},{""box"":{""left"":8862,""right"":6958,""top"":10000,""bottom"":9979},""time"":1729913839311},{""box"":{""left"":8862,""right"":6958,""top"":10000,""bottom"":9979},""time"":1729913839323},{""box"":{""left"":8862,""right"":6958,""top"":10000,""bottom"":9979},""time"":1729913839351},{""box"":{""left"":8862,""right"":6958,""top"":10000,""bottom"":9979},""time"":1729913839374},{""box"":{""left"":8862,""right"":6958,""top"":10000,""bottom"":9979},""time"":1729913839456},{""box"":{""left"":8862,""right"":6958,""top"":10000,""bottom"":9979},""time"":1729913839489},{""box"":{""left"":8862,""right"":6958,""top"":10000,""bottom"":9979},""time"":1729913839576},{""box"":{""left"":8862,""right"":6958,""top"":10000,""bottom"":9979},""time"":1729913839611},{""box"":{""left"":8862,""right"":6958,""top"":10000,""bottom"":9979},""time"":1729913839649},{""box"":{""left"":8862,""right"":6958,""top"":10000,""bottom"":9979},""time"":1729913839672},{""box"":{""left"":8862,""right"":6958,""top"":10000,""bottom"":9979},""time"":1729913839737},{""box"":{""left"":8862,""right"":6958,""top"":10000,""bottom"":9979},""time"":1729913839752},{""box"":{""left"":8862,""right"":6958,""top"":10000,""bottom"":9979},""time"":1729913839789},{""box"":{""left"":8862,""right"":6958,""top"":10000,""bottom"":9979},""time"":1729913839821},{""box"":{""left"":8862,""right"":6958,""top"":10000,""bottom"":9979},""time"":1729913839908},{""box"":{""left"":8862,""right"":6958,""top"":10000,""bottom"":9979},""time"":1729913839930},{""box"":{""left"":8862,""right"":6958,""top"":10000,""bottom"":9979},""time"":1729913840602},{""box"":{""left"":8862,""right"":6958,""top"":10000,""bottom"":9979},""time"":1729913840624},{""box"":{""left"":8862,""right"":6958,""top"":10000,""bottom"":9979},""time"":1729913840665},{""box"":{""left"":8862,""right"":6958,""top"":10000,""bottom"":9979},""time"":1729913840687},{""box"":{""left"":8862,""right"":6958,""top"":10000,""bottom"":9979},""time"":1729913840728},{""box"":{""left"":8862,""right"":6958,""top"":10000,""bottom"":9979},""time"":1729913840750},{""box"":{""left"":8862,""right"":6958,""top"":10000,""bottom"":9979},""time"":1729913840849},{""box"":{""left"":8862,""right"":6958,""top"":10000,""bottom"":9979},""time"":1729913840971},{""box"":{""left"":8862,""right"":6958,""top"":10000,""bottom"":9979},""time"":1729913840996},{""box"":{""left"":8862,""right"":6958,""top"":10000,""bottom"":9979},""time"":1729913841030},{""box"":{""left"":8862,""right"":6958,""top"":10000,""bottom"":9979},""time"":1729913841087},{""box"":{""left"":8862,""right"":6958,""top"":10000,""bottom"":9979},""time"":1729913841126},{""box"":{""left"":8862,""right"":6958,""top"":10000,""bottom"":9979},""time"":1729913841172},{""box"":{""left"":8862,""right"":6958,""top"":10000,""bottom"":9979},""time"":1729913841203},{""box"":{""left"":8862,""right"":6958,""top"":10000,""bottom"":9979},""time"":1729913841247},{""box"":{""left"":8862,""right"":6958,""top"":10000,""bottom"":9979},""time"":1729913841311},{""box"":{""left"":8862,""right"":6958,""top"":10000,""bottom"":9979},""time"":1729913841344},{""box"":{""left"":8862,""right"":6958,""top"":10000,""bottom"":9979},""time"":1729913841403}",,,,,
57058,Person,2024-10-26 12:36:06,2024-10-26 12:36:43,"{""left"":9512,""right"":6603,""top"":10000,""bottom"":9540},{""box"":{""left"":9512,""right"":6603,""top"":10000,""bottom"":9540},""time"":1729913766437},{""box"":{""left"":9512,""right"":6603,""top"":10000,""bottom"":9540},""time"":1729913766490},{""box"":{""left"":9512,""right"":6603,""top"":10000,""bottom"":9540},""time"":1729913767280},{""box"":{""left"":9512,""right"":6603,""top"":10000,""bottom"":9540},""time"":1729913767341},{""box"":{""left"":9512,""right"":6603,""top"":10000,""bottom"":9540},""time"":1729913767394},{""box"":{""left"":9512,""right"":6603,""top"":10000,""bottom"":9540},""time"":1729913767465},{""box"":{""left"":9512,""right"":6603,""top"":10000,""bottom"":9540},""time"":1729913767512},{""box"":{""left"":9512,""right"":6603,""top"":10000,""bottom"":9540},""time"":1729913767631},{""box"":{""left"":9512,""right"":6603,""top"":10000,""bottom"":9540},""time"":1729913767791},{""box"":{""left"":9512,""right"":6603,""top"":10000,""bottom"":9540},""time"":1729913768039},{""box"":{""left"":9512,""right"":6603,""top"":10000,""bottom"":9540},""time"":1729913768093},{""box"":{""left"":9512,""right"":6603,""top"":10000,""bottom"":9540},""time"":1729913768146},{""box"":{""left"":9512,""right"":6603,""top"":10000,""bottom"":9540},""time"":1729913768200},{""box"":{""left"":9512,""right"":6603,""top"":10000,""bottom"":9540},""time"":1729913768480},{""box"":{""left"":9512,""right"":6603,""top"":10000,""bottom"":9540},""time"":1729913768543},{""box"":{""left"":9512,""right"":6603,""top"":10000,""bottom"":9540},""time"":1729913768607},{""box"":{""left"":9512,""right"":6603,""top"":10000,""bottom"":9540},""time"":1729913768670},{""box"":{""left"":9512,""right"":6603,""top"":10000,""bottom"":9540},""time"":1729913768733},{""box"":{""left"":9512,""right"":6603,""top"":10000,""bottom"":9540},""time"":1729913768786},{""box"":{""left"":9512,""right"":6603,""top"":10000,""bottom"":9540},""time"":1729913768961},{""box"":{""left"":9512,""right"":6603,""top"":10000,""bottom"":9540},""time"":1729913769122},{""box"":{""left"":9512,""right"":6603,""top"":10000,""bottom"":9540},""time"":1729913769313},{""box"":{""left"":9512,""right"":6603,""top"":10000,""bottom"":9540},""time"":1729913769375},{""box"":{""left"":9512,""right"":6603,""top"":10000,""bottom"":9540},""time"":1729913770523},{""box"":{""left"":9512,""right"":6603,""top"":10000,""bottom"":9540},""time"":1729913770575},{""box"":{""left"":9512,""right"":6603,""top"":10000,""bottom"":9540},""time"":1729913770639},{""box"":{""left"":9512,""right"":6603,""top"":10000,""bottom"":9540},""time"":1729913770691},{""box"":{""left"":9512,""right"":6603,""top"":10000,""bottom"":9540},""time"":1729913770744},{""box"":{""left"":9512,""right"":6603,""top"":10000,""bottom"":9540},""time"":1729913770797},{""box"":{""left"":9512,""right"":6603,""top"":10000,""bottom"":9540},""time"":1729913770849},{""box"":{""left"":9512,""right"":6603,""top"":10000,""bottom"":9540},""time"":1729913770973},{""box"":{""left"":9512,""right"":6603,""top"":10000,""bottom"":9540},""time"":1729913771025},{""box"":{""left"":9512,""right"":6603,""top"":10000,""bottom"":9540},""time"":1729913771141},{""box"":{""left"":9512,""right"":6603,""top"":10000,""bottom"":9540},""time"":1729913771205},{""box"":{""left"":9512,""right"":6603,""top"":10000,""bottom"":9540},""time"":1729913771538},{""box"":{""left"":9512,""right"":6603,""top"":10000,""bottom"":9540},""time"":1729913771654},{""box"":{""left"":9512,""right"":6603,""top"":10000,""bottom"":9540},""time"":1729913772160},{""box"":{""left"":9512,""right"":6603,""top"":10000,""bottom"":9540},""time"":1729913772219},{""box"":{""left"":9512,""right"":6603,""top"":10000,""bottom"":9540},""time"":1729913772280},{""box"":{""left"":9512,""right"":6603,""top"":10000,""bottom"":9540},""time"":1729913772406},{""box"":{""left"":9512,""right"":6603,""top"":10000,""bottom"":9540},""time"":1729913772469},{""box"":{""left"":9512,""right"":6603,""top"":10000,""bottom"":9540},""time"":1729913772523},{""box"":{""left"":9512,""right"":6603,""top"":10000,""bottom"":9540},""time"":1729913772796},{""box"":{""left"":9512,""right"":6603,""top"":10000,""bottom"":9540},""time"":1729913772851},{""box"":{""left"":9512,""right"":6603,""top"":10000,""bottom"":9540},""time"":1729913772974},{""box"":{""left"":9512,""right"":6603,""top"":10000,""bottom"":9540},""time"":1729913773027},{""box"":{""left"":9512,""right"":6603,""top"":10000,""bottom"":9540},""time"":1729913773158},{""box"":{""left"":9512,""right"":6603,""top"":10000,""bottom"":9540},""time"":1729913773212},{""box"":{""left"":9512,""right"":6603,""top"":10000,""bottom"":9540},""time"":1729913773364},{""box"":{""left"":9512,""right"":6603,""top"":10000,""bottom"":9540},""time"":1729913773963},{""box"":{""left"":9512,""right"":6603,""top"":10000,""bottom"":9540},""time"":1729913774100},{""box"":{""left"":9512,""right"":6603,""top"":10000,""bottom"":9540},""time"":1729913774170},{""box"":{""left"":9512,""right"":6603,""top"":10000,""bottom"":9540},""time"":1729913774254},{""box"":{""left"":9512,""right"":6603,""top"":10000,""bottom"":9540},""time"":1729913774403},{""box"":{""left"":9512,""right"":6603,""top"":10000,""bottom"":9540},""time"":1729913774541},{""box"":{""left"":9512,""right"":6603,""top"":10000,""bottom"":9540},""time"":1729913774604},{""box"":{""left"":9512,""right"":6603,""top"":10000,""bottom"":9540},""time"":1729913774656},{""box"":{""left"":9512,""right"":6603,""top"":10000,""bottom"":9540},""time"":1729913774683},{""box"":{""left"":9512,""right"":6603,""top"":10000,""bottom"":9540},""time"":1729913774711},{""box"":{""left"":9512,""right"":6603,""top"":10000,""bottom"":9540},""time"":1729913774738},{""box"":{""left"":9512,""right"":6603,""top"":10000,""bottom"":9540},""time"":1729913774823},{""box"":{""left"":9512,""right"":6603,""top"":10000,""bottom"":9540},""time"":1729913774884},{""box"":{""left"":9512,""right"":6603,""top"":10000,""bottom"":9540},""time"":1729913774936},{""box"":{""left"":9512,""right"":6603,""top"":10000,""bottom"":9540},""time"":1729913774996},{""box"":{""left"":9512,""right"":6603,""top"":10000,""bottom"":9540},""time"":1729913775059},{""box"":{""left"":9512,""right"":6603,""top"":10000,""bottom"":9540},""time"":1729913775127},{""box"":{""left"":9512,""right"":6603,""top"":10000,""bottom"":9540},""time"":1729913775190},{""box"":{""left"":9512,""right"":6603,""top"":10000,""bottom"":9540},""time"":1729913775259},{""box"":{""left"":9512,""right"":6603,""top"":10000,""bottom"":9540},""time"":1729913775327},{""box"":{""left"":9512,""right"":6603,""top"":10000,""bottom"":9540},""time"":1729913775374},{""box"":{""left"":9512,""right"":6603,""top"":10000,""bottom"":9540},""time"":1729913775448},{""box"":{""left"":9512,""right"":6603,""top"":10000,""bottom"":9540},""time"":1729913775521},{""box"":{""left"":9512,""right"":6603,""top"":10000,""bottom"":9540},""time"":1729913775573},{""box"":{""left"":9512,""right"":6603,""top"":10000,""bottom"":9540},""time"":1729913775625},{""box"":{""left"":9512,""right"":6603,""top"":10000,""bottom"":9540},""time"":1729913775677},{""box"":{""left"":9512,""right"":6603,""top"":10000,""bottom"":9540},""time"":1729913775705},{""box"":{""left"":9512,""right"":6603,""top"":10000,""bottom"":9540},""time"":1729913775738},{""box"":{""left"":9512,""right"":6603,""top"":10000,""bottom"":9540},""time"":1729913775789},{""box"":{""left"":9512,""right"":6603,""top"":10000,""bottom"":9540},""time"":1729913775850},{""box"":{""left"":9512,""right"":6603,""top"":10000,""bottom"":9540},""time"":1729913775904},{""box"":{""left"":9512,""right"":6603,""top"":10000,""bottom"":9540},""time"":1729913775963},{""box"":{""left"":9512,""right"":6603,""top"":10000,""bottom"":9540},""time"":1729913776016},{""box"":{""left"":9512,""right"":6603,""top"":10000,""bottom"":9540},""time"":1729913776077},{""box"":{""left"":9512,""right"":6603,""top"":10000,""bottom"":9540},""time"":1729913776130},{""box"":{""left"":9512,""right"":6603,""top"":10000,""bottom"":9540},""time"":1729913776193},{""box"":{""left"":9512,""right"":6603,""top"":10000,""bottom"":9540},""time"":1729913776245},{""box"":{""left"":9512,""right"":6603,""top"":10000,""bottom"":9540},""time"":1729913776304},{""box"":{""left"":9512,""right"":6603,""top"":10000,""bottom"":9540},""time"":1729913776365},{""box"":{""left"":9512,""right"":6603,""top"":10000,""bottom"":9540},""time"":1729913776418},{""box"":{""left"":9512,""right"":6603,""top"":10000,""bottom"":9540},""time"":1729913776467},{""box"":{""left"":9512,""right"":6603,""top"":10000,""bottom"":9540},""time"":1729913776489},{""box"":{""left"":9512,""right"":6603,""top"":10000,""bottom"":9540},""time"":1729913776530},{""box"":{""left"":9512,""right"":6603,""top"":10000,""bottom"":9540},""time"":1729913776552},{""box"":{""left"":9512,""right"":6603,""top"":10000,""bottom"":9540},""time"":1729913776610},{""box"":{""left"":9512,""right"":6603,""top"":10000,""bottom"":9540},""time"":1729913776631},{""box"":{""left"":9512,""right"":6603,""top"":10000,""bottom"":9540},""time"":1729913776689},{""box"":{""left"":9512,""right"":6603,""top"":10000,""bottom"":9540},""time"":1729913776710},{""box"":{""left"":9512,""right"":6603,""top"":10000,""bottom"":9540},""time"":1729913776752},{""box"":{""left"":9512,""right"":6603,""top"":10000,""bottom"":9540},""time"":1729913776773},{""box"":{""left"":9512,""right"":6603,""top"":10000,""bottom"":9540},""time"":1729913776832},{""box"":{""left"":9512,""right"":6603,""top"":10000,""bottom"":9540},""time"":1729913776853},{""box"":{""left"":9512,""right"":6603,""top"":10000,""bottom"":9540},""time"":1729913776911},{""box"":{""left"":9512,""right"":6603,""top"":10000,""bottom"":9540},""time"":1729913776932},{""box"":{""left"":9512,""right"":6603,""top"":10000,""bottom"":9540},""time"":1729913777001},{""box"":{""left"":9512,""right"":6603,""top"":10000,""bottom"":9540},""time"":1729913777055},{""box"":{""left"":9512,""right"":6603,""top"":10000,""bottom"":9540},""time"":1729913777115},{""box"":{""left"":9512,""right"":6603,""top"":10000,""bottom"":9540},""time"":1729913777176},{""box"":{""left"":9512,""right"":6603,""top"":10000,""bottom"":9540},""time"":1729913777236},{""box"":{""left"":9512,""right"":6603,""top"":10000,""bottom"":9540},""time"":1729913777292},{""box"":{""left"":9512,""right"":6603,""top"":10000,""bottom"":9540},""time"":1729913777325},{""box"":{""left"":9512,""right"":6603,""top"":10000,""bottom"":9540},""time"":1729913777346},{""box"":{""left"":9512,""right"":6603,""top"":10000,""bottom"":9540},""time"":1729913777414},{""box"":{""left"":9512,""right"":6603,""top"":10000,""bottom"":9540},""time"":1729913777471},{""box"":{""left"":9512,""right"":6603,""top"":10000,""bottom"":9540},""time"":1729913777532},{""box"":{""left"":9512,""right"":6603,""top"":10000,""bottom"":9540},""time"":1729913777592},{""box"":{""left"":9512,""right"":6603,""top"":10000,""bottom"":9540},""time"":1729913777649},{""box"":{""left"":9512,""right"":6603,""top"":10000,""bottom"":9540},""time"":1729913777801},{""box"":{""left"":9512,""right"":6603,""top"":10000,""bottom"":9540},""time"":1729913777822},{""box"":{""left"":9512,""right"":6603,""top"":10000,""bottom"":9540},""time"":1729913777902},{""box"":{""left"":9512,""right"":6603,""top"":10000,""bottom"":9540},""time"":1729913778434},{""box"":{""left"":9512,""right"":6603,""top"":10000,""bottom"":9540},""time"":1729913778500},{""box"":{""left"":9512,""right"":6603,""top"":10000,""bottom"":9540},""time"":1729913778787},{""box"":{""left"":9512,""right"":6603,""top"":10000,""bottom"":9540},""time"":1729913779019},{""box"":{""left"":9512,""right"":6603,""top"":10000,""bottom"":9540},""time"":1729913779183},{""box"":{""left"":9512,""right"":6603,""top"":10000,""bottom"":9540},""time"":1729913779474},{""box"":{""left"":9512,""right"":6603,""top"":10000,""bottom"":9540},""time"":1729913779560},{""box"":{""left"":9512,""right"":6603,""top"":10000,""bottom"":9540},""time"":1729913779646},{""box"":{""left"":9512,""right"":6603,""top"":10000,""bottom"":9540},""time"":1729913779730},{""box"":{""left"":9512,""right"":6603,""top"":10000,""bottom"":9540},""time"":1729913779825},{""box"":{""left"":9512,""right"":6603,""top"":10000,""bottom"":9540},""time"":1729913779926},{""box"":{""left"":9512,""right"":6603,""top"":10000,""bottom"":9540},""time"":1729913780032},{""box"":{""left"":9512,""right"":6603,""top"":10000,""bottom"":9540},""time"":1729913780116},{""box"":{""left"":9512,""right"":6603,""top"":10000,""bottom"":9540},""time"":1729913780148},{""box"":{""left"":9512,""right"":6603,""top"":10000,""bottom"":9540},""time"":1729913780243},{""box"":{""left"":9512,""right"":6603,""top"":10000,""bottom"":9540},""time"":1729913780385},{""box"":{""left"":9512,""right"":6603,""top"":10000,""bottom"":9540},""time"":1729913780470},{""box"":{""left"":9512,""right"":6603,""top"":10000,""bottom"":9540},""time"":1729913780542},{""box"":{""left"":9512,""right"":6603,""top"":10000,""bottom"":9540},""time"":1729913780574},{""box"":{""left"":9512,""right"":6603,""top"":10000,""bottom"":9540},""time"":1729913780658},{""box"":{""left"":9512,""right"":6603,""top"":10000,""bottom"":9540},""time"":1729913780736},{""box"":{""left"":9512,""right"":6603,""top"":10000,""bottom"":9540},""time"":1729913780815},{""box"":{""left"":9512,""right"":6603,""top"":10000,""bottom"":9540},""time"":1729913780895},{""box"":{""left"":9512,""right"":6603,""top"":10000,""bottom"":9540},""time"":1729913780974},{""box"":{""left"":9512,""right"":6603,""top"":10000,""bottom"":9540},""time"":1729913781052},{""box"":{""left"":9512,""right"":6603,""top"":10000,""bottom"":9540},""time"":1729913781131},{""box"":{""left"":9512,""right"":6603,""top"":10000,""bottom"":9540},""time"":1729913781265},{""box"":{""left"":9512,""right"":6603,""top"":10000,""bottom"":9540},""time"":1729913781308},{""box"":{""left"":9512,""right"":6603,""top"":10000,""bottom"":9540},""time"":1729913781329},{""box"":{""left"":9512,""right"":6603,""top"":10000,""bottom"":9540},""time"":1729913781387},{""box"":{""left"":9512,""right"":6603,""top"":10000,""bottom"":9540},""time"":1729913781530},{""box"":{""left"":9512,""right"":6603,""top"":10000,""bottom"":9540},""time"":1729913781599},{""box"":{""left"":9512,""right"":6603,""top"":10000,""bottom"":9540},""time"":1729913781742},{""box"":{""left"":9512,""right"":6603,""top"":10000,""bottom"":9540},""time"":1729913781807},{""box"":{""left"":9512,""right"":6603,""top"":10000,""bottom"":9540},""time"":1729913781872},{""box"":{""left"":9512,""right"":6603,""top"":10000,""bottom"":9540},""time"":1729913782013},{""box"":{""left"":9512,""right"":6603,""top"":10000,""bottom"":9540},""time"":1729913782034},{""box"":{""left"":9512,""right"":6603,""top"":10000,""bottom"":9540},""time"":1729913782185},{""box"":{""left"":9512,""right"":6603,""top"":10000,""bottom"":9540},""time"":1729913782272},{""box"":{""left"":9512,""right"":6603,""top"":10000,""bottom"":9540},""time"":1729913782357},{""box"":{""left"":9512,""right"":6603,""top"":10000,""bottom"":9540},""time"":1729913782409},{""box"":{""left"":9512,""right"":6603,""top"":10000,""bottom"":9540},""time"":1729913782456},{""box"":{""left"":9512,""right"":6603,""top"":10000,""bottom"":9540},""time"":1729913782493},{""box"":{""left"":9512,""right"":6603,""top"":10000,""bottom"":9540},""time"":1729913782587},{""box"":{""left"":9512,""right"":6603,""top"":10000,""bottom"":9540},""time"":1729913782651},{""box"":{""left"":9512,""right"":6603,""top"":10000,""bottom"":9540},""time"":1729913782693},{""box"":{""left"":9512,""right"":6603,""top"":10000,""bottom"":9540},""time"":1729913782757},{""box"":{""left"":9512,""right"":6603,""top"":10000,""bottom"":9540},""time"":1729913782799},{""box"":{""left"":9512,""right"":6603,""top"":10000,""bottom"":9540},""time"":1729913782864},{""box"":{""left"":9512,""right"":6603,""top"":10000,""bottom"":9540},""time"":1729913782937},{""box"":{""left"":9512,""right"":6603,""top"":10000,""bottom"":9540},""time"":1729913782970},{""box"":{""left"":9512,""right"":6603,""top"":10000,""bottom"":9540},""time"":1729913783023},{""box"":{""left"":9512,""right"":6603,""top"":10000,""bottom"":9540},""time"":1729913783092},{""box"":{""left"":9512,""right"":6603,""top"":10000,""bottom"":9540},""time"":1729913783170},{""box"":{""left"":9512,""right"":6603,""top"":10000,""bottom"":9540},""time"":1729913783339},{""box"":{""left"":9512,""right"":6603,""top"":10000,""bottom"":9540},""time"":1729913783433},{""box"":{""left"":9512,""right"":6603,""top"":10000,""bottom"":9540},""time"":1729913783496},{""box"":{""left"":9512,""right"":6603,""top"":10000,""bottom"":9540},""time"":1729913783539},{""box"":{""left"":9512,""right"":6603,""top"":10000,""bottom"":9540},""time"":1729913784237},{""box"":{""left"":9512,""right"":6603,""top"":10000,""bottom"":9540},""time"":1729913784329},{""box"":{""left"":9512,""right"":6603,""top"":10000,""bottom"":9540},""time"":1729913784378},{""box"":{""left"":9512,""right"":6603,""top"":10000,""bottom"":9540},""time"":1729913784424},{""box"":{""left"":9512,""right"":6603,""top"":10000,""bottom"":9540},""time"":1729913784456},{""box"":{""left"":9512,""right"":6603,""top"":10000,""bottom"":9540},""time"":1729913784584},{""box"":{""left"":9512,""right"":6603,""top"":10000,""bottom"":9540},""time"":1729913784689},{""box"":{""left"":9512,""right"":6603,""top"":10000,""bottom"":9540},""time"":1729913784805},{""box"":{""left"":9512,""right"":6603,""top"":10000,""bottom"":9540},""time"":1729913784911},{""box"":{""left"":9512,""right"":6603,""top"":10000,""bottom"":9540},""time"":1729913785006},{""box"":{""left"":9512,""right"":6603,""top"":10000,""bottom"":9540},""time"":1729913785080},{""box"":{""left"":9512,""right"":6603,""top"":10000,""bottom"":9540},""time"":1729913785113},{""box"":{""left"":9512,""right"":6603,""top"":10000,""bottom"":9540},""time"":1729913785156},{""box"":{""left"":9512,""right"":6603,""top"":10000,""bottom"":9540},""time"":1729913785237},{""box"":{""left"":9512,""right"":6603,""top"":10000,""bottom"":9540},""time"":1729913785357},{""box"":{""left"":9512,""right"":6603,""top"":10000,""bottom"":9540},""time"":1729913785390},{""box"":{""left"":9512,""right"":6603,""top"":10000,""bottom"":9540},""time"":1729913785544},{""box"":{""left"":9512,""right"":6603,""top"":10000,""bottom"":9540},""time"":1729913785640},{""box"":{""left"":9512,""right"":6603,""top"":10000,""bottom"":9540},""time"":1729913785716},{""box"":{""left"":9512,""right"":6603,""top"":10000,""bottom"":9540},""time"":1729913788537},{""box"":{""left"":9512,""right"":6603,""top"":10000,""bottom"":9540},""time"":1729913788635},{""box"":{""left"":9512,""right"":6603,""top"":10000,""bottom"":9540},""time"":1729913788730},{""box"":{""left"":9512,""right"":6603,""top"":10000,""bottom"":9540},""time"":1729913788826},{""box"":{""left"":9512,""right"":6603,""top"":10000,""bottom"":9540},""time"":1729913788912},{""box"":{""left"":9512,""right"":6603,""top"":10000,""bottom"":9540},""time"":1729913789095},{""box"":{""left"":9512,""right"":6603,""top"":10000,""bottom"":9540},""time"":1729913789166},{""box"":{""left"":9512,""right"":6603,""top"":10000,""bottom"":9540},""time"":1729913789657},{""box"":{""left"":9512,""right"":6603,""top"":10000,""bottom"":9540},""time"":1729913789688},{""box"":{""left"":9512,""right"":6603,""top"":10000,""bottom"":9540},""time"":1729913789768},{""box"":{""left"":9512,""right"":6603,""top"":10000,""bottom"":9540},""time"":1729913790179},{""box"":{""left"":9512,""right"":6603,""top"":10000,""bottom"":9540},""time"":1729913790263},{""box"":{""left"":9512,""right"":6603,""top"":10000,""bottom"":9540},""time"":1729913790296},{""box"":{""left"":9512,""right"":6603,""top"":10000,""bottom"":9540},""time"":1729913790390},{""box"":{""left"":9512,""right"":6603,""top"":10000,""bottom"":9540},""time"":1729913790460},{""box"":{""left"":9512,""right"":6603,""top"":10000,""bottom"":9540},""time"":1729913790548},{""box"":{""left"":9512,""right"":6603,""top"":10000,""bottom"":9540},""time"":1729913790632},{""box"":{""left"":9512,""right"":6603,""top"":10000,""bottom"":9540},""time"":1729913790664},{""box"":{""left"":9512,""right"":6603,""top"":10000,""bottom"":9540},""time"":1729913790721},{""box"":{""left"":9512,""right"":6603,""top"":10000,""bottom"":9540},""time"":1729913790827},{""box"":{""left"":9512,""right"":6603,""top"":10000,""bottom"":9540},""time"":1729913791985},{""box"":{""left"":9512,""right"":6603,""top"":10000,""bottom"":9540},""time"":1729913792073},{""box"":{""left"":9512,""right"":6603,""top"":10000,""bottom"":9540},""time"":1729913792174},{""box"":{""left"":9512,""right"":6603,""top"":10000,""bottom"":9540},""time"":1729913792231},{""box"":{""left"":9512,""right"":6603,""top"":10000,""bottom"":9540},""time"":1729913792264},{""box"":{""left"":9512,""right"":6603,""top"":10000,""bottom"":9540},""time"":1729913792380},{""box"":{""left"":9512,""right"":6603,""top"":10000,""bottom"":9540},""time"":1729913792603},{""box"":{""left"":9512,""right"":6603,""top"":10000,""bottom"":9540},""time"":1729913792709},{""box"":{""left"":9512,""right"":6603,""top"":10000,""bottom"":9540},""time"":1729913792815},{""box"":{""left"":9512,""right"":6603,""top"":10000,""bottom"":9540},""time"":1729913792891},{""box"":{""left"":9512,""right"":6603,""top"":10000,""bottom"":9540},""time"":1729913793040},{""box"":{""left"":9512,""right"":6603,""top"":10000,""bottom"":9540},""time"":1729913793093},{""box"":{""left"":9512,""right"":6603,""top"":10000,""bottom"":9540},""time"":1729913793167},{""box"":{""left"":9512,""right"":6603,""top"":10000,""bottom"":9540},""time"":1729913793200},{""box"":{""left"":9512,""right"":6603,""top"":10000,""bottom"":9540},""time"":1729913793274},{""box"":{""left"":9512,""right"":6603,""top"":10000,""bottom"":9540},""time"":1729913793328},{""box"":{""left"":9512,""right"":6603,""top"":10000,""bottom"":9540},""time"":1729913793581},{""box"":{""left"":9512,""right"":6603,""top"":10000,""bottom"":9540},""time"":1729913793687},{""box"":{""left"":9512,""right"":6603,""top"":10000,""bottom"":9540},""time"":1729913793785},{""box"":{""left"":9512,""right"":6603,""top"":10000,""bottom"":9540},""time"":1729913793861},{""box"":{""left"":9512,""right"":6603,""top"":10000,""bottom"":9540},""time"":1729913793892},{""box"":{""left"":9512,""right"":6603,""top"":10000,""bottom"":9540},""time"":1729913793977},{""box"":{""left"":9512,""right"":6603,""top"":10000,""bottom"":9540},""time"":1729913794065},{""box"":{""left"":9512,""right"":6603,""top"":10000,""bottom"":9540},""time"":1729913794128},{""box"":{""left"":9512,""right"":6603,""top"":10000,""bottom"":9540},""time"":1729913794160},{""box"":{""left"":9512,""right"":6603,""top"":10000,""bottom"":9540},""time"":1729913794215},{""box"":{""left"":9512,""right"":6603,""top"":10000,""bottom"":9540},""time"":1729913794288},{""box"":{""left"":9512,""right"":6603,""top"":10000,""bottom"":9540},""time"":1729913794333},{""box"":{""left"":9512,""right"":6603,""top"":10000,""bottom"":9540},""time"":1729913794371},{""box"":{""left"":9512,""right"":6603,""top"":10000,""bottom"":9540},""time"":1729913794424},{""box"":{""left"":9512,""right"":6603,""top"":10000,""bottom"":9540},""time"":1729913794512},{""box"":{""left"":9512,""right"":6603,""top"":10000,""bottom"":9540},""time"":1729913794646},{""box"":{""left"":9512,""right"":6603,""top"":10000,""bottom"":9540},""time"":1729913794702},{""box"":{""left"":9512,""right"":6603,""top"":10000,""bottom"":9540},""time"":1729913794760},{""box"":{""left"":9512,""right"":6603,""top"":10000,""bottom"":9540},""time"":1729913794828},{""box"":{""left"":9512,""right"":6603,""top"":10000,""bottom"":9540},""time"":1729913794866},{""box"":{""left"":9512,""right"":6603,""top"":10000,""bottom"":9540},""time"":1729913794899},{""box"":{""left"":9512,""right"":6603,""top"":10000,""bottom"":9540},""time"":1729913794995},{""box"":{""left"":9512,""right"":6603,""top"":10000,""bottom"":9540},""time"":1729913796445},{""box"":{""left"":9512,""right"":6603,""top"":10000,""bottom"":9540},""time"":1729913796520},{""box"":{""left"":9512,""right"":6603,""top"":10000,""bottom"":9540},""time"":1729913796551},{""box"":{""left"":9512,""right"":6603,""top"":10000,""bottom"":9540},""time"":1729913796669},{""box"":{""left"":9512,""right"":6603,""top"":10000,""bottom"":9540},""time"":1729913796744},{""box"":{""left"":9512,""right"":6603,""top"":10000,""bottom"":9540},""time"":1729913796776},{""box"":{""left"":9512,""right"":6603,""top"":10000,""bottom"":9540},""time"":1729913796845},{""box"":{""left"":9512,""right"":6603,""top"":10000,""bottom"":9540},""time"":1729913796914},{""box"":{""left"":9512,""right"":6603,""top"":10000,""bottom"":9540},""time"":1729913797152},{""box"":{""left"":9512,""right"":6603,""top"":10000,""bottom"":9540},""time"":1729913797333},{""box"":{""left"":9512,""right"":6603,""top"":10000,""bottom"":9540},""time"":1729913797408},{""box"":{""left"":9512,""right"":6603,""top"":10000,""bottom"":9540},""time"":1729913797673},{""box"":{""left"":9512,""right"":6603,""top"":10000,""bottom"":9540},""time"":1729913797740},{""box"":{""left"":9512,""right"":6603,""top"":10000,""bottom"":9540},""time"":1729913797793},{""box"":{""left"":9512,""right"":6603,""top"":10000,""bottom"":9540},""time"":1729913797836},{""box"":{""left"":9512,""right"":6603,""top"":10000,""bottom"":9540},""time"":1729913797991},{""box"":{""left"":9512,""right"":6603,""top"":10000,""bottom"":9540},""time"":1729913798279},{""box"":{""left"":9512,""right"":6603,""top"":10000,""bottom"":9540},""time"":1729913798461},{""box"":{""left"":9512,""right"":6603,""top"":10000,""bottom"":9540},""time"":1729913798536},{""box"":{""left"":9512,""right"":6603,""top"":10000,""bottom"":9540},""time"":1729913798612},{""box"":{""left"":9512,""right"":6603,""top"":10000,""bottom"":9540},""time"":1729913798747},{""box"":{""left"":9512,""right"":6603,""top"":10000,""bottom"":9540},""time"":1729913798895},{""box"":{""left"":9512,""right"":6603,""top"":10000,""bottom"":9540},""time"":1729913798948},{""box"":{""left"":9512,""right"":6603,""top"":10000,""bottom"":9540},""time"":1729913799012},{""box"":{""left"":9512,""right"":6603,""top"":10000,""bottom"":9540},""time"":1729913799076},{""box"":{""left"":9512,""right"":6603,""top"":10000,""bottom"":9540},""time"":1729913799141},{""box"":{""left"":9512,""right"":6603,""top"":10000,""bottom"":9540},""time"":1729913799195},{""box"":{""left"":9512,""right"":6603,""top"":10000,""bottom"":9540},""time"":1729913799259},{""box"":{""left"":9512,""right"":6603,""top"":10000,""bottom"":9540},""time"":1729913799312},{""box"":{""left"":9512,""right"":6603,""top"":10000,""bottom"":9540},""time"":1729913799409},{""box"":{""left"":9512,""right"":6603,""top"":10000,""bottom"":9540},""time"":1729913799678},{""box"":{""left"":9512,""right"":6603,""top"":10000,""bottom"":9540},""time"":1729913799764},{""box"":{""left"":9512,""right"":6603,""top"":10000,""bottom"":9540},""time"":1729913799851},{""box"":{""left"":9512,""right"":6603,""top"":10000,""bottom"":9540},""time"":1729913799936},{""box"":{""left"":9512,""right"":6603,""top"":10000,""bottom"":9540},""time"":1729913799979},{""box"":{""left"":9512,""right"":6603,""top"":10000,""bottom"":9540},""time"":1729913800033},{""box"":{""left"":9512,""right"":6603,""top"":10000,""bottom"":9540},""time"":1729913800146},{""box"":{""left"":9512,""right"":6603,""top"":10000,""bottom"":9540},""time"":1729913800260},{""box"":{""left"":9512,""right"":6603,""top"":10000,""bottom"":9540},""time"":1729913800304},{""box"":{""left"":9512,""right"":6603,""top"":10000,""bottom"":9540},""time"":1729913800380},{""box"":{""left"":9512,""right"":6603,""top"":10000,""bottom"":9540},""time"":1729913800445},{""box"":{""left"":9512,""right"":6603,""top"":10000,""bottom"":9540},""time"":1729913800537},{""box"":{""left"":9512,""right"":6603,""top"":10000,""bottom"":9540},""time"":1729913800624},{""box"":{""left"":9512,""right"":6603,""top"":10000,""bottom"":9540},""time"":1729913800668},{""box"":{""left"":9512,""right"":6603,""top"":10000,""bottom"":9540},""time"":1729913800733},{""box"":{""left"":9512,""right"":6603,""top"":10000,""bottom"":9540},""time"":1729913800814},{""box"":{""left"":9512,""right"":6603,""top"":10000,""bottom"":9540},""time"":1729913800906},{""box"":{""left"":9512,""right"":6603,""top"":10000,""bottom"":9540},""time"":1729913800975},{""box"":{""left"":9512,""right"":6603,""top"":10000,""bottom"":9540},""time"":1729913801056},{""box"":{""left"":9512,""right"":6603,""top"":10000,""bottom"":9540},""time"":1729913801109},{""box"":{""left"":9512,""right"":6603,""top"":10000,""bottom"":9540},""time"":1729913801184},{""box"":{""left"":9512,""right"":6603,""top"":10000,""bottom"":9540},""time"":1729913801262},{""box"":{""left"":9512,""right"":6603,""top"":10000,""bottom"":9540},""time"":1729913801313},{""box"":{""left"":9512,""right"":6603,""top"":10000,""bottom"":9540},""time"":1729913801364},{""box"":{""left"":9512,""right"":6603,""top"":10000,""bottom"":9540},""time"":1729913801433},{""box"":{""left"":9512,""right"":6603,""top"":10000,""bottom"":9540},""time"":1729913801473},{""box"":{""left"":9512,""right"":6603,""top"":10000,""bottom"":9540},""time"":1729913801527},{""box"":{""left"":9512,""right"":6603,""top"":10000,""bottom"":9540},""time"":1729913801602},{""box"":{""left"":9512,""right"":6603,""top"":10000,""bottom"":9540},""time"":1729913801942},{""box"":{""left"":9512,""right"":6603,""top"":10000,""bottom"":9540},""time"":1729913802006},{""box"":{""left"":9512,""right"":6603,""top"":10000,""bottom"":9540},""time"":1729913802070},{""box"":{""left"":9512,""right"":6603,""top"":10000,""bottom"":9540},""time"":1729913802134},{""box"":{""left"":9512,""right"":6603,""top"":10000,""bottom"":9540},""time"":1729913802197},{""box"":{""left"":9512,""right"":6603,""top"":10000,""bottom"":9540},""time"":1729913802262},{""box"":{""left"":9512,""right"":6603,""top"":10000,""bottom"":9540},""time"":1729913802389},{""box"":{""left"":9512,""right"":6603,""top"":10000,""bottom"":9540},""time"":1729913802581},{""box"":{""left"":9512,""right"":6603,""top"":10000,""bottom"":9540},""time"":1729913802657},{""box"":{""left"":9512,""right"":6603,""top"":10000,""bottom"":9540},""time"":1729913802708},{""box"":{""left"":9512,""right"":6603,""top"":10000,""bottom"":9540},""time"":1729913802762},{""box"":{""left"":9512,""right"":6603,""top"":10000,""bottom"":9540},""time"":1729913802836},{""box"":{""left"":9512,""right"":6603,""top"":10000,""bottom"":9540},""time"":1729913802887},{""box"":{""left"":9512,""right"":6603,""top"":10000,""bottom"":9540},""time"":1729913802938},{""box"":{""left"":9512,""right"":6603,""top"":10000,""bottom"":9540},""time"":1729913802988},{""box"":{""left"":9512,""right"":6603,""top"":10000,""bottom"":9540},""time"":1729913803050},{""box"":{""left"":9512,""right"":6603,""top"":10000,""bottom"":9540},""time"":1729913803165},{""box"":{""left"":9512,""right"":6603,""top"":10000,""bottom"":9540},""time"":1729913803250},{""box"":{""left"":9512,""right"":6603,""top"":10000,""bottom"":9540},""time"":1729913803301},{""box"":{""left"":9512,""right"":6603,""top"":10000,""bottom"":9540},""time"":1729913803374},{""box"":{""left"":9512,""right"":6603,""top"":10000,""bottom"":9540},""time"":1729913803425}",,,,,
57059,Person,2024-10-26 12:36:06,2024-10-26 12:36:06,"{""left"":5974,""right"":1969,""top"":6159,""bottom"":3177}",,,,,
57060,Person,2024-10-26 12:36:06,2024-10-26 12:36:15,"{""left"":5080,""right"":2427,""top"":5411,""bottom"":4052},{""box"":{""left"":5080,""right"":2427,""top"":5411,""bottom"":4052},""time"":1729913767290},{""box"":{""left"":5080,""right"":2427,""top"":5411,""bottom"":4052},""time"":1729913767351},{""box"":{""left"":5080,""right"":2427,""top"":5411,""bottom"":4052},""time"":1729913767404},{""box"":{""left"":5080,""right"":2427,""top"":5411,""bottom"":4052},""time"":1729913767475},{""box"":{""left"":5080,""right"":2427,""top"":5411,""bottom"":4052},""time"":1729913767522},{""box"":{""left"":5080,""right"":2427,""top"":5411,""bottom"":4052},""time"":1729913767641},{""box"":{""left"":5080,""right"":2427,""top"":5411,""bottom"":4052},""time"":1729913767704},{""box"":{""left"":5080,""right"":2427,""top"":5411,""bottom"":4052},""time"":1729913767801},{""box"":{""left"":5080,""right"":2427,""top"":5411,""bottom"":4052},""time"":1729913767986},{""box"":{""left"":5080,""right"":2427,""top"":5411,""bottom"":4052},""time"":1729913768049},{""box"":{""left"":5080,""right"":2427,""top"":5411,""bottom"":4052},""time"":1729913768103},{""box"":{""left"":5080,""right"":2427,""top"":5411,""bottom"":4052},""time"":1729913768156},{""box"":{""left"":5080,""right"":2427,""top"":5411,""bottom"":4052},""time"":1729913768210},{""box"":{""left"":5080,""right"":2427,""top"":5411,""bottom"":4052},""time"":1729913768490},{""box"":{""left"":5080,""right"":2427,""top"":5411,""bottom"":4052},""time"":1729913768554},{""box"":{""left"":5080,""right"":2427,""top"":5411,""bottom"":4052},""time"":1729913768617},{""box"":{""left"":5080,""right"":2427,""top"":5411,""bottom"":4052},""time"":1729913768680},{""box"":{""left"":5080,""right"":2427,""top"":5411,""bottom"":4052},""time"":1729913768743},{""box"":{""left"":5080,""right"":2427,""top"":5411,""bottom"":4052},""time"":1729913768796},{""box"":{""left"":5080,""right"":2427,""top"":5411,""bottom"":4052},""time"":1729913768849},{""box"":{""left"":5080,""right"":2427,""top"":5411,""bottom"":4052},""time"":1729913768913},{""box"":{""left"":5080,""right"":2427,""top"":5411,""bottom"":4052},""time"":1729913768972},{""box"":{""left"":5080,""right"":2427,""top"":5411,""bottom"":4052},""time"":1729913769025},{""box"":{""left"":5080,""right"":2427,""top"":5411,""bottom"":4052},""time"":1729913769079},{""box"":{""left"":5080,""right"":2427,""top"":5411,""bottom"":4052},""time"":1729913769133},{""box"":{""left"":5080,""right"":2427,""top"":5411,""bottom"":4052},""time"":1729913769186},{""box"":{""left"":5080,""right"":2427,""top"":5411,""bottom"":4052},""time"":1729913769240},{""box"":{""left"":5080,""right"":2427,""top"":5411,""bottom"":4052},""time"":1729913769323},{""box"":{""left"":5080,""right"":2427,""top"":5411,""bottom"":4052},""time"":1729913769385},{""box"":{""left"":5080,""right"":2427,""top"":5411,""bottom"":4052},""time"":1729913769498},{""box"":{""left"":5080,""right"":2427,""top"":5411,""bottom"":4052},""time"":1729913769611},{""box"":{""left"":5080,""right"":2427,""top"":5411,""bottom"":4052},""time"":1729913770014},{""box"":{""left"":5080,""right"":2427,""top"":5411,""bottom"":4052},""time"":1729913770067},{""box"":{""left"":5080,""right"":2427,""top"":5411,""bottom"":4052},""time"":1729913770130},{""box"":{""left"":5080,""right"":2427,""top"":5411,""bottom"":4052},""time"":1729913770182},{""box"":{""left"":5080,""right"":2427,""top"":5411,""bottom"":4052},""time"":1729913770234},{""box"":{""left"":5080,""right"":2427,""top"":5411,""bottom"":4052},""time"":1729913770302},{""box"":{""left"":5080,""right"":2427,""top"":5411,""bottom"":4052},""time"":1729913770365},{""box"":{""left"":5080,""right"":2427,""top"":5411,""bottom"":4052},""time"":1729913770429},{""box"":{""left"":5080,""right"":2427,""top"":5411,""bottom"":4052},""time"":1729913770481},{""box"":{""left"":5080,""right"":2427,""top"":5411,""bottom"":4052},""time"":1729913770533},{""box"":{""left"":5080,""right"":2427,""top"":5411,""bottom"":4052},""time"":1729913770586},{""box"":{""left"":5080,""right"":2427,""top"":5411,""bottom"":4052},""time"":1729913770649},{""box"":{""left"":5080,""right"":2427,""top"":5411,""bottom"":4052},""time"":1729913770701},{""box"":{""left"":5080,""right"":2427,""top"":5411,""bottom"":4052},""time"":1729913770754},{""box"":{""left"":5080,""right"":2427,""top"":5411,""bottom"":4052},""time"":1729913770807},{""box"":{""left"":5080,""right"":2427,""top"":5411,""bottom"":4052},""time"":1729913770860},{""box"":{""left"":5080,""right"":2427,""top"":5411,""bottom"":4052},""time"":1729913770983},{""box"":{""left"":5080,""right"":2427,""top"":5411,""bottom"":4052},""time"":1729913771036},{""box"":{""left"":5080,""right"":2427,""top"":5411,""bottom"":4052},""time"":1729913771099},{""box"":{""left"":5080,""right"":2427,""top"":5411,""bottom"":4052},""time"":1729913771151},{""box"":{""left"":5080,""right"":2427,""top"":5411,""bottom"":4052},""time"":1729913771215},{""box"":{""left"":5080,""right"":2427,""top"":5411,""bottom"":4052},""time"":1729913771278},{""box"":{""left"":5080,""right"":2427,""top"":5411,""bottom"":4052},""time"":1729913771362},{""box"":{""left"":5080,""right"":2427,""top"":5411,""bottom"":4052},""time"":1729913771424},{""box"":{""left"":5080,""right"":2427,""top"":5411,""bottom"":4052},""time"":1729913771485},{""box"":{""left"":5080,""right"":2427,""top"":5411,""bottom"":4052},""time"":1729913771549},{""box"":{""left"":5080,""right"":2427,""top"":5411,""bottom"":4052},""time"":1729913771612},{""box"":{""left"":5080,""right"":2427,""top"":5411,""bottom"":4052},""time"":1729913771664},{""box"":{""left"":5080,""right"":2427,""top"":5411,""bottom"":4052},""time"":1729913771707},{""box"":{""left"":5080,""right"":2427,""top"":5411,""bottom"":4052},""time"":1729913771828},{""box"":{""left"":5080,""right"":2427,""top"":5411,""bottom"":4052},""time"":1729913771875},{""box"":{""left"":5080,""right"":2427,""top"":5411,""bottom"":4052},""time"":1729913771930},{""box"":{""left"":5080,""right"":2427,""top"":5411,""bottom"":4052},""time"":1729913771982},{""box"":{""left"":5080,""right"":2427,""top"":5411,""bottom"":4052},""time"":1729913772044},{""box"":{""left"":5080,""right"":2427,""top"":5411,""bottom"":4052},""time"":1729913772115},{""box"":{""left"":5080,""right"":2427,""top"":5411,""bottom"":4052},""time"":1729913772170},{""box"":{""left"":5080,""right"":2427,""top"":5411,""bottom"":4052},""time"":1729913772229},{""box"":{""left"":5080,""right"":2427,""top"":5411,""bottom"":4052},""time"":1729913772290},{""box"":{""left"":5080,""right"":2427,""top"":5411,""bottom"":4052},""time"":1729913772416},{""box"":{""left"":5080,""right"":2427,""top"":5411,""bottom"":4052},""time"":1729913772479},{""box"":{""left"":5080,""right"":2427,""top"":5411,""bottom"":4052},""time"":1729913772534},{""box"":{""left"":5080,""right"":2427,""top"":5411,""bottom"":4052},""time"":1729913772588},{""box"":{""left"":5080,""right"":2427,""top"":5411,""bottom"":4052},""time"":1729913772685},{""box"":{""left"":5080,""right"":2427,""top"":5411,""bottom"":4052},""time"":1729913772748},{""box"":{""left"":5080,""right"":2427,""top"":5411,""bottom"":4052},""time"":1729913772807},{""box"":{""left"":5080,""right"":2427,""top"":5411,""bottom"":4052},""time"":1729913772860},{""box"":{""left"":5080,""right"":2427,""top"":5411,""bottom"":4052},""time"":1729913772910},{""box"":{""left"":5080,""right"":2427,""top"":5411,""bottom"":4052},""time"":1729913772984},{""box"":{""left"":5080,""right"":2427,""top"":5411,""bottom"":4052},""time"":1729913773037},{""box"":{""left"":5080,""right"":2427,""top"":5411,""bottom"":4052},""time"":1729913773101},{""box"":{""left"":5080,""right"":2427,""top"":5411,""bottom"":4052},""time"":1729913773169},{""box"":{""left"":5080,""right"":2427,""top"":5411,""bottom"":4052},""time"":1729913773222},{""box"":{""left"":5080,""right"":2427,""top"":5411,""bottom"":4052},""time"":1729913773317},{""box"":{""left"":5080,""right"":2427,""top"":5411,""bottom"":4052},""time"":1729913773374},{""box"":{""left"":5080,""right"":2427,""top"":5411,""bottom"":4052},""time"":1729913773436},{""box"":{""left"":5080,""right"":2427,""top"":5411,""bottom"":4052},""time"":1729913773503},{""box"":{""left"":5080,""right"":2427,""top"":5411,""bottom"":4052},""time"":1729913773557},{""box"":{""left"":5080,""right"":2427,""top"":5411,""bottom"":4052},""time"":1729913773619},{""box"":{""left"":5080,""right"":2427,""top"":5411,""bottom"":4052},""time"":1729913773689},{""box"":{""left"":5080,""right"":2427,""top"":5411,""bottom"":4052},""time"":1729913773974},{""box"":{""left"":5080,""right"":2427,""top"":5411,""bottom"":4052},""time"":1729913774111},{""box"":{""left"":5080,""right"":2427,""top"":5411,""bottom"":4052},""time"":1729913774180},{""box"":{""left"":5080,""right"":2427,""top"":5411,""bottom"":4052},""time"":1729913774264},{""box"":{""left"":5080,""right"":2427,""top"":5411,""bottom"":4052},""time"":1729913774339},{""box"":{""left"":5080,""right"":2427,""top"":5411,""bottom"":4052},""time"":1729913774413},{""box"":{""left"":5080,""right"":2427,""top"":5411,""bottom"":4052},""time"":1729913774477},{""box"":{""left"":5080,""right"":2427,""top"":5411,""bottom"":4052},""time"":1729913774551},{""box"":{""left"":5080,""right"":2427,""top"":5411,""bottom"":4052},""time"":1729913775069},{""box"":{""left"":5080,""right"":2427,""top"":5411,""bottom"":4052},""time"":1729913775138},{""box"":{""left"":5080,""right"":2427,""top"":5411,""bottom"":4052},""time"":1729913775201},{""box"":{""left"":5080,""right"":2427,""top"":5411,""bottom"":4052},""time"":1729913775269},{""box"":{""left"":5080,""right"":2427,""top"":5411,""bottom"":4052},""time"":1729913775385},{""box"":{""left"":5080,""right"":2427,""top"":5411,""bottom"":4052},""time"":1729913775458}",,,,,
57061,Person,2024-10-26 12:36:07,2024-10-26 12:36:07,"{""left"":6562,""right"":2270,""top"":6974,""bottom"":4250},{""box"":{""left"":6562,""right"":2270,""top"":6974,""bottom"":4250},""time"":1729913767651},{""box"":{""left"":6562,""right"":2270,""top"":6974,""bottom"":4250},""time"":1729913767714},{""box"":{""left"":6562,""right"":2270,""top"":6974,""bottom"":4250},""time"":1729913767811},{""box"":{""left"":6562,""right"":2270,""top"":6974,""bottom"":4250},""time"":1729913767996}",,,,,
57062,Person,2024-10-26 12:36:08,2024-10-26 12:36:21,"{""left"":5958,""right"":2640,""top"":6225,""bottom"":3669},{""box"":{""left"":5958,""right"":2640,""top"":6225,""bottom"":3669},""time"":1729913770025},{""box"":{""left"":5958,""right"":2640,""top"":6225,""bottom"":3669},""time"":1729913770077},{""box"":{""left"":5958,""right"":2640,""top"":6225,""bottom"":3669},""time"":1729913770140},{""box"":{""left"":5958,""right"":2640,""top"":6225,""bottom"":3669},""time"":1729913770192},{""box"":{""left"":5958,""right"":2640,""top"":6225,""bottom"":3669},""time"":1729913770245},{""box"":{""left"":5958,""right"":2640,""top"":6225,""bottom"":3669},""time"":1729913770312},{""box"":{""left"":5958,""right"":2640,""top"":6225,""bottom"":3669},""time"":1729913770376},{""box"":{""left"":5958,""right"":2640,""top"":6225,""bottom"":3669},""time"":1729913770439},{""box"":{""left"":5958,""right"":2640,""top"":6225,""bottom"":3669},""time"":1729913770491},{""box"":{""left"":5958,""right"":2640,""top"":6225,""bottom"":3669},""time"":1729913770543},{""box"":{""left"":5958,""right"":2640,""top"":6225,""bottom"":3669},""time"":1729913770596},{""box"":{""left"":5958,""right"":2640,""top"":6225,""bottom"":3669},""time"":1729913770659},{""box"":{""left"":5958,""right"":2640,""top"":6225,""bottom"":3669},""time"":1729913770712},{""box"":{""left"":5958,""right"":2640,""top"":6225,""bottom"":3669},""time"":1729913770764},{""box"":{""left"":5958,""right"":2640,""top"":6225,""bottom"":3669},""time"":1729913770818},{""box"":{""left"":5958,""right"":2640,""top"":6225,""bottom"":3669},""time"":1729913770870},{""box"":{""left"":5958,""right"":2640,""top"":6225,""bottom"":3669},""time"":1729913770994},{""box"":{""left"":5958,""right"":2640,""top"":6225,""bottom"":3669},""time"":1729913771046},{""box"":{""left"":5958,""right"":2640,""top"":6225,""bottom"":3669},""time"":1729913771109},{""box"":{""left"":5958,""right"":2640,""top"":6225,""bottom"":3669},""time"":1729913771162},{""box"":{""left"":5958,""right"":2640,""top"":6225,""bottom"":3669},""time"":1729913771225},{""box"":{""left"":5958,""right"":2640,""top"":6225,""bottom"":3669},""time"":1729913771289},{""box"":{""left"":5958,""right"":2640,""top"":6225,""bottom"":3669},""time"":1729913771372},{""box"":{""left"":5958,""right"":2640,""top"":6225,""bottom"":3669},""time"":1729913771434},{""box"":{""left"":5958,""right"":2640,""top"":6225,""bottom"":3669},""time"":1729913771495},{""box"":{""left"":5958,""right"":2640,""top"":6225,""bottom"":3669},""time"":1729913771559},{""box"":{""left"":5958,""right"":2640,""top"":6225,""bottom"":3669},""time"":1729913771622},{""box"":{""left"":5958,""right"":2640,""top"":6225,""bottom"":3669},""time"":1729913771675},{""box"":{""left"":5958,""right"":2640,""top"":6225,""bottom"":3669},""time"":1729913771717},{""box"":{""left"":5958,""right"":2640,""top"":6225,""bottom"":3669},""time"":1729913771838},{""box"":{""left"":5958,""right"":2640,""top"":6225,""bottom"":3669},""time"":1729913771886},{""box"":{""left"":5958,""right"":2640,""top"":6225,""bottom"":3669},""time"":1729913771940},{""box"":{""left"":5958,""right"":2640,""top"":6225,""bottom"":3669},""time"":1729913771992},{""box"":{""left"":5958,""right"":2640,""top"":6225,""bottom"":3669},""time"":1729913772054},{""box"":{""left"":5958,""right"":2640,""top"":6225,""bottom"":3669},""time"":1729913772126},{""box"":{""left"":5958,""right"":2640,""top"":6225,""bottom"":3669},""time"":1729913772180},{""box"":{""left"":5958,""right"":2640,""top"":6225,""bottom"":3669},""time"":1729913772239},{""box"":{""left"":5958,""right"":2640,""top"":6225,""bottom"":3669},""time"":1729913772300},{""box"":{""left"":5958,""right"":2640,""top"":6225,""bottom"":3669},""time"":1729913772334},{""box"":{""left"":5958,""right"":2640,""top"":6225,""bottom"":3669},""time"":1729913772426},{""box"":{""left"":5958,""right"":2640,""top"":6225,""bottom"":3669},""time"":1729913772490},{""box"":{""left"":5958,""right"":2640,""top"":6225,""bottom"":3669},""time"":1729913772544},{""box"":{""left"":5958,""right"":2640,""top"":6225,""bottom"":3669},""time"":1729913772598},{""box"":{""left"":5958,""right"":2640,""top"":6225,""bottom"":3669},""time"":1729913772643},{""box"":{""left"":5958,""right"":2640,""top"":6225,""bottom"":3669},""time"":1729913772695},{""box"":{""left"":5958,""right"":2640,""top"":6225,""bottom"":3669},""time"":1729913772759},{""box"":{""left"":5958,""right"":2640,""top"":6225,""bottom"":3669},""time"":1729913772817},{""box"":{""left"":5958,""right"":2640,""top"":6225,""bottom"":3669},""time"":1729913772871},{""box"":{""left"":5958,""right"":2640,""top"":6225,""bottom"":3669},""time"":1729913772921},{""box"":{""left"":5958,""right"":2640,""top"":6225,""bottom"":3669},""time"":1729913772994},{""box"":{""left"":5958,""right"":2640,""top"":6225,""bottom"":3669},""time"":1729913773047},{""box"":{""left"":5958,""right"":2640,""top"":6225,""bottom"":3669},""time"":1729913773111},{""box"":{""left"":5958,""right"":2640,""top"":6225,""bottom"":3669},""time"":1729913773179},{""box"":{""left"":5958,""right"":2640,""top"":6225,""bottom"":3669},""time"":1729913773233},{""box"":{""left"":5958,""right"":2640,""top"":6225,""bottom"":3669},""time"":1729913773265},{""box"":{""left"":5958,""right"":2640,""top"":6225,""bottom"":3669},""time"":1729913773327},{""box"":{""left"":5958,""right"":2640,""top"":6225,""bottom"":3669},""time"":1729913773385},{""box"":{""left"":5958,""right"":2640,""top"":6225,""bottom"":3669},""time"":1729913773446},{""box"":{""left"":5958,""right"":2640,""top"":6225,""bottom"":3669},""time"":1729913773514},{""box"":{""left"":5958,""right"":2640,""top"":6225,""bottom"":3669},""time"":1729913773567},{""box"":{""left"":5958,""right"":2640,""top"":6225,""bottom"":3669},""time"":1729913773629},{""box"":{""left"":5958,""right"":2640,""top"":6225,""bottom"":3669},""time"":1729913773699},{""box"":{""left"":5958,""right"":2640,""top"":6225,""bottom"":3669},""time"":1729913773984},{""box"":{""left"":5958,""right"":2640,""top"":6225,""bottom"":3669},""time"":1729913774121},{""box"":{""left"":5958,""right"":2640,""top"":6225,""bottom"":3669},""time"":1729913774190},{""box"":{""left"":5958,""right"":2640,""top"":6225,""bottom"":3669},""time"":1729913774275},{""box"":{""left"":5958,""right"":2640,""top"":6225,""bottom"":3669},""time"":1729913774350},{""box"":{""left"":5958,""right"":2640,""top"":6225,""bottom"":3669},""time"":1729913774424},{""box"":{""left"":5958,""right"":2640,""top"":6225,""bottom"":3669},""time"":1729913774488},{""box"":{""left"":5958,""right"":2640,""top"":6225,""bottom"":3669},""time"":1729913774562},{""box"":{""left"":5958,""right"":2640,""top"":6225,""bottom"":3669},""time"":1729913774614},{""box"":{""left"":5958,""right"":2640,""top"":6225,""bottom"":3669},""time"":1729913774894},{""box"":{""left"":5958,""right"":2640,""top"":6225,""bottom"":3669},""time"":1729913775006},{""box"":{""left"":5958,""right"":2640,""top"":6225,""bottom"":3669},""time"":1729913775079},{""box"":{""left"":5958,""right"":2640,""top"":6225,""bottom"":3669},""time"":1729913775148},{""box"":{""left"":5958,""right"":2640,""top"":6225,""bottom"":3669},""time"":1729913775211},{""box"":{""left"":5958,""right"":2640,""top"":6225,""bottom"":3669},""time"":1729913775279},{""box"":{""left"":5958,""right"":2640,""top"":6225,""bottom"":3669},""time"":1729913775395},{""box"":{""left"":5958,""right"":2640,""top"":6225,""bottom"":3669},""time"":1729913775468},{""box"":{""left"":5958,""right"":2640,""top"":6225,""bottom"":3669},""time"":1729913776562},{""box"":{""left"":5958,""right"":2640,""top"":6225,""bottom"":3669},""time"":1729913776642},{""box"":{""left"":5958,""right"":2640,""top"":6225,""bottom"":3669},""time"":1729913776784},{""box"":{""left"":5958,""right"":2640,""top"":6225,""bottom"":3669},""time"":1729913776863},{""box"":{""left"":5958,""right"":2640,""top"":6225,""bottom"":3669},""time"":1729913776942},{""box"":{""left"":5958,""right"":2640,""top"":6225,""bottom"":3669},""time"":1729913777011},{""box"":{""left"":5958,""right"":2640,""top"":6225,""bottom"":3669},""time"":1729913777065},{""box"":{""left"":5958,""right"":2640,""top"":6225,""bottom"":3669},""time"":1729913777126},{""box"":{""left"":5958,""right"":2640,""top"":6225,""bottom"":3669},""time"":1729913777186},{""box"":{""left"":5958,""right"":2640,""top"":6225,""bottom"":3669},""time"":1729913777246},{""box"":{""left"":5958,""right"":2640,""top"":6225,""bottom"":3669},""time"":1729913777303},{""box"":{""left"":5958,""right"":2640,""top"":6225,""bottom"":3669},""time"":1729913777357},{""box"":{""left"":5958,""right"":2640,""top"":6225,""bottom"":3669},""time"":1729913777425},{""box"":{""left"":5958,""right"":2640,""top"":6225,""bottom"":3669},""time"":1729913777482},{""box"":{""left"":5958,""right"":2640,""top"":6225,""bottom"":3669},""time"":1729913777542},{""box"":{""left"":5958,""right"":2640,""top"":6225,""bottom"":3669},""time"":1729913777603},{""box"":{""left"":5958,""right"":2640,""top"":6225,""bottom"":3669},""time"":1729913777659},{""box"":{""left"":5958,""right"":2640,""top"":6225,""bottom"":3669},""time"":1729913777832},{""box"":{""left"":5958,""right"":2640,""top"":6225,""bottom"":3669},""time"":1729913777912},{""box"":{""left"":5958,""right"":2640,""top"":6225,""bottom"":3669},""time"":1729913778511},{""box"":{""left"":5958,""right"":2640,""top"":6225,""bottom"":3669},""time"":1729913778719},{""box"":{""left"":5958,""right"":2640,""top"":6225,""bottom"":3669},""time"":1729913778766},{""box"":{""left"":5958,""right"":2640,""top"":6225,""bottom"":3669},""time"":1729913778797},{""box"":{""left"":5958,""right"":2640,""top"":6225,""bottom"":3669},""time"":1729913778923},{""box"":{""left"":5958,""right"":2640,""top"":6225,""bottom"":3669},""time"":1729913778945},{""box"":{""left"":5958,""right"":2640,""top"":6225,""bottom"":3669},""time"":1729913778998},{""box"":{""left"":5958,""right"":2640,""top"":6225,""bottom"":3669},""time"":1729913779030},{""box"":{""left"":5958,""right"":2640,""top"":6225,""bottom"":3669},""time"":1729913779161},{""box"":{""left"":5958,""right"":2640,""top"":6225,""bottom"":3669},""time"":1729913779193},{""box"":{""left"":5958,""right"":2640,""top"":6225,""bottom"":3669},""time"":1729913779453},{""box"":{""left"":5958,""right"":2640,""top"":6225,""bottom"":3669},""time"":1729913779485},{""box"":{""left"":5958,""right"":2640,""top"":6225,""bottom"":3669},""time"":1729913779539},{""box"":{""left"":5958,""right"":2640,""top"":6225,""bottom"":3669},""time"":1729913779570},{""box"":{""left"":5958,""right"":2640,""top"":6225,""bottom"":3669},""time"":1729913779624},{""box"":{""left"":5958,""right"":2640,""top"":6225,""bottom"":3669},""time"":1729913779656},{""box"":{""left"":5958,""right"":2640,""top"":6225,""bottom"":3669},""time"":1729913779709},{""box"":{""left"":5958,""right"":2640,""top"":6225,""bottom"":3669},""time"":1729913779741},{""box"":{""left"":5958,""right"":2640,""top"":6225,""bottom"":3669},""time"":1729913779804},{""box"":{""left"":5958,""right"":2640,""top"":6225,""bottom"":3669},""time"":1729913779836},{""box"":{""left"":5958,""right"":2640,""top"":6225,""bottom"":3669},""time"":1729913779905},{""box"":{""left"":5958,""right"":2640,""top"":6225,""bottom"":3669},""time"":1729913779937},{""box"":{""left"":5958,""right"":2640,""top"":6225,""bottom"":3669},""time"":1729913780010},{""box"":{""left"":5958,""right"":2640,""top"":6225,""bottom"":3669},""time"":1729913780042},{""box"":{""left"":5958,""right"":2640,""top"":6225,""bottom"":3669},""time"":1729913780126},{""box"":{""left"":5958,""right"":2640,""top"":6225,""bottom"":3669},""time"":1729913780158},{""box"":{""left"":5958,""right"":2640,""top"":6225,""bottom"":3669},""time"":1729913780222},{""box"":{""left"":5958,""right"":2640,""top"":6225,""bottom"":3669},""time"":1729913780253},{""box"":{""left"":5958,""right"":2640,""top"":6225,""bottom"":3669},""time"":1729913780364},{""box"":{""left"":5958,""right"":2640,""top"":6225,""bottom"":3669},""time"":1729913780396},{""box"":{""left"":5958,""right"":2640,""top"":6225,""bottom"":3669},""time"":1729913780449},{""box"":{""left"":5958,""right"":2640,""top"":6225,""bottom"":3669},""time"":1729913780480},{""box"":{""left"":5958,""right"":2640,""top"":6225,""bottom"":3669},""time"":1729913780553},{""box"":{""left"":5958,""right"":2640,""top"":6225,""bottom"":3669},""time"":1729913780584},{""box"":{""left"":5958,""right"":2640,""top"":6225,""bottom"":3669},""time"":1729913780637},{""box"":{""left"":5958,""right"":2640,""top"":6225,""bottom"":3669},""time"":1729913780668},{""box"":{""left"":5958,""right"":2640,""top"":6225,""bottom"":3669},""time"":1729913780715},{""box"":{""left"":5958,""right"":2640,""top"":6225,""bottom"":3669},""time"":1729913780747},{""box"":{""left"":5958,""right"":2640,""top"":6225,""bottom"":3669},""time"":1729913780794},{""box"":{""left"":5958,""right"":2640,""top"":6225,""bottom"":3669},""time"":1729913780826},{""box"":{""left"":5958,""right"":2640,""top"":6225,""bottom"":3669},""time"":1729913780874},{""box"":{""left"":5958,""right"":2640,""top"":6225,""bottom"":3669},""time"":1729913780905},{""box"":{""left"":5958,""right"":2640,""top"":6225,""bottom"":3669},""time"":1729913780953},{""box"":{""left"":5958,""right"":2640,""top"":6225,""bottom"":3669},""time"":1729913780984},{""box"":{""left"":5958,""right"":2640,""top"":6225,""bottom"":3669},""time"":1729913781031},{""box"":{""left"":5958,""right"":2640,""top"":6225,""bottom"":3669},""time"":1729913781063},{""box"":{""left"":5958,""right"":2640,""top"":6225,""bottom"":3669},""time"":1729913781110},{""box"":{""left"":5958,""right"":2640,""top"":6225,""bottom"":3669},""time"":1729913781142}",,,,,
57063,Person,2024-10-26 12:36:11,2024-10-26 12:36:25,"{""left"":1756,""right"":2395,""top"":1962,""bottom"":3479},{""box"":{""left"":1756,""right"":2395,""top"":1962,""bottom"":3479},""time"":1729913772653},{""box"":{""left"":1756,""right"":2395,""top"":1962,""bottom"":3479},""time"":1729913772706},{""box"":{""left"":1756,""right"":2395,""top"":1962,""bottom"":3479},""time"":1729913772931},{""box"":{""left"":1756,""right"":2395,""top"":1962,""bottom"":3479},""time"":1729913773121},{""box"":{""left"":1756,""right"":2395,""top"":1962,""bottom"":3479},""time"":1729913773275},{""box"":{""left"":1756,""right"":2395,""top"":1962,""bottom"":3479},""time"":1729913773457},{""box"":{""left"":1756,""right"":2395,""top"":1962,""bottom"":3479},""time"":1729913773709},{""box"":{""left"":1756,""right"":2395,""top"":1962,""bottom"":3479},""time"":1729913774201},{""box"":{""left"":1756,""right"":2395,""top"":1962,""bottom"":3479},""time"":1729913774285},{""box"":{""left"":1756,""right"":2395,""top"":1962,""bottom"":3479},""time"":1729913774572},{""box"":{""left"":1756,""right"":2395,""top"":1962,""bottom"":3479},""time"":1729913774624},{""box"":{""left"":1756,""right"":2395,""top"":1962,""bottom"":3479},""time"":1729913774904},{""box"":{""left"":1756,""right"":2395,""top"":1962,""bottom"":3479},""time"":1729913775017},{""box"":{""left"":1756,""right"":2395,""top"":1962,""bottom"":3479},""time"":1729913775090},{""box"":{""left"":1756,""right"":2395,""top"":1962,""bottom"":3479},""time"":1729913775159},{""box"":{""left"":1756,""right"":2395,""top"":1962,""bottom"":3479},""time"":1729913775221},{""box"":{""left"":1756,""right"":2395,""top"":1962,""bottom"":3479},""time"":1729913775290},{""box"":{""left"":1756,""right"":2395,""top"":1962,""bottom"":3479},""time"":1729913775338},{""box"":{""left"":1756,""right"":2395,""top"":1962,""bottom"":3479},""time"":1729913775406},{""box"":{""left"":1756,""right"":2395,""top"":1962,""bottom"":3479},""time"":1729913775479},{""box"":{""left"":1756,""right"":2395,""top"":1962,""bottom"":3479},""time"":1729913775531},{""box"":{""left"":1756,""right"":2395,""top"":1962,""bottom"":3479},""time"":1729913775583},{""box"":{""left"":1756,""right"":2395,""top"":1962,""bottom"":3479},""time"":1729913775636},{""box"":{""left"":1756,""right"":2395,""top"":1962,""bottom"":3479},""time"":1729913775860},{""box"":{""left"":1756,""right"":2395,""top"":1962,""bottom"":3479},""time"":1729913775914},{""box"":{""left"":1756,""right"":2395,""top"":1962,""bottom"":3479},""time"":1729913775974},{""box"":{""left"":1756,""right"":2395,""top"":1962,""bottom"":3479},""time"":1729913776026},{""box"":{""left"":1756,""right"":2395,""top"":1962,""bottom"":3479},""time"":1729913776088},{""box"":{""left"":1756,""right"":2395,""top"":1962,""bottom"":3479},""time"":1729913776203},{""box"":{""left"":1756,""right"":2395,""top"":1962,""bottom"":3479},""time"":1729913776314},{""box"":{""left"":1756,""right"":2395,""top"":1962,""bottom"":3479},""time"":1729913776375},{""box"":{""left"":1756,""right"":2395,""top"":1962,""bottom"":3479},""time"":1729913776428},{""box"":{""left"":1756,""right"":2395,""top"":1962,""bottom"":3479},""time"":1729913776499},{""box"":{""left"":1756,""right"":2395,""top"":1962,""bottom"":3479},""time"":1729913776573},{""box"":{""left"":1756,""right"":2395,""top"":1962,""bottom"":3479},""time"":1729913776652},{""box"":{""left"":1756,""right"":2395,""top"":1962,""bottom"":3479},""time"":1729913776721},{""box"":{""left"":1756,""right"":2395,""top"":1962,""bottom"":3479},""time"":1729913776794},{""box"":{""left"":1756,""right"":2395,""top"":1962,""bottom"":3479},""time"":1729913776874},{""box"":{""left"":1756,""right"":2395,""top"":1962,""bottom"":3479},""time"":1729913776953},{""box"":{""left"":1756,""right"":2395,""top"":1962,""bottom"":3479},""time"":1729913777022},{""box"":{""left"":1756,""right"":2395,""top"":1962,""bottom"":3479},""time"":1729913777076},{""box"":{""left"":1756,""right"":2395,""top"":1962,""bottom"":3479},""time"":1729913777136},{""box"":{""left"":1756,""right"":2395,""top"":1962,""bottom"":3479},""time"":1729913777196},{""box"":{""left"":1756,""right"":2395,""top"":1962,""bottom"":3479},""time"":1729913777257},{""box"":{""left"":1756,""right"":2395,""top"":1962,""bottom"":3479},""time"":1729913777367},{""box"":{""left"":1756,""right"":2395,""top"":1962,""bottom"":3479},""time"":1729913777435},{""box"":{""left"":1756,""right"":2395,""top"":1962,""bottom"":3479},""time"":1729913777492},{""box"":{""left"":1756,""right"":2395,""top"":1962,""bottom"":3479},""time"":1729913777553},{""box"":{""left"":1756,""right"":2395,""top"":1962,""bottom"":3479},""time"":1729913777613},{""box"":{""left"":1756,""right"":2395,""top"":1962,""bottom"":3479},""time"":1729913777670},{""box"":{""left"":1756,""right"":2395,""top"":1962,""bottom"":3479},""time"":1729913777843},{""box"":{""left"":1756,""right"":2395,""top"":1962,""bottom"":3479},""time"":1729913777923},{""box"":{""left"":1756,""right"":2395,""top"":1962,""bottom"":3479},""time"":1729913778521},{""box"":{""left"":1756,""right"":2395,""top"":1962,""bottom"":3479},""time"":1729913778730},{""box"":{""left"":1756,""right"":2395,""top"":1962,""bottom"":3479},""time"":1729913778808},{""box"":{""left"":1756,""right"":2395,""top"":1962,""bottom"":3479},""time"":1729913778955},{""box"":{""left"":1756,""right"":2395,""top"":1962,""bottom"":3479},""time"":1729913779040},{""box"":{""left"":1756,""right"":2395,""top"":1962,""bottom"":3479},""time"":1729913779204},{""box"":{""left"":1756,""right"":2395,""top"":1962,""bottom"":3479},""time"":1729913779495},{""box"":{""left"":1756,""right"":2395,""top"":1962,""bottom"":3479},""time"":1729913779581},{""box"":{""left"":1756,""right"":2395,""top"":1962,""bottom"":3479},""time"":1729913779667},{""box"":{""left"":1756,""right"":2395,""top"":1962,""bottom"":3479},""time"":1729913779751},{""box"":{""left"":1756,""right"":2395,""top"":1962,""bottom"":3479},""time"":1729913779846},{""box"":{""left"":1756,""right"":2395,""top"":1962,""bottom"":3479},""time"":1729913779947},{""box"":{""left"":1756,""right"":2395,""top"":1962,""bottom"":3479},""time"":1729913780053},{""box"":{""left"":1756,""right"":2395,""top"":1962,""bottom"":3479},""time"":1729913780169},{""box"":{""left"":1756,""right"":2395,""top"":1962,""bottom"":3479},""time"":1729913780263},{""box"":{""left"":1756,""right"":2395,""top"":1962,""bottom"":3479},""time"":1729913780406},{""box"":{""left"":1756,""right"":2395,""top"":1962,""bottom"":3479},""time"":1729913780491},{""box"":{""left"":1756,""right"":2395,""top"":1962,""bottom"":3479},""time"":1729913780595},{""box"":{""left"":1756,""right"":2395,""top"":1962,""bottom"":3479},""time"":1729913780678},{""box"":{""left"":1756,""right"":2395,""top"":1962,""bottom"":3479},""time"":1729913780757},{""box"":{""left"":1756,""right"":2395,""top"":1962,""bottom"":3479},""time"":1729913780836},{""box"":{""left"":1756,""right"":2395,""top"":1962,""bottom"":3479},""time"":1729913780915},{""box"":{""left"":1756,""right"":2395,""top"":1962,""bottom"":3479},""time"":1729913780994},{""box"":{""left"":1756,""right"":2395,""top"":1962,""bottom"":3479},""time"":1729913781073},{""box"":{""left"":1756,""right"":2395,""top"":1962,""bottom"":3479},""time"":1729913781152},{""box"":{""left"":1756,""right"":2395,""top"":1962,""bottom"":3479},""time"":1729913781430},{""box"":{""left"":1756,""right"":2395,""top"":1962,""bottom"":3479},""time"":1729913781540},{""box"":{""left"":1756,""right"":2395,""top"":1962,""bottom"":3479},""time"":1729913781609},{""box"":{""left"":1756,""right"":2395,""top"":1962,""bottom"":3479},""time"":1729913781752},{""box"":{""left"":1756,""right"":2395,""top"":1962,""bottom"":3479},""time"":1729913781817},{""box"":{""left"":1756,""right"":2395,""top"":1962,""bottom"":3479},""time"":1729913781882},{""box"":{""left"":1756,""right"":2395,""top"":1962,""bottom"":3479},""time"":1729913782117},{""box"":{""left"":1756,""right"":2395,""top"":1962,""bottom"":3479},""time"":1729913782164},{""box"":{""left"":1756,""right"":2395,""top"":1962,""bottom"":3479},""time"":1729913782251},{""box"":{""left"":1756,""right"":2395,""top"":1962,""bottom"":3479},""time"":1729913782283},{""box"":{""left"":1756,""right"":2395,""top"":1962,""bottom"":3479},""time"":1729913782334},{""box"":{""left"":1756,""right"":2395,""top"":1962,""bottom"":3479},""time"":1729913782367},{""box"":{""left"":1756,""right"":2395,""top"":1962,""bottom"":3479},""time"":1729913782466},{""box"":{""left"":1756,""right"":2395,""top"":1962,""bottom"":3479},""time"":1729913782504},{""box"":{""left"":1756,""right"":2395,""top"":1962,""bottom"":3479},""time"":1729913782598},{""box"":{""left"":1756,""right"":2395,""top"":1962,""bottom"":3479},""time"":1729913782662},{""box"":{""left"":1756,""right"":2395,""top"":1962,""bottom"":3479},""time"":1729913782704},{""box"":{""left"":1756,""right"":2395,""top"":1962,""bottom"":3479},""time"":1729913782768},{""box"":{""left"":1756,""right"":2395,""top"":1962,""bottom"":3479},""time"":1729913782832},{""box"":{""left"":1756,""right"":2395,""top"":1962,""bottom"":3479},""time"":1729913782874},{""box"":{""left"":1756,""right"":2395,""top"":1962,""bottom"":3479},""time"":1729913782948},{""box"":{""left"":1756,""right"":2395,""top"":1962,""bottom"":3479},""time"":1729913782980},{""box"":{""left"":1756,""right"":2395,""top"":1962,""bottom"":3479},""time"":1729913783002},{""box"":{""left"":1756,""right"":2395,""top"":1962,""bottom"":3479},""time"":1729913783034},{""box"":{""left"":1756,""right"":2395,""top"":1962,""bottom"":3479},""time"":1729913783060},{""box"":{""left"":1756,""right"":2395,""top"":1962,""bottom"":3479},""time"":1729913783103},{""box"":{""left"":1756,""right"":2395,""top"":1962,""bottom"":3479},""time"":1729913783180},{""box"":{""left"":1756,""right"":2395,""top"":1962,""bottom"":3479},""time"":1729913783233},{""box"":{""left"":1756,""right"":2395,""top"":1962,""bottom"":3479},""time"":1729913783307},{""box"":{""left"":1756,""right"":2395,""top"":1962,""bottom"":3479},""time"":1729913783349},{""box"":{""left"":1756,""right"":2395,""top"":1962,""bottom"":3479},""time"":1729913783402},{""box"":{""left"":1756,""right"":2395,""top"":1962,""bottom"":3479},""time"":1729913783444},{""box"":{""left"":1756,""right"":2395,""top"":1962,""bottom"":3479},""time"":1729913783507},{""box"":{""left"":1756,""right"":2395,""top"":1962,""bottom"":3479},""time"":1729913783549},{""box"":{""left"":1756,""right"":2395,""top"":1962,""bottom"":3479},""time"":1729913783602},{""box"":{""left"":1756,""right"":2395,""top"":1962,""bottom"":3479},""time"":1729913783644},{""box"":{""left"":1756,""right"":2395,""top"":1962,""bottom"":3479},""time"":1729913783749},{""box"":{""left"":1756,""right"":2395,""top"":1962,""bottom"":3479},""time"":1729913783802},{""box"":{""left"":1756,""right"":2395,""top"":1962,""bottom"":3479},""time"":1729913783886},{""box"":{""left"":1756,""right"":2395,""top"":1962,""bottom"":3479},""time"":1729913783939},{""box"":{""left"":1756,""right"":2395,""top"":1962,""bottom"":3479},""time"":1729913783971},{""box"":{""left"":1756,""right"":2395,""top"":1962,""bottom"":3479},""time"":1729913784023},{""box"":{""left"":1756,""right"":2395,""top"":1962,""bottom"":3479},""time"":1729913784065},{""box"":{""left"":1756,""right"":2395,""top"":1962,""bottom"":3479},""time"":1729913784151},{""box"":{""left"":1756,""right"":2395,""top"":1962,""bottom"":3479},""time"":1729913784205},{""box"":{""left"":1756,""right"":2395,""top"":1962,""bottom"":3479},""time"":1729913784248},{""box"":{""left"":1756,""right"":2395,""top"":1962,""bottom"":3479},""time"":1729913784551},{""box"":{""left"":1756,""right"":2395,""top"":1962,""bottom"":3479},""time"":1729913784595},{""box"":{""left"":1756,""right"":2395,""top"":1962,""bottom"":3479},""time"":1729913784699},{""box"":{""left"":1756,""right"":2395,""top"":1962,""bottom"":3479},""time"":1729913784784},{""box"":{""left"":1756,""right"":2395,""top"":1962,""bottom"":3479},""time"":1729913784816},{""box"":{""left"":1756,""right"":2395,""top"":1962,""bottom"":3479},""time"":1729913784889},{""box"":{""left"":1756,""right"":2395,""top"":1962,""bottom"":3479},""time"":1729913784922},{""box"":{""left"":1756,""right"":2395,""top"":1962,""bottom"":3479},""time"":1729913784985},{""box"":{""left"":1756,""right"":2395,""top"":1962,""bottom"":3479},""time"":1729913785016},{""box"":{""left"":1756,""right"":2395,""top"":1962,""bottom"":3479},""time"":1729913785091},{""box"":{""left"":1756,""right"":2395,""top"":1962,""bottom"":3479},""time"":1729913785247}",,,,,
57064,Person,2024-10-26 12:36:13,2024-10-26 12:37:01,"{""left"":2881,""right"":6181,""top"":4090,""bottom"":9979},{""box"":{""left"":2881,""right"":6181,""top"":4090,""bottom"":9979},""time"":1729913773720},{""box"":{""left"":2881,""right"":6181,""top"":4090,""bottom"":9979},""time"":1729913774211},{""box"":{""left"":2881,""right"":6181,""top"":4090,""bottom"":9979},""time"":1729913774295},{""box"":{""left"":2881,""right"":6181,""top"":4090,""bottom"":9979},""time"":1729913774360},{""box"":{""left"":2881,""right"":6181,""top"":4090,""bottom"":9979},""time"":1729913774434},{""box"":{""left"":2881,""right"":6181,""top"":4090,""bottom"":9979},""time"":1729913774498},{""box"":{""left"":2881,""right"":6181,""top"":4090,""bottom"":9979},""time"":1729913774582},{""box"":{""left"":2881,""right"":6181,""top"":4090,""bottom"":9979},""time"":1729913774635},{""box"":{""left"":2881,""right"":6181,""top"":4090,""bottom"":9979},""time"":1729913774915},{""box"":{""left"":2881,""right"":6181,""top"":4090,""bottom"":9979},""time"":1729913775027},{""box"":{""left"":2881,""right"":6181,""top"":4090,""bottom"":9979},""time"":1729913775100},{""box"":{""left"":2881,""right"":6181,""top"":4090,""bottom"":9979},""time"":1729913775169},{""box"":{""left"":2881,""right"":6181,""top"":4090,""bottom"":9979},""time"":1729913775232},{""box"":{""left"":2881,""right"":6181,""top"":4090,""bottom"":9979},""time"":1729913775300},{""box"":{""left"":2881,""right"":6181,""top"":4090,""bottom"":9979},""time"":1729913775348},{""box"":{""left"":2881,""right"":6181,""top"":4090,""bottom"":9979},""time"":1729913775416},{""box"":{""left"":2881,""right"":6181,""top"":4090,""bottom"":9979},""time"":1729913775489},{""box"":{""left"":2881,""right"":6181,""top"":4090,""bottom"":9979},""time"":1729913775541},{""box"":{""left"":2881,""right"":6181,""top"":4090,""bottom"":9979},""time"":1729913775593},{""box"":{""left"":2881,""right"":6181,""top"":4090,""bottom"":9979},""time"":1729913775646},{""box"":{""left"":2881,""right"":6181,""top"":4090,""bottom"":9979},""time"":1729913775871},{""box"":{""left"":2881,""right"":6181,""top"":4090,""bottom"":9979},""time"":1729913775925},{""box"":{""left"":2881,""right"":6181,""top"":4090,""bottom"":9979},""time"":1729913775984},{""box"":{""left"":2881,""right"":6181,""top"":4090,""bottom"":9979},""time"":1729913776037},{""box"":{""left"":2881,""right"":6181,""top"":4090,""bottom"":9979},""time"":1729913776098},{""box"":{""left"":2881,""right"":6181,""top"":4090,""bottom"":9979},""time"":1729913776214},{""box"":{""left"":2881,""right"":6181,""top"":4090,""bottom"":9979},""time"":1729913776325},{""box"":{""left"":2881,""right"":6181,""top"":4090,""bottom"":9979},""time"":1729913776385},{""box"":{""left"":2881,""right"":6181,""top"":4090,""bottom"":9979},""time"":1729913776438},{""box"":{""left"":2881,""right"":6181,""top"":4090,""bottom"":9979},""time"":1729913776509},{""box"":{""left"":2881,""right"":6181,""top"":4090,""bottom"":9979},""time"":1729913776583},{""box"":{""left"":2881,""right"":6181,""top"":4090,""bottom"":9979},""time"":1729913776662},{""box"":{""left"":2881,""right"":6181,""top"":4090,""bottom"":9979},""time"":1729913776731},{""box"":{""left"":2881,""right"":6181,""top"":4090,""bottom"":9979},""time"":1729913776804},{""box"":{""left"":2881,""right"":6181,""top"":4090,""bottom"":9979},""time"":1729913776884},{""box"":{""left"":2881,""right"":6181,""top"":4090,""bottom"":9979},""time"":1729913776963},{""box"":{""left"":2881,""right"":6181,""top"":4090,""bottom"":9979},""time"":1729913777032},{""box"":{""left"":2881,""right"":6181,""top"":4090,""bottom"":9979},""time"":1729913777086},{""box"":{""left"":2881,""right"":6181,""top"":4090,""bottom"":9979},""time"":1729913777146},{""box"":{""left"":2881,""right"":6181,""top"":4090,""bottom"":9979},""time"":1729913777207},{""box"":{""left"":2881,""right"":6181,""top"":4090,""bottom"":9979},""time"":1729913777267},{""box"":{""left"":2881,""right"":6181,""top"":4090,""bottom"":9979},""time"":1729913777377},{""box"":{""left"":2881,""right"":6181,""top"":4090,""bottom"":9979},""time"":1729913777446},{""box"":{""left"":2881,""right"":6181,""top"":4090,""bottom"":9979},""time"":1729913777503},{""box"":{""left"":2881,""right"":6181,""top"":4090,""bottom"":9979},""time"":1729913777563},{""box"":{""left"":2881,""right"":6181,""top"":4090,""bottom"":9979},""time"":1729913777623},{""box"":{""left"":2881,""right"":6181,""top"":4090,""bottom"":9979},""time"":1729913777680},{""box"":{""left"":2881,""right"":6181,""top"":4090,""bottom"":9979},""time"":1729913777853},{""box"":{""left"":2881,""right"":6181,""top"":4090,""bottom"":9979},""time"":1729913777933},{""box"":{""left"":2881,""right"":6181,""top"":4090,""bottom"":9979},""time"":1729913778532},{""box"":{""left"":2881,""right"":6181,""top"":4090,""bottom"":9979},""time"":1729913778740},{""box"":{""left"":2881,""right"":6181,""top"":4090,""bottom"":9979},""time"":1729913778818},{""box"":{""left"":2881,""right"":6181,""top"":4090,""bottom"":9979},""time"":1729913778965},{""box"":{""left"":2881,""right"":6181,""top"":4090,""bottom"":9979},""time"":1729913779051},{""box"":{""left"":2881,""right"":6181,""top"":4090,""bottom"":9979},""time"":1729913779214},{""box"":{""left"":2881,""right"":6181,""top"":4090,""bottom"":9979},""time"":1729913779506},{""box"":{""left"":2881,""right"":6181,""top"":4090,""bottom"":9979},""time"":1729913779591},{""box"":{""left"":2881,""right"":6181,""top"":4090,""bottom"":9979},""time"":1729913779677},{""box"":{""left"":2881,""right"":6181,""top"":4090,""bottom"":9979},""time"":1729913779762},{""box"":{""left"":2881,""right"":6181,""top"":4090,""bottom"":9979},""time"":1729913779857},{""box"":{""left"":2881,""right"":6181,""top"":4090,""bottom"":9979},""time"":1729913779958},{""box"":{""left"":2881,""right"":6181,""top"":4090,""bottom"":9979},""time"":1729913780063},{""box"":{""left"":2881,""right"":6181,""top"":4090,""bottom"":9979},""time"":1729913780179},{""box"":{""left"":2881,""right"":6181,""top"":4090,""bottom"":9979},""time"":1729913780273},{""box"":{""left"":2881,""right"":6181,""top"":4090,""bottom"":9979},""time"":1729913780416},{""box"":{""left"":2881,""right"":6181,""top"":4090,""bottom"":9979},""time"":1729913780501},{""box"":{""left"":2881,""right"":6181,""top"":4090,""bottom"":9979},""time"":1729913780605},{""box"":{""left"":2881,""right"":6181,""top"":4090,""bottom"":9979},""time"":1729913780688},{""box"":{""left"":2881,""right"":6181,""top"":4090,""bottom"":9979},""time"":1729913780768},{""box"":{""left"":2881,""right"":6181,""top"":4090,""bottom"":9979},""time"":1729913780847},{""box"":{""left"":2881,""right"":6181,""top"":4090,""bottom"":9979},""time"":1729913780925},{""box"":{""left"":2881,""right"":6181,""top"":4090,""bottom"":9979},""time"":1729913781004},{""box"":{""left"":2881,""right"":6181,""top"":4090,""bottom"":9979},""time"":1729913781084},{""box"":{""left"":2881,""right"":6181,""top"":4090,""bottom"":9979},""time"":1729913781163},{""box"":{""left"":2881,""right"":6181,""top"":4090,""bottom"":9979},""time"":1729913781276},{""box"":{""left"":2881,""right"":6181,""top"":4090,""bottom"":9979},""time"":1729913781340},{""box"":{""left"":2881,""right"":6181,""top"":4090,""bottom"":9979},""time"":1729913781398},{""box"":{""left"":2881,""right"":6181,""top"":4090,""bottom"":9979},""time"":1729913781441},{""box"":{""left"":2881,""right"":6181,""top"":4090,""bottom"":9979},""time"":1729913781551},{""box"":{""left"":2881,""right"":6181,""top"":4090,""bottom"":9979},""time"":1729913781619},{""box"":{""left"":2881,""right"":6181,""top"":4090,""bottom"":9979},""time"":1729913781763},{""box"":{""left"":2881,""right"":6181,""top"":4090,""bottom"":9979},""time"":1729913781828},{""box"":{""left"":2881,""right"":6181,""top"":4090,""bottom"":9979},""time"":1729913781893},{""box"":{""left"":2881,""right"":6181,""top"":4090,""bottom"":9979},""time"":1729913782044},{""box"":{""left"":2881,""right"":6181,""top"":4090,""bottom"":9979},""time"":1729913782127},{""box"":{""left"":2881,""right"":6181,""top"":4090,""bottom"":9979},""time"":1729913782195},{""box"":{""left"":2881,""right"":6181,""top"":4090,""bottom"":9979},""time"":1729913782293},{""box"":{""left"":2881,""right"":6181,""top"":4090,""bottom"":9979},""time"":1729913782377},{""box"":{""left"":2881,""right"":6181,""top"":4090,""bottom"":9979},""time"":1729913782514},{""box"":{""left"":2881,""right"":6181,""top"":4090,""bottom"":9979},""time"":1729913782608},{""box"":{""left"":2881,""right"":6181,""top"":4090,""bottom"":9979},""time"":1729913782714},{""box"":{""left"":2881,""right"":6181,""top"":4090,""bottom"":9979},""time"":1729913782885},{""box"":{""left"":2881,""right"":6181,""top"":4090,""bottom"":9979},""time"":1729913783113},{""box"":{""left"":2881,""right"":6181,""top"":4090,""bottom"":9979},""time"":1729913783191},{""box"":{""left"":2881,""right"":6181,""top"":4090,""bottom"":9979},""time"":1729913783265},{""box"":{""left"":2881,""right"":6181,""top"":4090,""bottom"":9979},""time"":1729913783654},{""box"":{""left"":2881,""right"":6181,""top"":4090,""bottom"":9979},""time"":1729913783897},{""box"":{""left"":2881,""right"":6181,""top"":4090,""bottom"":9979},""time"":1729913783981},{""box"":{""left"":2881,""right"":6181,""top"":4090,""bottom"":9979},""time"":1729913784076},{""box"":{""left"":2881,""right"":6181,""top"":4090,""bottom"":9979},""time"":1729913784161},{""box"":{""left"":2881,""right"":6181,""top"":4090,""bottom"":9979},""time"":1729913784258},{""box"":{""left"":2881,""right"":6181,""top"":4090,""bottom"":9979},""time"":1729913784606},{""box"":{""left"":2881,""right"":6181,""top"":4090,""bottom"":9979},""time"":1729913784710},{""box"":{""left"":2881,""right"":6181,""top"":4090,""bottom"":9979},""time"":1729913784826},{""box"":{""left"":2881,""right"":6181,""top"":4090,""bottom"":9979},""time"":1729913784932},{""box"":{""left"":2881,""right"":6181,""top"":4090,""bottom"":9979},""time"":1729913785027},{""box"":{""left"":2881,""right"":6181,""top"":4090,""bottom"":9979},""time"":1729913785167},{""box"":{""left"":2881,""right"":6181,""top"":4090,""bottom"":9979},""time"":1729913785216},{""box"":{""left"":2881,""right"":6181,""top"":4090,""bottom"":9979},""time"":1729913785258},{""box"":{""left"":2881,""right"":6181,""top"":4090,""bottom"":9979},""time"":1729913785368},{""box"":{""left"":2881,""right"":6181,""top"":4090,""bottom"":9979},""time"":1729913785428},{""box"":{""left"":2881,""right"":6181,""top"":4090,""bottom"":9979},""time"":1729913785459},{""box"":{""left"":2881,""right"":6181,""top"":4090,""bottom"":9979},""time"":1729913785523},{""box"":{""left"":2881,""right"":6181,""top"":4090,""bottom"":9979},""time"":1729913785555},{""box"":{""left"":2881,""right"":6181,""top"":4090,""bottom"":9979},""time"":1729913785619},{""box"":{""left"":2881,""right"":6181,""top"":4090,""bottom"":9979},""time"":1729913785651},{""box"":{""left"":2881,""right"":6181,""top"":4090,""bottom"":9979},""time"":1729913785695},{""box"":{""left"":2881,""right"":6181,""top"":4090,""bottom"":9979},""time"":1729913785727},{""box"":{""left"":2881,""right"":6181,""top"":4090,""bottom"":9979},""time"":1729913785791},{""box"":{""left"":2881,""right"":6181,""top"":4090,""bottom"":9979},""time"":1729913785843},{""box"":{""left"":2881,""right"":6181,""top"":4090,""bottom"":9979},""time"":1729913785875},{""box"":{""left"":2881,""right"":6181,""top"":4090,""bottom"":9979},""time"":1729913785960},{""box"":{""left"":2881,""right"":6181,""top"":4090,""bottom"":9979},""time"":1729913786020},{""box"":{""left"":2881,""right"":6181,""top"":4090,""bottom"":9979},""time"":1729913786052},{""box"":{""left"":2881,""right"":6181,""top"":4090,""bottom"":9979},""time"":1729913786126},{""box"":{""left"":2881,""right"":6181,""top"":4090,""bottom"":9979},""time"":1729913786158},{""box"":{""left"":2881,""right"":6181,""top"":4090,""bottom"":9979},""time"":1729913786221},{""box"":{""left"":2881,""right"":6181,""top"":4090,""bottom"":9979},""time"":1729913786254},{""box"":{""left"":2881,""right"":6181,""top"":4090,""bottom"":9979},""time"":1729913786400},{""box"":{""left"":2881,""right"":6181,""top"":4090,""bottom"":9979},""time"":1729913786432},{""box"":{""left"":2881,""right"":6181,""top"":4090,""bottom"":9979},""time"":1729913786485},{""box"":{""left"":2881,""right"":6181,""top"":4090,""bottom"":9979},""time"":1729913786550},{""box"":{""left"":2881,""right"":6181,""top"":4090,""bottom"":9979},""time"":1729913786582},{""box"":{""left"":2881,""right"":6181,""top"":4090,""bottom"":9979},""time"":1729913786635},{""box"":{""left"":2881,""right"":6181,""top"":4090,""bottom"":9979},""time"":1729913786667},{""box"":{""left"":2881,""right"":6181,""top"":4090,""bottom"":9979},""time"":1729913786719},{""box"":{""left"":2881,""right"":6181,""top"":4090,""bottom"":9979},""time"":1729913786752},{""box"":{""left"":2881,""right"":6181,""top"":4090,""bottom"":9979},""time"":1729913786804},{""box"":{""left"":2881,""right"":6181,""top"":4090,""bottom"":9979},""time"":1729913786837},{""box"":{""left"":2881,""right"":6181,""top"":4090,""bottom"":9979},""time"":1729913786889},{""box"":{""left"":2881,""right"":6181,""top"":4090,""bottom"":9979},""time"":1729913786921},{""box"":{""left"":2881,""right"":6181,""top"":4090,""bottom"":9979},""time"":1729913786974},{""box"":{""left"":2881,""right"":6181,""top"":4090,""bottom"":9979},""time"":1729913787006},{""box"":{""left"":2881,""right"":6181,""top"":4090,""bottom"":9979},""time"":1729913787322},{""box"":{""left"":2881,""right"":6181,""top"":4090,""bottom"":9979},""time"":1729913787354},{""box"":{""left"":2881,""right"":6181,""top"":4090,""bottom"":9979},""time"":1729913787407},{""box"":{""left"":2881,""right"":6181,""top"":4090,""bottom"":9979},""time"":1729913787439},{""box"":{""left"":2881,""right"":6181,""top"":4090,""bottom"":9979},""time"":1729913787492},{""box"":{""left"":2881,""right"":6181,""top"":4090,""bottom"":9979},""time"":1729913787524},{""box"":{""left"":2881,""right"":6181,""top"":4090,""bottom"":9979},""time"":1729913787589},{""box"":{""left"":2881,""right"":6181,""top"":4090,""bottom"":9979},""time"":1729913787621},{""box"":{""left"":2881,""right"":6181,""top"":4090,""bottom"":9979},""time"":1729913787726},{""box"":{""left"":2881,""right"":6181,""top"":4090,""bottom"":9979},""time"":1729913787758},{""box"":{""left"":2881,""right"":6181,""top"":4090,""bottom"":9979},""time"":1729913787842},{""box"":{""left"":2881,""right"":6181,""top"":4090,""bottom"":9979},""time"":1729913787959},{""box"":{""left"":2881,""right"":6181,""top"":4090,""bottom"":9979},""time"":1729913788005},{""box"":{""left"":2881,""right"":6181,""top"":4090,""bottom"":9979},""time"":1729913788037},{""box"":{""left"":2881,""right"":6181,""top"":4090,""bottom"":9979},""time"":1729913788121},{""box"":{""left"":2881,""right"":6181,""top"":4090,""bottom"":9979},""time"":1729913788153},{""box"":{""left"":2881,""right"":6181,""top"":4090,""bottom"":9979},""time"":1729913788206},{""box"":{""left"":2881,""right"":6181,""top"":4090,""bottom"":9979},""time"":1729913788237},{""box"":{""left"":2881,""right"":6181,""top"":4090,""bottom"":9979},""time"":1729913788371},{""box"":{""left"":2881,""right"":6181,""top"":4090,""bottom"":9979},""time"":1729913788445},{""box"":{""left"":2881,""right"":6181,""top"":4090,""bottom"":9979},""time"":1729913788478},{""box"":{""left"":2881,""right"":6181,""top"":4090,""bottom"":9979},""time"":1729913788547},{""box"":{""left"":2881,""right"":6181,""top"":4090,""bottom"":9979},""time"":1729913788645},{""box"":{""left"":2881,""right"":6181,""top"":4090,""bottom"":9979},""time"":1729913788740},{""box"":{""left"":2881,""right"":6181,""top"":4090,""bottom"":9979},""time"":1729913788804},{""box"":{""left"":2881,""right"":6181,""top"":4090,""bottom"":9979},""time"":1729913788836},{""box"":{""left"":2881,""right"":6181,""top"":4090,""bottom"":9979},""time"":1729913788881},{""box"":{""left"":2881,""right"":6181,""top"":4090,""bottom"":9979},""time"":1729913788923},{""box"":{""left"":2881,""right"":6181,""top"":4090,""bottom"":9979},""time"":1729913788997},{""box"":{""left"":2881,""right"":6181,""top"":4090,""bottom"":9979},""time"":1729913789029},{""box"":{""left"":2881,""right"":6181,""top"":4090,""bottom"":9979},""time"":1729913789074},{""box"":{""left"":2881,""right"":6181,""top"":4090,""bottom"":9979},""time"":1729913789105},{""box"":{""left"":2881,""right"":6181,""top"":4090,""bottom"":9979},""time"":1729913789177},{""box"":{""left"":2881,""right"":6181,""top"":4090,""bottom"":9979},""time"":1729913789275},{""box"":{""left"":2881,""right"":6181,""top"":4090,""bottom"":9979},""time"":1729913789372},{""box"":{""left"":2881,""right"":6181,""top"":4090,""bottom"":9979},""time"":1729913789445},{""box"":{""left"":2881,""right"":6181,""top"":4090,""bottom"":9979},""time"":1729913789477},{""box"":{""left"":2881,""right"":6181,""top"":4090,""bottom"":9979},""time"":1729913789540},{""box"":{""left"":2881,""right"":6181,""top"":4090,""bottom"":9979},""time"":1729913789583},{""box"":{""left"":2881,""right"":6181,""top"":4090,""bottom"":9979},""time"":1729913789700},{""box"":{""left"":2881,""right"":6181,""top"":4090,""bottom"":9979},""time"":1729913789778},{""box"":{""left"":2881,""right"":6181,""top"":4090,""bottom"":9979},""time"":1729913789876},{""box"":{""left"":2881,""right"":6181,""top"":4090,""bottom"":9979},""time"":1729913789974},{""box"":{""left"":2881,""right"":6181,""top"":4090,""bottom"":9979},""time"":1729913790048},{""box"":{""left"":2881,""right"":6181,""top"":4090,""bottom"":9979},""time"":1729913790091},{""box"":{""left"":2881,""right"":6181,""top"":4090,""bottom"":9979},""time"":1729913790190},{""box"":{""left"":2881,""right"":6181,""top"":4090,""bottom"":9979},""time"":1729913790306},{""box"":{""left"":2881,""right"":6181,""top"":4090,""bottom"":9979},""time"":1729913790428},{""box"":{""left"":2881,""right"":6181,""top"":4090,""bottom"":9979},""time"":1729913790558},{""box"":{""left"":2881,""right"":6181,""top"":4090,""bottom"":9979},""time"":1729913790643},{""box"":{""left"":2881,""right"":6181,""top"":4090,""bottom"":9979},""time"":1729913790674},{""box"":{""left"":2881,""right"":6181,""top"":4090,""bottom"":9979},""time"":1729913790731},{""box"":{""left"":2881,""right"":6181,""top"":4090,""bottom"":9979},""time"":1729913790806},{""box"":{""left"":2881,""right"":6181,""top"":4090,""bottom"":9979},""time"":1729913790838},{""box"":{""left"":2881,""right"":6181,""top"":4090,""bottom"":9979},""time"":1729913790884},{""box"":{""left"":2881,""right"":6181,""top"":4090,""bottom"":9979},""time"":1729913790967},{""box"":{""left"":2881,""right"":6181,""top"":4090,""bottom"":9979},""time"":1729913791022},{""box"":{""left"":2881,""right"":6181,""top"":4090,""bottom"":9979},""time"":1729913791054},{""box"":{""left"":2881,""right"":6181,""top"":4090,""bottom"":9979},""time"":1729913791123},{""box"":{""left"":2881,""right"":6181,""top"":4090,""bottom"":9979},""time"":1729913791196},{""box"":{""left"":2881,""right"":6181,""top"":4090,""bottom"":9979},""time"":1729913791228},{""box"":{""left"":2881,""right"":6181,""top"":4090,""bottom"":9979},""time"":1729913791275},{""box"":{""left"":2881,""right"":6181,""top"":4090,""bottom"":9979},""time"":1729913791307},{""box"":{""left"":2881,""right"":6181,""top"":4090,""bottom"":9979},""time"":1729913791352},{""box"":{""left"":2881,""right"":6181,""top"":4090,""bottom"":9979},""time"":1729913791383},{""box"":{""left"":2881,""right"":6181,""top"":4090,""bottom"":9979},""time"":1729913791430},{""box"":{""left"":2881,""right"":6181,""top"":4090,""bottom"":9979},""time"":1729913791473},{""box"":{""left"":2881,""right"":6181,""top"":4090,""bottom"":9979},""time"":1729913791528},{""box"":{""left"":2881,""right"":6181,""top"":4090,""bottom"":9979},""time"":1729913791580},{""box"":{""left"":2881,""right"":6181,""top"":4090,""bottom"":9979},""time"":1729913791613},{""box"":{""left"":2881,""right"":6181,""top"":4090,""bottom"":9979},""time"":1729913791680},{""box"":{""left"":2881,""right"":6181,""top"":4090,""bottom"":9979},""time"":1729913791735},{""box"":{""left"":2881,""right"":6181,""top"":4090,""bottom"":9979},""time"":1729913791767},{""box"":{""left"":2881,""right"":6181,""top"":4090,""bottom"":9979},""time"":1729913791855},{""box"":{""left"":2881,""right"":6181,""top"":4090,""bottom"":9979},""time"":1729913791918},{""box"":{""left"":2881,""right"":6181,""top"":4090,""bottom"":9979},""time"":1729913791996},{""box"":{""left"":2881,""right"":6181,""top"":4090,""bottom"":9979},""time"":1729913792084},{""box"":{""left"":2881,""right"":6181,""top"":4090,""bottom"":9979},""time"":1729913792152},{""box"":{""left"":2881,""right"":6181,""top"":4090,""bottom"":9979},""time"":1729913792184},{""box"":{""left"":2881,""right"":6181,""top"":4090,""bottom"":9979},""time"":1729913792274},{""box"":{""left"":2881,""right"":6181,""top"":4090,""bottom"":9979},""time"":1729913792347},{""box"":{""left"":2881,""right"":6181,""top"":4090,""bottom"":9979},""time"":1729913792390},{""box"":{""left"":2881,""right"":6181,""top"":4090,""bottom"":9979},""time"":1729913792507},{""box"":{""left"":2881,""right"":6181,""top"":4090,""bottom"":9979},""time"":1729913792571},{""box"":{""left"":2881,""right"":6181,""top"":4090,""bottom"":9979},""time"":1729913792614},{""box"":{""left"":2881,""right"":6181,""top"":4090,""bottom"":9979},""time"":1729913792677},{""box"":{""left"":2881,""right"":6181,""top"":4090,""bottom"":9979},""time"":1729913792720},{""box"":{""left"":2881,""right"":6181,""top"":4090,""bottom"":9979},""time"":1729913792784},{""box"":{""left"":2881,""right"":6181,""top"":4090,""bottom"":9979},""time"":1729913792826},{""box"":{""left"":2881,""right"":6181,""top"":4090,""bottom"":9979},""time"":1729913792869},{""box"":{""left"":2881,""right"":6181,""top"":4090,""bottom"":9979},""time"":1729913792901},{""box"":{""left"":2881,""right"":6181,""top"":4090,""bottom"":9979},""time"":1729913792919},{""box"":{""left"":2881,""right"":6181,""top"":4090,""bottom"":9979},""time"":1729913792968},{""box"":{""left"":2881,""right"":6181,""top"":4090,""bottom"":9979},""time"":1729913793000},{""box"":{""left"":2881,""right"":6181,""top"":4090,""bottom"":9979},""time"":1729913793018},{""box"":{""left"":2881,""right"":6181,""top"":4090,""bottom"":9979},""time"":1729913793051},{""box"":{""left"":2881,""right"":6181,""top"":4090,""bottom"":9979},""time"":1729913793104},{""box"":{""left"":2881,""right"":6181,""top"":4090,""bottom"":9979},""time"":1729913793178},{""box"":{""left"":2881,""right"":6181,""top"":4090,""bottom"":9979},""time"":1729913793210},{""box"":{""left"":2881,""right"":6181,""top"":4090,""bottom"":9979},""time"":1729913793307},{""box"":{""left"":2881,""right"":6181,""top"":4090,""bottom"":9979},""time"":1729913793338},{""box"":{""left"":2881,""right"":6181,""top"":4090,""bottom"":9979},""time"":1729913793405},{""box"":{""left"":2881,""right"":6181,""top"":4090,""bottom"":9979},""time"":1729913793447},{""box"":{""left"":2881,""right"":6181,""top"":4090,""bottom"":9979},""time"":1729913793479},{""box"":{""left"":2881,""right"":6181,""top"":4090,""bottom"":9979},""time"":1729913793497},{""box"":{""left"":2881,""right"":6181,""top"":4090,""bottom"":9979},""time"":1729913793529},{""box"":{""left"":2881,""right"":6181,""top"":4090,""bottom"":9979},""time"":1729913793591},{""box"":{""left"":2881,""right"":6181,""top"":4090,""bottom"":9979},""time"":1729913793655},{""box"":{""left"":2881,""right"":6181,""top"":4090,""bottom"":9979},""time"":1729913793698},{""box"":{""left"":2881,""right"":6181,""top"":4090,""bottom"":9979},""time"":1729913793796},{""box"":{""left"":2881,""right"":6181,""top"":4090,""bottom"":9979},""time"":1729913793871},{""box"":{""left"":2881,""right"":6181,""top"":4090,""bottom"":9979},""time"":1729913793904},{""box"":{""left"":2881,""right"":6181,""top"":4090,""bottom"":9979},""time"":1729913793988},{""box"":{""left"":2881,""right"":6181,""top"":4090,""bottom"":9979},""time"":1729913794075},{""box"":{""left"":2881,""right"":6181,""top"":4090,""bottom"":9979},""time"":1729913794138},{""box"":{""left"":2881,""right"":6181,""top"":4090,""bottom"":9979},""time"":1729913794171},{""box"":{""left"":2881,""right"":6181,""top"":4090,""bottom"":9979},""time"":1729913794225},{""box"":{""left"":2881,""right"":6181,""top"":4090,""bottom"":9979},""time"":1729913794300},{""box"":{""left"":2881,""right"":6181,""top"":4090,""bottom"":9979},""time"":1729913794349},{""box"":{""left"":2881,""right"":6181,""top"":4090,""bottom"":9979},""time"":1729913794381},{""box"":{""left"":2881,""right"":6181,""top"":4090,""bottom"":9979},""time"":1729913794434},{""box"":{""left"":2881,""right"":6181,""top"":4090,""bottom"":9979},""time"":1729913794522},{""box"":{""left"":2881,""right"":6181,""top"":4090,""bottom"":9979},""time"":1729913794575},{""box"":{""left"":2881,""right"":6181,""top"":4090,""bottom"":9979},""time"":1729913794607},{""box"":{""left"":2881,""right"":6181,""top"":4090,""bottom"":9979},""time"":1729913794625},{""box"":{""left"":2881,""right"":6181,""top"":4090,""bottom"":9979},""time"":1729913794657},{""box"":{""left"":2881,""right"":6181,""top"":4090,""bottom"":9979},""time"":1729913794681},{""box"":{""left"":2881,""right"":6181,""top"":4090,""bottom"":9979},""time"":1729913794712},{""box"":{""left"":2881,""right"":6181,""top"":4090,""bottom"":9979},""time"":1729913794736},{""box"":{""left"":2881,""right"":6181,""top"":4090,""bottom"":9979},""time"":1729913794770},{""box"":{""left"":2881,""right"":6181,""top"":4090,""bottom"":9979},""time"":1729913794911},{""box"":{""left"":2881,""right"":6181,""top"":4090,""bottom"":9979},""time"":1729913795006},{""box"":{""left"":2881,""right"":6181,""top"":4090,""bottom"":9979},""time"":1729913795036},{""box"":{""left"":2881,""right"":6181,""top"":4090,""bottom"":9979},""time"":1729913795075},{""box"":{""left"":2881,""right"":6181,""top"":4090,""bottom"":9979},""time"":1729913795120},{""box"":{""left"":2881,""right"":6181,""top"":4090,""bottom"":9979},""time"":1729913795187},{""box"":{""left"":2881,""right"":6181,""top"":4090,""bottom"":9979},""time"":1729913795213},{""box"":{""left"":2881,""right"":6181,""top"":4090,""bottom"":9979},""time"":1729913795258},{""box"":{""left"":2881,""right"":6181,""top"":4090,""bottom"":9979},""time"":1729913795303},{""box"":{""left"":2881,""right"":6181,""top"":4090,""bottom"":9979},""time"":1729913795349},{""box"":{""left"":2881,""right"":6181,""top"":4090,""bottom"":9979},""time"":1729913795405},{""box"":{""left"":2881,""right"":6181,""top"":4090,""bottom"":9979},""time"":1729913795450},{""box"":{""left"":2881,""right"":6181,""top"":4090,""bottom"":9979},""time"":1729913795495},{""box"":{""left"":2881,""right"":6181,""top"":4090,""bottom"":9979},""time"":1729913795542},{""box"":{""left"":2881,""right"":6181,""top"":4090,""bottom"":9979},""time"":1729913795588},{""box"":{""left"":2881,""right"":6181,""top"":4090,""bottom"":9979},""time"":1729913795633},{""box"":{""left"":2881,""right"":6181,""top"":4090,""bottom"":9979},""time"":1729913795678},{""box"":{""left"":2881,""right"":6181,""top"":4090,""bottom"":9979},""time"":1729913795730},{""box"":{""left"":2881,""right"":6181,""top"":4090,""bottom"":9979},""time"":1729913795773},{""box"":{""left"":2881,""right"":6181,""top"":4090,""bottom"":9979},""time"":1729913795836},{""box"":{""left"":2881,""right"":6181,""top"":4090,""bottom"":9979},""time"":1729913795889},{""box"":{""left"":2881,""right"":6181,""top"":4090,""bottom"":9979},""time"":1729913795965},{""box"":{""left"":2881,""right"":6181,""top"":4090,""bottom"":9979},""time"":1729913796008},{""box"":{""left"":2881,""right"":6181,""top"":4090,""bottom"":9979},""time"":1729913796053},{""box"":{""left"":2881,""right"":6181,""top"":4090,""bottom"":9979},""time"":1729913796098},{""box"":{""left"":2881,""right"":6181,""top"":4090,""bottom"":9979},""time"":1729913796144},{""box"":{""left"":2881,""right"":6181,""top"":4090,""bottom"":9979},""time"":1729913796189},{""box"":{""left"":2881,""right"":6181,""top"":4090,""bottom"":9979},""time"":1729913796273},{""box"":{""left"":2881,""right"":6181,""top"":4090,""bottom"":9979},""time"":1729913796336},{""box"":{""left"":2881,""right"":6181,""top"":4090,""bottom"":9979},""time"":1729913796379},{""box"":{""left"":2881,""right"":6181,""top"":4090,""bottom"":9979},""time"":1729913796455},{""box"":{""left"":2881,""right"":6181,""top"":4090,""bottom"":9979},""time"":1729913796605},{""box"":{""left"":2881,""right"":6181,""top"":4090,""bottom"":9979},""time"":1729913796637},{""box"":{""left"":2881,""right"":6181,""top"":4090,""bottom"":9979},""time"":1729913796680},{""box"":{""left"":2881,""right"":6181,""top"":4090,""bottom"":9979},""time"":1729913796787},{""box"":{""left"":2881,""right"":6181,""top"":4090,""bottom"":9979},""time"":1729913796855},{""box"":{""left"":2881,""right"":6181,""top"":4090,""bottom"":9979},""time"":1729913796924},{""box"":{""left"":2881,""right"":6181,""top"":4090,""bottom"":9979},""time"":1729913796969},{""box"":{""left"":2881,""right"":6181,""top"":4090,""bottom"":9979},""time"":1729913797012},{""box"":{""left"":2881,""right"":6181,""top"":4090,""bottom"":9979},""time"":1729913797076},{""box"":{""left"":2881,""right"":6181,""top"":4090,""bottom"":9979},""time"":1729913797162},{""box"":{""left"":2881,""right"":6181,""top"":4090,""bottom"":9979},""time"":1729913797476},{""box"":{""left"":2881,""right"":6181,""top"":4090,""bottom"":9979},""time"":1729913797500},{""box"":{""left"":2881,""right"":6181,""top"":4090,""bottom"":9979},""time"":1729913797525},{""box"":{""left"":2881,""right"":6181,""top"":4090,""bottom"":9979},""time"":1729913797548},{""box"":{""left"":2881,""right"":6181,""top"":4090,""bottom"":9979},""time"":1729913797640},{""box"":{""left"":2881,""right"":6181,""top"":4090,""bottom"":9979},""time"":1729913797683},{""box"":{""left"":2881,""right"":6181,""top"":4090,""bottom"":9979},""time"":1729913797751},{""box"":{""left"":2881,""right"":6181,""top"":4090,""bottom"":9979},""time"":1729913797805},{""box"":{""left"":2881,""right"":6181,""top"":4090,""bottom"":9979},""time"":1729913797886},{""box"":{""left"":2881,""right"":6181,""top"":4090,""bottom"":9979},""time"":1729913797918},{""box"":{""left"":2881,""right"":6181,""top"":4090,""bottom"":9979},""time"":1729913797958},{""box"":{""left"":2881,""right"":6181,""top"":4090,""bottom"":9979},""time"":1729913798005},{""box"":{""left"":2881,""right"":6181,""top"":4090,""bottom"":9979},""time"":1729913798034},{""box"":{""left"":2881,""right"":6181,""top"":4090,""bottom"":9979},""time"":1729913798065},{""box"":{""left"":2881,""right"":6181,""top"":4090,""bottom"":9979},""time"":1729913798095},{""box"":{""left"":2881,""right"":6181,""top"":4090,""bottom"":9979},""time"":1729913798125},{""box"":{""left"":2881,""right"":6181,""top"":4090,""bottom"":9979},""time"":1729913798154},{""box"":{""left"":2881,""right"":6181,""top"":4090,""bottom"":9979},""time"":1729913798206},{""box"":{""left"":2881,""right"":6181,""top"":4090,""bottom"":9979},""time"":1729913798246},{""box"":{""left"":2881,""right"":6181,""top"":4090,""bottom"":9979},""time"":1729913798289},{""box"":{""left"":2881,""right"":6181,""top"":4090,""bottom"":9979},""time"":1729913798332},{""box"":{""left"":2881,""right"":6181,""top"":4090,""bottom"":9979},""time"":1729913798429},{""box"":{""left"":2881,""right"":6181,""top"":4090,""bottom"":9979},""time"":1729913798505},{""box"":{""left"":2881,""right"":6181,""top"":4090,""bottom"":9979},""time"":1729913798580},{""box"":{""left"":2881,""right"":6181,""top"":4090,""bottom"":9979},""time"":1729913798668},{""box"":{""left"":2881,""right"":6181,""top"":4090,""bottom"":9979},""time"":1729913798814},{""box"":{""left"":2881,""right"":6181,""top"":4090,""bottom"":9979},""time"":1729913798880},{""box"":{""left"":2881,""right"":6181,""top"":4090,""bottom"":9979},""time"":1729913798905},{""box"":{""left"":2881,""right"":6181,""top"":4090,""bottom"":9979},""time"":1729913798958},{""box"":{""left"":2881,""right"":6181,""top"":4090,""bottom"":9979},""time"":1729913798991},{""box"":{""left"":2881,""right"":6181,""top"":4090,""bottom"":9979},""time"":1729913799022},{""box"":{""left"":2881,""right"":6181,""top"":4090,""bottom"":9979},""time"":1729913799055},{""box"":{""left"":2881,""right"":6181,""top"":4090,""bottom"":9979},""time"":1729913799087},{""box"":{""left"":2881,""right"":6181,""top"":4090,""bottom"":9979},""time"":1729913799119},{""box"":{""left"":2881,""right"":6181,""top"":4090,""bottom"":9979},""time"":1729913799172},{""box"":{""left"":2881,""right"":6181,""top"":4090,""bottom"":9979},""time"":1729913799205},{""box"":{""left"":2881,""right"":6181,""top"":4090,""bottom"":9979},""time"":1729913799237},{""box"":{""left"":2881,""right"":6181,""top"":4090,""bottom"":9979},""time"":1729913799291},{""box"":{""left"":2881,""right"":6181,""top"":4090,""bottom"":9979},""time"":1729913799366},{""box"":{""left"":2881,""right"":6181,""top"":4090,""bottom"":9979},""time"":1729913799388},{""box"":{""left"":2881,""right"":6181,""top"":4090,""bottom"":9979},""time"":1729913799420},{""box"":{""left"":2881,""right"":6181,""top"":4090,""bottom"":9979},""time"":1729913799475},{""box"":{""left"":2881,""right"":6181,""top"":4090,""bottom"":9979},""time"":1729913799519},{""box"":{""left"":2881,""right"":6181,""top"":4090,""bottom"":9979},""time"":1729913799534},{""box"":{""left"":2881,""right"":6181,""top"":4090,""bottom"":9979},""time"":1729913799605},{""box"":{""left"":2881,""right"":6181,""top"":4090,""bottom"":9979},""time"":1729913799688},{""box"":{""left"":2881,""right"":6181,""top"":4090,""bottom"":9979},""time"":1729913799774},{""box"":{""left"":2881,""right"":6181,""top"":4090,""bottom"":9979},""time"":1729913799862},{""box"":{""left"":2881,""right"":6181,""top"":4090,""bottom"":9979},""time"":1729913799990},{""box"":{""left"":2881,""right"":6181,""top"":4090,""bottom"":9979},""time"":1729913800043},{""box"":{""left"":2881,""right"":6181,""top"":4090,""bottom"":9979},""time"":1729913800103},{""box"":{""left"":2881,""right"":6181,""top"":4090,""bottom"":9979},""time"":1729913800188},{""box"":{""left"":2881,""right"":6181,""top"":4090,""bottom"":9979},""time"":1729913800239},{""box"":{""left"":2881,""right"":6181,""top"":4090,""bottom"":9979},""time"":1729913800337},{""box"":{""left"":2881,""right"":6181,""top"":4090,""bottom"":9979},""time"":1729913800455},{""box"":{""left"":2881,""right"":6181,""top"":4090,""bottom"":9979},""time"":1729913800547},{""box"":{""left"":2881,""right"":6181,""top"":4090,""bottom"":9979},""time"":1729913800743},{""box"":{""left"":2881,""right"":6181,""top"":4090,""bottom"":9979},""time"":1729913800824},{""box"":{""left"":2881,""right"":6181,""top"":4090,""bottom"":9979},""time"":1729913800916},{""box"":{""left"":2881,""right"":6181,""top"":4090,""bottom"":9979},""time"":1729913800985},{""box"":{""left"":2881,""right"":6181,""top"":4090,""bottom"":9979},""time"":1729913801066},{""box"":{""left"":2881,""right"":6181,""top"":4090,""bottom"":9979},""time"":1729913801120},{""box"":{""left"":2881,""right"":6181,""top"":4090,""bottom"":9979},""time"":1729913801194},{""box"":{""left"":2881,""right"":6181,""top"":4090,""bottom"":9979},""time"":1729913801273},{""box"":{""left"":2881,""right"":6181,""top"":4090,""bottom"":9979},""time"":1729913801324},{""box"":{""left"":2881,""right"":6181,""top"":4090,""bottom"":9979},""time"":1729913801444},{""box"":{""left"":2881,""right"":6181,""top"":4090,""bottom"":9979},""time"":1729913802846},{""box"":{""left"":2881,""right"":6181,""top"":4090,""bottom"":9979},""time"":1729913802897},{""box"":{""left"":2881,""right"":6181,""top"":4090,""bottom"":9979},""time"":1729913802948},{""box"":{""left"":2881,""right"":6181,""top"":4090,""bottom"":9979},""time"":1729913802999},{""box"":{""left"":2881,""right"":6181,""top"":4090,""bottom"":9979},""time"":1729913803060},{""box"":{""left"":2881,""right"":6181,""top"":4090,""bottom"":9979},""time"":1729913803175},{""box"":{""left"":2881,""right"":6181,""top"":4090,""bottom"":9979},""time"":1729913803261},{""box"":{""left"":2881,""right"":6181,""top"":4090,""bottom"":9979},""time"":1729913803311},{""box"":{""left"":2881,""right"":6181,""top"":4090,""bottom"":9979},""time"":1729913803340},{""box"":{""left"":2881,""right"":6181,""top"":4090,""bottom"":9979},""time"":1729913803384},{""box"":{""left"":2881,""right"":6181,""top"":4090,""bottom"":9979},""time"":1729913803435},{""box"":{""left"":2881,""right"":6181,""top"":4090,""bottom"":9979},""time"":1729913803486},{""box"":{""left"":2881,""right"":6181,""top"":4090,""bottom"":9979},""time"":1729913803530},{""box"":{""left"":2881,""right"":6181,""top"":4090,""bottom"":9979},""time"":1729913803570},{""box"":{""left"":2881,""right"":6181,""top"":4090,""bottom"":9979},""time"":1729913803605},{""box"":{""left"":2881,""right"":6181,""top"":4090,""bottom"":9979},""time"":1729913803644},{""box"":{""left"":2881,""right"":6181,""top"":4090,""bottom"":9979},""time"":1729913803730},{""box"":{""left"":2881,""right"":6181,""top"":4090,""bottom"":9979},""time"":1729913803805},{""box"":{""left"":2881,""right"":6181,""top"":4090,""bottom"":9979},""time"":1729913803881},{""box"":{""left"":2881,""right"":6181,""top"":4090,""bottom"":9979},""time"":1729913803966},{""box"":{""left"":2881,""right"":6181,""top"":4090,""bottom"":9979},""time"":1729913804041},{""box"":{""left"":2881,""right"":6181,""top"":4090,""bottom"":9979},""time"":1729913804106},{""box"":{""left"":2881,""right"":6181,""top"":4090,""bottom"":9979},""time"":1729913804172},{""box"":{""left"":2881,""right"":6181,""top"":4090,""bottom"":9979},""time"":1729913804213},{""box"":{""left"":2881,""right"":6181,""top"":4090,""bottom"":9979},""time"":1729913804289},{""box"":{""left"":2881,""right"":6181,""top"":4090,""bottom"":9979},""time"":1729913804332},{""box"":{""left"":2881,""right"":6181,""top"":4090,""bottom"":9979},""time"":1729913804364},{""box"":{""left"":2881,""right"":6181,""top"":4090,""bottom"":9979},""time"":1729913804439},{""box"":{""left"":2881,""right"":6181,""top"":4090,""bottom"":9979},""time"":1729913804496},{""box"":{""left"":2881,""right"":6181,""top"":4090,""bottom"":9979},""time"":1729913804571},{""box"":{""left"":2881,""right"":6181,""top"":4090,""bottom"":9979},""time"":1729913804627},{""box"":{""left"":2881,""right"":6181,""top"":4090,""bottom"":9979},""time"":1729913804693},{""box"":{""left"":2881,""right"":6181,""top"":4090,""bottom"":9979},""time"":1729913804764},{""box"":{""left"":2881,""right"":6181,""top"":4090,""bottom"":9979},""time"":1729913804840},{""box"":{""left"":2881,""right"":6181,""top"":4090,""bottom"":9979},""time"":1729913804861},{""box"":{""left"":2881,""right"":6181,""top"":4090,""bottom"":9979},""time"":1729913804915},{""box"":{""left"":2881,""right"":6181,""top"":4090,""bottom"":9979},""time"":1729913804947},{""box"":{""left"":2881,""right"":6181,""top"":4090,""bottom"":9979},""time"":1729913805022},{""box"":{""left"":2881,""right"":6181,""top"":4090,""bottom"":9979},""time"":1729913805097},{""box"":{""left"":2881,""right"":6181,""top"":4090,""bottom"":9979},""time"":1729913805172},{""box"":{""left"":2881,""right"":6181,""top"":4090,""bottom"":9979},""time"":1729913805194},{""box"":{""left"":2881,""right"":6181,""top"":4090,""bottom"":9979},""time"":1729913805269},{""box"":{""left"":2881,""right"":6181,""top"":4090,""bottom"":9979},""time"":1729913805311},{""box"":{""left"":2881,""right"":6181,""top"":4090,""bottom"":9979},""time"":1729913805334},{""box"":{""left"":2881,""right"":6181,""top"":4090,""bottom"":9979},""time"":1729913805425},{""box"":{""left"":2881,""right"":6181,""top"":4090,""bottom"":9979},""time"":1729913805490},{""box"":{""left"":2881,""right"":6181,""top"":4090,""bottom"":9979},""time"":1729913805548},{""box"":{""left"":2881,""right"":6181,""top"":4090,""bottom"":9979},""time"":1729913805601},{""box"":{""left"":2881,""right"":6181,""top"":4090,""bottom"":9979},""time"":1729913805634},{""box"":{""left"":2881,""right"":6181,""top"":4090,""bottom"":9979},""time"":1729913805699},{""box"":{""left"":2881,""right"":6181,""top"":4090,""bottom"":9979},""time"":1729913805743},{""box"":{""left"":2881,""right"":6181,""top"":4090,""bottom"":9979},""time"":1729913805816},{""box"":{""left"":2881,""right"":6181,""top"":4090,""bottom"":9979},""time"":1729913805879},{""box"":{""left"":2881,""right"":6181,""top"":4090,""bottom"":9979},""time"":1729913805927},{""box"":{""left"":2881,""right"":6181,""top"":4090,""bottom"":9979},""time"":1729913805993},{""box"":{""left"":2881,""right"":6181,""top"":4090,""bottom"":9979},""time"":1729913806036},{""box"":{""left"":2881,""right"":6181,""top"":4090,""bottom"":9979},""time"":1729913806068},{""box"":{""left"":2881,""right"":6181,""top"":4090,""bottom"":9979},""time"":1729913806145},{""box"":{""left"":2881,""right"":6181,""top"":4090,""bottom"":9979},""time"":1729913806200},{""box"":{""left"":2881,""right"":6181,""top"":4090,""bottom"":9979},""time"":1729913806232},{""box"":{""left"":2881,""right"":6181,""top"":4090,""bottom"":9979},""time"":1729913806313},{""box"":{""left"":2881,""right"":6181,""top"":4090,""bottom"":9979},""time"":1729913806394},{""box"":{""left"":2881,""right"":6181,""top"":4090,""bottom"":9979},""time"":1729913806445},{""box"":{""left"":2881,""right"":6181,""top"":4090,""bottom"":9979},""time"":1729913806497},{""box"":{""left"":2881,""right"":6181,""top"":4090,""bottom"":9979},""time"":1729913806553},{""box"":{""left"":2881,""right"":6181,""top"":4090,""bottom"":9979},""time"":1729913806584},{""box"":{""left"":2881,""right"":6181,""top"":4090,""bottom"":9979},""time"":1729913806668},{""box"":{""left"":2881,""right"":6181,""top"":4090,""bottom"":9979},""time"":1729913806760},{""box"":{""left"":2881,""right"":6181,""top"":4090,""bottom"":9979},""time"":1729913806816},{""box"":{""left"":2881,""right"":6181,""top"":4090,""bottom"":9979},""time"":1729913806863},{""box"":{""left"":2881,""right"":6181,""top"":4090,""bottom"":9979},""time"":1729913806945},{""box"":{""left"":2881,""right"":6181,""top"":4090,""bottom"":9979},""time"":1729913807000},{""box"":{""left"":2881,""right"":6181,""top"":4090,""bottom"":9979},""time"":1729913807081},{""box"":{""left"":2881,""right"":6181,""top"":4090,""bottom"":9979},""time"":1729913807132},{""box"":{""left"":2881,""right"":6181,""top"":4090,""bottom"":9979},""time"":1729913807183},{""box"":{""left"":2881,""right"":6181,""top"":4090,""bottom"":9979},""time"":1729913807233},{""box"":{""left"":2881,""right"":6181,""top"":4090,""bottom"":9979},""time"":1729913807284},{""box"":{""left"":2881,""right"":6181,""top"":4090,""bottom"":9979},""time"":1729913807334},{""box"":{""left"":2881,""right"":6181,""top"":4090,""bottom"":9979},""time"":1729913807385},{""box"":{""left"":2881,""right"":6181,""top"":4090,""bottom"":9979},""time"":1729913807441},{""box"":{""left"":2881,""right"":6181,""top"":4090,""bottom"":9979},""time"":1729913807496},{""box"":{""left"":2881,""right"":6181,""top"":4090,""bottom"":9979},""time"":1729913807552},{""box"":{""left"":2881,""right"":6181,""top"":4090,""bottom"":9979},""time"":1729913807607},{""box"":{""left"":2881,""right"":6181,""top"":4090,""bottom"":9979},""time"":1729913807640},{""box"":{""left"":2881,""right"":6181,""top"":4090,""bottom"":9979},""time"":1729913807703},{""box"":{""left"":2881,""right"":6181,""top"":4090,""bottom"":9979},""time"":1729913807761},{""box"":{""left"":2881,""right"":6181,""top"":4090,""bottom"":9979},""time"":1729913807794},{""box"":{""left"":2881,""right"":6181,""top"":4090,""bottom"":9979},""time"":1729913807874},{""box"":{""left"":2881,""right"":6181,""top"":4090,""bottom"":9979},""time"":1729913807941},{""box"":{""left"":2881,""right"":6181,""top"":4090,""bottom"":9979},""time"":1729913808006},{""box"":{""left"":2881,""right"":6181,""top"":4090,""bottom"":9979},""time"":1729913808050},{""box"":{""left"":2881,""right"":6181,""top"":4090,""bottom"":9979},""time"":1729913808130},{""box"":{""left"":2881,""right"":6181,""top"":4090,""bottom"":9979},""time"":1729913808177},{""box"":{""left"":2881,""right"":6181,""top"":4090,""bottom"":9979},""time"":1729913808262},{""box"":{""left"":2881,""right"":6181,""top"":4090,""bottom"":9979},""time"":1729913808344},{""box"":{""left"":2881,""right"":6181,""top"":4090,""bottom"":9979},""time"":1729913808392},{""box"":{""left"":2881,""right"":6181,""top"":4090,""bottom"":9979},""time"":1729913808476},{""box"":{""left"":2881,""right"":6181,""top"":4090,""bottom"":9979},""time"":1729913808556},{""box"":{""left"":2881,""right"":6181,""top"":4090,""bottom"":9979},""time"":1729913808607},{""box"":{""left"":2881,""right"":6181,""top"":4090,""bottom"":9979},""time"":1729913808658},{""box"":{""left"":2881,""right"":6181,""top"":4090,""bottom"":9979},""time"":1729913808709},{""box"":{""left"":2881,""right"":6181,""top"":4090,""bottom"":9979},""time"":1729913808760},{""box"":{""left"":2881,""right"":6181,""top"":4090,""bottom"":9979},""time"":1729913808811},{""box"":{""left"":2881,""right"":6181,""top"":4090,""bottom"":9979},""time"":1729913808862},{""box"":{""left"":2881,""right"":6181,""top"":4090,""bottom"":9979},""time"":1729913808913},{""box"":{""left"":2881,""right"":6181,""top"":4090,""bottom"":9979},""time"":1729913808952},{""box"":{""left"":2881,""right"":6181,""top"":4090,""bottom"":9979},""time"":1729913809007},{""box"":{""left"":2881,""right"":6181,""top"":4090,""bottom"":9979},""time"":1729913809097},{""box"":{""left"":2881,""right"":6181,""top"":4090,""bottom"":9979},""time"":1729913809140},{""box"":{""left"":2881,""right"":6181,""top"":4090,""bottom"":9979},""time"":1729913809221},{""box"":{""left"":2881,""right"":6181,""top"":4090,""bottom"":9979},""time"":1729913809251},{""box"":{""left"":2881,""right"":6181,""top"":4090,""bottom"":9979},""time"":1729913809285},{""box"":{""left"":2881,""right"":6181,""top"":4090,""bottom"":9979},""time"":1729913809336},{""box"":{""left"":2881,""right"":6181,""top"":4090,""bottom"":9979},""time"":1729913809400},{""box"":{""left"":2881,""right"":6181,""top"":4090,""bottom"":9979},""time"":1729913809492},{""box"":{""left"":2881,""right"":6181,""top"":4090,""bottom"":9979},""time"":1729913809555},{""box"":{""left"":2881,""right"":6181,""top"":4090,""bottom"":9979},""time"":1729913809658},{""box"":{""left"":2881,""right"":6181,""top"":4090,""bottom"":9979},""time"":1729913809755},{""box"":{""left"":2881,""right"":6181,""top"":4090,""bottom"":9979},""time"":1729913809834},{""box"":{""left"":2881,""right"":6181,""top"":4090,""bottom"":9979},""time"":1729913809893},{""box"":{""left"":2881,""right"":6181,""top"":4090,""bottom"":9979},""time"":1729913809936},{""box"":{""left"":2881,""right"":6181,""top"":4090,""bottom"":9979},""time"":1729913810015},{""box"":{""left"":2881,""right"":6181,""top"":4090,""bottom"":9979},""time"":1729913810085},{""box"":{""left"":2881,""right"":6181,""top"":4090,""bottom"":9979},""time"":1729913810129},{""box"":{""left"":2881,""right"":6181,""top"":4090,""bottom"":9979},""time"":1729913810159},{""box"":{""left"":2881,""right"":6181,""top"":4090,""bottom"":9979},""time"":1729913810202},{""box"":{""left"":2881,""right"":6181,""top"":4090,""bottom"":9979},""time"":1729913810261},{""box"":{""left"":2881,""right"":6181,""top"":4090,""bottom"":9979},""time"":1729913810547},{""box"":{""left"":2881,""right"":6181,""top"":4090,""bottom"":9979},""time"":1729913810623},{""box"":{""left"":2881,""right"":6181,""top"":4090,""bottom"":9979},""time"":1729913810683},{""box"":{""left"":2881,""right"":6181,""top"":4090,""bottom"":9979},""time"":1729913810790},{""box"":{""left"":2881,""right"":6181,""top"":4090,""bottom"":9979},""time"":1729913810845},{""box"":{""left"":2881,""right"":6181,""top"":4090,""bottom"":9979},""time"":1729913810939},{""box"":{""left"":2881,""right"":6181,""top"":4090,""bottom"":9979},""time"":1729913811025},{""box"":{""left"":2881,""right"":6181,""top"":4090,""bottom"":9979},""time"":1729913811079},{""box"":{""left"":2881,""right"":6181,""top"":4090,""bottom"":9979},""time"":1729913811111},{""box"":{""left"":2881,""right"":6181,""top"":4090,""bottom"":9979},""time"":1729913811165},{""box"":{""left"":2881,""right"":6181,""top"":4090,""bottom"":9979},""time"":1729913811197},{""box"":{""left"":2881,""right"":6181,""top"":4090,""bottom"":9979},""time"":1729913811262},{""box"":{""left"":2881,""right"":6181,""top"":4090,""bottom"":9979},""time"":1729913811311},{""box"":{""left"":2881,""right"":6181,""top"":4090,""bottom"":9979},""time"":1729913811349},{""box"":{""left"":2881,""right"":6181,""top"":4090,""bottom"":9979},""time"":1729913811385},{""box"":{""left"":2881,""right"":6181,""top"":4090,""bottom"":9979},""time"":1729913811431},{""box"":{""left"":2881,""right"":6181,""top"":4090,""bottom"":9979},""time"":1729913811467},{""box"":{""left"":2881,""right"":6181,""top"":4090,""bottom"":9979},""time"":1729913811481},{""box"":{""left"":2881,""right"":6181,""top"":4090,""bottom"":9979},""time"":1729913811515},{""box"":{""left"":2881,""right"":6181,""top"":4090,""bottom"":9979},""time"":1729913811569},{""box"":{""left"":2881,""right"":6181,""top"":4090,""bottom"":9979},""time"":1729913811605},{""box"":{""left"":2881,""right"":6181,""top"":4090,""bottom"":9979},""time"":1729913811657},{""box"":{""left"":2881,""right"":6181,""top"":4090,""bottom"":9979},""time"":1729913811734},{""box"":{""left"":2881,""right"":6181,""top"":4090,""bottom"":9979},""time"":1729913811955},{""box"":{""left"":2881,""right"":6181,""top"":4090,""bottom"":9979},""time"":1729913812068},{""box"":{""left"":2881,""right"":6181,""top"":4090,""bottom"":9979},""time"":1729913812102},{""box"":{""left"":2881,""right"":6181,""top"":4090,""bottom"":9979},""time"":1729913812195},{""box"":{""left"":2881,""right"":6181,""top"":4090,""bottom"":9979},""time"":1729913812259},{""box"":{""left"":2881,""right"":6181,""top"":4090,""bottom"":9979},""time"":1729913812334},{""box"":{""left"":2881,""right"":6181,""top"":4090,""bottom"":9979},""time"":1729913812390},{""box"":{""left"":2881,""right"":6181,""top"":4090,""bottom"":9979},""time"":1729913812428},{""box"":{""left"":2881,""right"":6181,""top"":4090,""bottom"":9979},""time"":1729913812467},{""box"":{""left"":2881,""right"":6181,""top"":4090,""bottom"":9979},""time"":1729913812540},{""box"":{""left"":2881,""right"":6181,""top"":4090,""bottom"":9979},""time"":1729913812614},{""box"":{""left"":2881,""right"":6181,""top"":4090,""bottom"":9979},""time"":1729913812711},{""box"":{""left"":2881,""right"":6181,""top"":4090,""bottom"":9979},""time"":1729913812798},{""box"":{""left"":2881,""right"":6181,""top"":4090,""bottom"":9979},""time"":1729913812850},{""box"":{""left"":2881,""right"":6181,""top"":4090,""bottom"":9979},""time"":1729913812884},{""box"":{""left"":2881,""right"":6181,""top"":4090,""bottom"":9979},""time"":1729913813054},{""box"":{""left"":2881,""right"":6181,""top"":4090,""bottom"":9979},""time"":1729913813086},{""box"":{""left"":2881,""right"":6181,""top"":4090,""bottom"":9979},""time"":1729913813143},{""box"":{""left"":2881,""right"":6181,""top"":4090,""bottom"":9979},""time"":1729913813975},{""box"":{""left"":2881,""right"":6181,""top"":4090,""bottom"":9979},""time"":1729913814008},{""box"":{""left"":2881,""right"":6181,""top"":4090,""bottom"":9979},""time"":1729913814134},{""box"":{""left"":2881,""right"":6181,""top"":4090,""bottom"":9979},""time"":1729913814220},{""box"":{""left"":2881,""right"":6181,""top"":4090,""bottom"":9979},""time"":1729913814408},{""box"":{""left"":2881,""right"":6181,""top"":4090,""bottom"":9979},""time"":1729913814481},{""box"":{""left"":2881,""right"":6181,""top"":4090,""bottom"":9979},""time"":1729913814526},{""box"":{""left"":2881,""right"":6181,""top"":4090,""bottom"":9979},""time"":1729913814556},{""box"":{""left"":2881,""right"":6181,""top"":4090,""bottom"":9979},""time"":1729913814611},{""box"":{""left"":2881,""right"":6181,""top"":4090,""bottom"":9979},""time"":1729913814701},{""box"":{""left"":2881,""right"":6181,""top"":4090,""bottom"":9979},""time"":1729913814831},{""box"":{""left"":2881,""right"":6181,""top"":4090,""bottom"":9979},""time"":1729913814949},{""box"":{""left"":2881,""right"":6181,""top"":4090,""bottom"":9979},""time"":1729913815078},{""box"":{""left"":2881,""right"":6181,""top"":4090,""bottom"":9979},""time"":1729913815139},{""box"":{""left"":2881,""right"":6181,""top"":4090,""bottom"":9979},""time"":1729913815286},{""box"":{""left"":2881,""right"":6181,""top"":4090,""bottom"":9979},""time"":1729913815365},{""box"":{""left"":2881,""right"":6181,""top"":4090,""bottom"":9979},""time"":1729913815410},{""box"":{""left"":2881,""right"":6181,""top"":4090,""bottom"":9979},""time"":1729913815575},{""box"":{""left"":2881,""right"":6181,""top"":4090,""bottom"":9979},""time"":1729913815655},{""box"":{""left"":2881,""right"":6181,""top"":4090,""bottom"":9979},""time"":1729913815744},{""box"":{""left"":2881,""right"":6181,""top"":4090,""bottom"":9979},""time"":1729913815859},{""box"":{""left"":2881,""right"":6181,""top"":4090,""bottom"":9979},""time"":1729913815958},{""box"":{""left"":2881,""right"":6181,""top"":4090,""bottom"":9979},""time"":1729913816060},{""box"":{""left"":2881,""right"":6181,""top"":4090,""bottom"":9979},""time"":1729913816210},{""box"":{""left"":2881,""right"":6181,""top"":4090,""bottom"":9979},""time"":1729913816296},{""box"":{""left"":2881,""right"":6181,""top"":4090,""bottom"":9979},""time"":1729913816337},{""box"":{""left"":2881,""right"":6181,""top"":4090,""bottom"":9979},""time"":1729913816387},{""box"":{""left"":2881,""right"":6181,""top"":4090,""bottom"":9979},""time"":1729913816416},{""box"":{""left"":2881,""right"":6181,""top"":4090,""bottom"":9979},""time"":1729913816430},{""box"":{""left"":2881,""right"":6181,""top"":4090,""bottom"":9979},""time"":1729913816504},{""box"":{""left"":2881,""right"":6181,""top"":4090,""bottom"":9979},""time"":1729913816549},{""box"":{""left"":2881,""right"":6181,""top"":4090,""bottom"":9979},""time"":1729913816612},{""box"":{""left"":2881,""right"":6181,""top"":4090,""bottom"":9979},""time"":1729913816633},{""box"":{""left"":2881,""right"":6181,""top"":4090,""bottom"":9979},""time"":1729913816708},{""box"":{""left"":2881,""right"":6181,""top"":4090,""bottom"":9979},""time"":1729913816742},{""box"":{""left"":2881,""right"":6181,""top"":4090,""bottom"":9979},""time"":1729913816828},{""box"":{""left"":2881,""right"":6181,""top"":4090,""bottom"":9979},""time"":1729913817045},{""box"":{""left"":2881,""right"":6181,""top"":4090,""bottom"":9979},""time"":1729913817222},{""box"":{""left"":2881,""right"":6181,""top"":4090,""bottom"":9979},""time"":1729913817287},{""box"":{""left"":2881,""right"":6181,""top"":4090,""bottom"":9979},""time"":1729913817332},{""box"":{""left"":2881,""right"":6181,""top"":4090,""bottom"":9979},""time"":1729913817421},{""box"":{""left"":2881,""right"":6181,""top"":4090,""bottom"":9979},""time"":1729913817539},{""box"":{""left"":2881,""right"":6181,""top"":4090,""bottom"":9979},""time"":1729913817639},{""box"":{""left"":2881,""right"":6181,""top"":4090,""bottom"":9979},""time"":1729913817714},{""box"":{""left"":2881,""right"":6181,""top"":4090,""bottom"":9979},""time"":1729913817750},{""box"":{""left"":2881,""right"":6181,""top"":4090,""bottom"":9979},""time"":1729913817841},{""box"":{""left"":2881,""right"":6181,""top"":4090,""bottom"":9979},""time"":1729913817928},{""box"":{""left"":2881,""right"":6181,""top"":4090,""bottom"":9979},""time"":1729913818046},{""box"":{""left"":2881,""right"":6181,""top"":4090,""bottom"":9979},""time"":1729913818143},{""box"":{""left"":2881,""right"":6181,""top"":4090,""bottom"":9979},""time"":1729913818263},{""box"":{""left"":2881,""right"":6181,""top"":4090,""bottom"":9979},""time"":1729913818370},{""box"":{""left"":2881,""right"":6181,""top"":4090,""bottom"":9979},""time"":1729913818456},{""box"":{""left"":2881,""right"":6181,""top"":4090,""bottom"":9979},""time"":1729913818501},{""box"":{""left"":2881,""right"":6181,""top"":4090,""bottom"":9979},""time"":1729913818587},{""box"":{""left"":2881,""right"":6181,""top"":4090,""bottom"":9979},""time"":1729913818619},{""box"":{""left"":2881,""right"":6181,""top"":4090,""bottom"":9979},""time"":1729913818716},{""box"":{""left"":2881,""right"":6181,""top"":4090,""bottom"":9979},""time"":1729913818772},{""box"":{""left"":2881,""right"":6181,""top"":4090,""bottom"":9979},""time"":1729913818815},{""box"":{""left"":2881,""right"":6181,""top"":4090,""bottom"":9979},""time"":1729913819107},{""box"":{""left"":2881,""right"":6181,""top"":4090,""bottom"":9979},""time"":1729913819184},{""box"":{""left"":2881,""right"":6181,""top"":4090,""bottom"":9979},""time"":1729913819262},{""box"":{""left"":2881,""right"":6181,""top"":4090,""bottom"":9979},""time"":1729913819312},{""box"":{""left"":2881,""right"":6181,""top"":4090,""bottom"":9979},""time"":1729913819390},{""box"":{""left"":2881,""right"":6181,""top"":4090,""bottom"":9979},""time"":1729913819470},{""box"":{""left"":2881,""right"":6181,""top"":4090,""bottom"":9979},""time"":1729913819556},{""box"":{""left"":2881,""right"":6181,""top"":4090,""bottom"":9979},""time"":1729913819610},{""box"":{""left"":2881,""right"":6181,""top"":4090,""bottom"":9979},""time"":1729913819719},{""box"":{""left"":2881,""right"":6181,""top"":4090,""bottom"":9979},""time"":1729913819793},{""box"":{""left"":2881,""right"":6181,""top"":4090,""bottom"":9979},""time"":1729913819871},{""box"":{""left"":2881,""right"":6181,""top"":4090,""bottom"":9979},""time"":1729913819936},{""box"":{""left"":2881,""right"":6181,""top"":4090,""bottom"":9979},""time"":1729913820065},{""box"":{""left"":2881,""right"":6181,""top"":4090,""bottom"":9979},""time"":1729913820137},{""box"":{""left"":2881,""right"":6181,""top"":4090,""bottom"":9979},""time"":1729913820258},{""box"":{""left"":2881,""right"":6181,""top"":4090,""bottom"":9979},""time"":1729913820301},{""box"":{""left"":2881,""right"":6181,""top"":4090,""bottom"":9979},""time"":1729913820345},{""box"":{""left"":2881,""right"":6181,""top"":4090,""bottom"":9979},""time"":1729913820458},{""box"":{""left"":2881,""right"":6181,""top"":4090,""bottom"":9979},""time"":1729913820514},{""box"":{""left"":2881,""right"":6181,""top"":4090,""bottom"":9979},""time"":1729913820600},{""box"":{""left"":2881,""right"":6181,""top"":4090,""bottom"":9979},""time"":1729913821089}",,,,,
57067,Face,2024-10-26 12:36:13,2024-10-26 12:36:13,"{""left"":4797,""right"":6476,""top"":5186,""bottom"":6945}","6,12",male,,,
57068,Person,2024-10-26 12:36:15,2024-10-26 12:36:20,"{""left"":1767,""right"":2548,""top"":1932,""bottom"":3619},{""box"":{""left"":1767,""right"":2548,""top"":1932,""bottom"":3619},""time"":1729913776974},{""box"":{""left"":1767,""right"":2548,""top"":1932,""bottom"":3619},""time"":1729913777388},{""box"":{""left"":1767,""right"":2548,""top"":1932,""bottom"":3619},""time"":1729913777864},{""box"":{""left"":1767,""right"":2548,""top"":1932,""bottom"":3619},""time"":1729913778751},{""box"":{""left"":1767,""right"":2548,""top"":1932,""bottom"":3619},""time"":1729913778829},{""box"":{""left"":1767,""right"":2548,""top"":1932,""bottom"":3619},""time"":1729913778976},{""box"":{""left"":1767,""right"":2548,""top"":1932,""bottom"":3619},""time"":1729913779061},{""box"":{""left"":1767,""right"":2548,""top"":1932,""bottom"":3619},""time"":1729913779224},{""box"":{""left"":1767,""right"":2548,""top"":1932,""bottom"":3619},""time"":1729913779516},{""box"":{""left"":1767,""right"":2548,""top"":1932,""bottom"":3619},""time"":1729913779602},{""box"":{""left"":1767,""right"":2548,""top"":1932,""bottom"":3619},""time"":1729913779688},{""box"":{""left"":1767,""right"":2548,""top"":1932,""bottom"":3619},""time"":1729913779772},{""box"":{""left"":1767,""right"":2548,""top"":1932,""bottom"":3619},""time"":1729913779867},{""box"":{""left"":1767,""right"":2548,""top"":1932,""bottom"":3619},""time"":1729913779968},{""box"":{""left"":1767,""right"":2548,""top"":1932,""bottom"":3619},""time"":1729913780073},{""box"":{""left"":1767,""right"":2548,""top"":1932,""bottom"":3619},""time"":1729913780284},{""box"":{""left"":1767,""right"":2548,""top"":1932,""bottom"":3619},""time"":1729913780427}",,,,,
57069,Person,2024-10-26 12:36:18,2024-10-26 12:36:22,"{""left"":1206,""right"":6796,""top"":1868,""bottom"":9168},{""box"":{""left"":1206,""right"":6796,""top"":1868,""bottom"":9168},""time"":1729913779235},{""box"":{""left"":1206,""right"":6796,""top"":1868,""bottom"":9168},""time"":1729913779527},{""box"":{""left"":1206,""right"":6796,""top"":1868,""bottom"":9168},""time"":1729913779612},{""box"":{""left"":1206,""right"":6796,""top"":1868,""bottom"":9168},""time"":1729913779698},{""box"":{""left"":1206,""right"":6796,""top"":1868,""bottom"":9168},""time"":1729913779782},{""box"":{""left"":1206,""right"":6796,""top"":1868,""bottom"":9168},""time"":1729913779877},{""box"":{""left"":1206,""right"":6796,""top"":1868,""bottom"":9168},""time"":1729913779979},{""box"":{""left"":1206,""right"":6796,""top"":1868,""bottom"":9168},""time"":1729913780084},{""box"":{""left"":1206,""right"":6796,""top"":1868,""bottom"":9168},""time"":1729913780189},{""box"":{""left"":1206,""right"":6796,""top"":1868,""bottom"":9168},""time"":1729913780294},{""box"":{""left"":1206,""right"":6796,""top"":1868,""bottom"":9168},""time"":1729913780437},{""box"":{""left"":1206,""right"":6796,""top"":1868,""bottom"":9168},""time"":1729913780512},{""box"":{""left"":1206,""right"":6796,""top"":1868,""bottom"":9168},""time"":1729913780616},{""box"":{""left"":1206,""right"":6796,""top"":1868,""bottom"":9168},""time"":1729913780699},{""box"":{""left"":1206,""right"":6796,""top"":1868,""bottom"":9168},""time"":1729913780778},{""box"":{""left"":1206,""right"":6796,""top"":1868,""bottom"":9168},""time"":1729913780857},{""box"":{""left"":1206,""right"":6796,""top"":1868,""bottom"":9168},""time"":1729913780936},{""box"":{""left"":1206,""right"":6796,""top"":1868,""bottom"":9168},""time"":1729913781015},{""box"":{""left"":1206,""right"":6796,""top"":1868,""bottom"":9168},""time"":1729913781094},{""box"":{""left"":1206,""right"":6796,""top"":1868,""bottom"":9168},""time"":1729913781173},{""box"":{""left"":1206,""right"":6796,""top"":1868,""bottom"":9168},""time"":1729913781286},{""box"":{""left"":1206,""right"":6796,""top"":1868,""bottom"":9168},""time"":1729913781350},{""box"":{""left"":1206,""right"":6796,""top"":1868,""bottom"":9168},""time"":1729913781408},{""box"":{""left"":1206,""right"":6796,""top"":1868,""bottom"":9168},""time"":1729913781451},{""box"":{""left"":1206,""right"":6796,""top"":1868,""bottom"":9168},""time"":1729913781561},{""box"":{""left"":1206,""right"":6796,""top"":1868,""bottom"":9168},""time"":1729913781629},{""box"":{""left"":1206,""right"":6796,""top"":1868,""bottom"":9168},""time"":1729913781773},{""box"":{""left"":1206,""right"":6796,""top"":1868,""bottom"":9168},""time"":1729913781838},{""box"":{""left"":1206,""right"":6796,""top"":1868,""bottom"":9168},""time"":1729913781903},{""box"":{""left"":1206,""right"":6796,""top"":1868,""bottom"":9168},""time"":1729913782303},{""box"":{""left"":1206,""right"":6796,""top"":1868,""bottom"":9168},""time"":1729913782388}",,,,,
57070,Person,2024-10-26 12:36:21,2024-10-26 12:37:41,"{""left"":2245,""right"":2822,""top"":2752,""bottom"":4800},{""box"":{""left"":2245,""right"":2822,""top"":2752,""bottom"":4800},""time"":1729913782055},{""box"":{""left"":2245,""right"":2822,""top"":2752,""bottom"":4800},""time"":1729913782138},{""box"":{""left"":2245,""right"":2822,""top"":2752,""bottom"":4800},""time"":1729913782206},{""box"":{""left"":2245,""right"":2822,""top"":2752,""bottom"":4800},""time"":1729913782313},{""box"":{""left"":2245,""right"":2822,""top"":2752,""bottom"":4800},""time"":1729913782398},{""box"":{""left"":2245,""right"":2822,""top"":2752,""bottom"":4800},""time"":1729913782524},{""box"":{""left"":2245,""right"":2822,""top"":2752,""bottom"":4800},""time"":1729913782619},{""box"":{""left"":2245,""right"":2822,""top"":2752,""bottom"":4800},""time"":1729913782725},{""box"":{""left"":2245,""right"":2822,""top"":2752,""bottom"":4800},""time"":1729913782895},{""box"":{""left"":2245,""right"":2822,""top"":2752,""bottom"":4800},""time"":1729913782991},{""box"":{""left"":2245,""right"":2822,""top"":2752,""bottom"":4800},""time"":1729913783124},{""box"":{""left"":2245,""right"":2822,""top"":2752,""bottom"":4800},""time"":1729913783201},{""box"":{""left"":2245,""right"":2822,""top"":2752,""bottom"":4800},""time"":1729913783275},{""box"":{""left"":2245,""right"":2822,""top"":2752,""bottom"":4800},""time"":1729913783360},{""box"":{""left"":2245,""right"":2822,""top"":2752,""bottom"":4800},""time"":1729913783454},{""box"":{""left"":2245,""right"":2822,""top"":2752,""bottom"":4800},""time"":1729913783560},{""box"":{""left"":2245,""right"":2822,""top"":2752,""bottom"":4800},""time"":1729913783665},{""box"":{""left"":2245,""right"":2822,""top"":2752,""bottom"":4800},""time"":1729913783760},{""box"":{""left"":2245,""right"":2822,""top"":2752,""bottom"":4800},""time"":1729913783907},{""box"":{""left"":2245,""right"":2822,""top"":2752,""bottom"":4800},""time"":1729913783991},{""box"":{""left"":2245,""right"":2822,""top"":2752,""bottom"":4800},""time"":1729913784086},{""box"":{""left"":2245,""right"":2822,""top"":2752,""bottom"":4800},""time"":1729913784172},{""box"":{""left"":2245,""right"":2822,""top"":2752,""bottom"":4800},""time"":1729913784269},{""box"":{""left"":2245,""right"":2822,""top"":2752,""bottom"":4800},""time"":1729913784616},{""box"":{""left"":2245,""right"":2822,""top"":2752,""bottom"":4800},""time"":1729913784720},{""box"":{""left"":2245,""right"":2822,""top"":2752,""bottom"":4800},""time"":1729913784837},{""box"":{""left"":2245,""right"":2822,""top"":2752,""bottom"":4800},""time"":1729913784943},{""box"":{""left"":2245,""right"":2822,""top"":2752,""bottom"":4800},""time"":1729913785038},{""box"":{""left"":2245,""right"":2822,""top"":2752,""bottom"":4800},""time"":1729913785178},{""box"":{""left"":2245,""right"":2822,""top"":2752,""bottom"":4800},""time"":1729913785268},{""box"":{""left"":2245,""right"":2822,""top"":2752,""bottom"":4800},""time"":1729913785470},{""box"":{""left"":2245,""right"":2822,""top"":2752,""bottom"":4800},""time"":1729913785565},{""box"":{""left"":2245,""right"":2822,""top"":2752,""bottom"":4800},""time"":1729913785662},{""box"":{""left"":2245,""right"":2822,""top"":2752,""bottom"":4800},""time"":1729913785737},{""box"":{""left"":2245,""right"":2822,""top"":2752,""bottom"":4800},""time"":1729913785886},{""box"":{""left"":2245,""right"":2822,""top"":2752,""bottom"":4800},""time"":1729913786063},{""box"":{""left"":2245,""right"":2822,""top"":2752,""bottom"":4800},""time"":1729913786169},{""box"":{""left"":2245,""right"":2822,""top"":2752,""bottom"":4800},""time"":1729913786265},{""box"":{""left"":2245,""right"":2822,""top"":2752,""bottom"":4800},""time"":1729913786442},{""box"":{""left"":2245,""right"":2822,""top"":2752,""bottom"":4800},""time"":1729913786518},{""box"":{""left"":2245,""right"":2822,""top"":2752,""bottom"":4800},""time"":1729913786593},{""box"":{""left"":2245,""right"":2822,""top"":2752,""bottom"":4800},""time"":1729913786677},{""box"":{""left"":2245,""right"":2822,""top"":2752,""bottom"":4800},""time"":1729913786762},{""box"":{""left"":2245,""right"":2822,""top"":2752,""bottom"":4800},""time"":1729913786847},{""box"":{""left"":2245,""right"":2822,""top"":2752,""bottom"":4800},""time"":1729913786932},{""box"":{""left"":2245,""right"":2822,""top"":2752,""bottom"":4800},""time"":1729913787016},{""box"":{""left"":2245,""right"":2822,""top"":2752,""bottom"":4800},""time"":1729913787364},{""box"":{""left"":2245,""right"":2822,""top"":2752,""bottom"":4800},""time"":1729913787449},{""box"":{""left"":2245,""right"":2822,""top"":2752,""bottom"":4800},""time"":1729913787534},{""box"":{""left"":2245,""right"":2822,""top"":2752,""bottom"":4800},""time"":1729913787631},{""box"":{""left"":2245,""right"":2822,""top"":2752,""bottom"":4800},""time"":1729913787768},{""box"":{""left"":2245,""right"":2822,""top"":2752,""bottom"":4800},""time"":1729913787875},{""box"":{""left"":2245,""right"":2822,""top"":2752,""bottom"":4800},""time"":1729913787969},{""box"":{""left"":2245,""right"":2822,""top"":2752,""bottom"":4800},""time"":1729913788047},{""box"":{""left"":2245,""right"":2822,""top"":2752,""bottom"":4800},""time"":1729913788164},{""box"":{""left"":2245,""right"":2822,""top"":2752,""bottom"":4800},""time"":1729913788248},{""box"":{""left"":2245,""right"":2822,""top"":2752,""bottom"":4800},""time"":1729913788403},{""box"":{""left"":2245,""right"":2822,""top"":2752,""bottom"":4800},""time"":1729913788488},{""box"":{""left"":2245,""right"":2822,""top"":2752,""bottom"":4800},""time"":1729913788557},{""box"":{""left"":2245,""right"":2822,""top"":2752,""bottom"":4800},""time"":1729913788655},{""box"":{""left"":2245,""right"":2822,""top"":2752,""bottom"":4800},""time"":1729913788750},{""box"":{""left"":2245,""right"":2822,""top"":2752,""bottom"":4800},""time"":1729913788846},{""box"":{""left"":2245,""right"":2822,""top"":2752,""bottom"":4800},""time"":1729913788891},{""box"":{""left"":2245,""right"":2822,""top"":2752,""bottom"":4800},""time"":1729913788934},{""box"":{""left"":2245,""right"":2822,""top"":2752,""bottom"":4800},""time"":1729913789039},{""box"":{""left"":2245,""right"":2822,""top"":2752,""bottom"":4800},""time"":1729913789116},{""box"":{""left"":2245,""right"":2822,""top"":2752,""bottom"":4800},""time"":1729913789187},{""box"":{""left"":2245,""right"":2822,""top"":2752,""bottom"":4800},""time"":1729913789285},{""box"":{""left"":2245,""right"":2822,""top"":2752,""bottom"":4800},""time"":1729913789382},{""box"":{""left"":2245,""right"":2822,""top"":2752,""bottom"":4800},""time"":1729913789552},{""box"":{""left"":2245,""right"":2822,""top"":2752,""bottom"":4800},""time"":1729913789593},{""box"":{""left"":2245,""right"":2822,""top"":2752,""bottom"":4800},""time"":1729913789667},{""box"":{""left"":2245,""right"":2822,""top"":2752,""bottom"":4800},""time"":1729913789710},{""box"":{""left"":2245,""right"":2822,""top"":2752,""bottom"":4800},""time"":1729913789788},{""box"":{""left"":2245,""right"":2822,""top"":2752,""bottom"":4800},""time"":1729913789886},{""box"":{""left"":2245,""right"":2822,""top"":2752,""bottom"":4800},""time"":1729913789984},{""box"":{""left"":2245,""right"":2822,""top"":2752,""bottom"":4800},""time"":1729913790059},{""box"":{""left"":2245,""right"":2822,""top"":2752,""bottom"":4800},""time"":1729913790101},{""box"":{""left"":2245,""right"":2822,""top"":2752,""bottom"":4800},""time"":1729913790200},{""box"":{""left"":2245,""right"":2822,""top"":2752,""bottom"":4800},""time"":1729913790274},{""box"":{""left"":2245,""right"":2822,""top"":2752,""bottom"":4800},""time"":1729913790316},{""box"":{""left"":2245,""right"":2822,""top"":2752,""bottom"":4800},""time"":1729913790439},{""box"":{""left"":2245,""right"":2822,""top"":2752,""bottom"":4800},""time"":1729913790471},{""box"":{""left"":2245,""right"":2822,""top"":2752,""bottom"":4800},""time"":1729913790569},{""box"":{""left"":2245,""right"":2822,""top"":2752,""bottom"":4800},""time"":1729913790743},{""box"":{""left"":2245,""right"":2822,""top"":2752,""bottom"":4800},""time"":1729913790848},{""box"":{""left"":2245,""right"":2822,""top"":2752,""bottom"":4800},""time"":1729913790977},{""box"":{""left"":2245,""right"":2822,""top"":2752,""bottom"":4800},""time"":1729913791064},{""box"":{""left"":2245,""right"":2822,""top"":2752,""bottom"":4800},""time"":1729913791133},{""box"":{""left"":2245,""right"":2822,""top"":2752,""bottom"":4800},""time"":1729913791238},{""box"":{""left"":2245,""right"":2822,""top"":2752,""bottom"":4800},""time"":1729913791317},{""box"":{""left"":2245,""right"":2822,""top"":2752,""bottom"":4800},""time"":1729913791394},{""box"":{""left"":2245,""right"":2822,""top"":2752,""bottom"":4800},""time"":1729913791441},{""box"":{""left"":2245,""right"":2822,""top"":2752,""bottom"":4800},""time"":1729913791483},{""box"":{""left"":2245,""right"":2822,""top"":2752,""bottom"":4800},""time"":1729913791623},{""box"":{""left"":2245,""right"":2822,""top"":2752,""bottom"":4800},""time"":1729913791691},{""box"":{""left"":2245,""right"":2822,""top"":2752,""bottom"":4800},""time"":1729913791777},{""box"":{""left"":2245,""right"":2822,""top"":2752,""bottom"":4800},""time"":1729913791822},{""box"":{""left"":2245,""right"":2822,""top"":2752,""bottom"":4800},""time"":1729913791865},{""box"":{""left"":2245,""right"":2822,""top"":2752,""bottom"":4800},""time"":1729913792006},{""box"":{""left"":2245,""right"":2822,""top"":2752,""bottom"":4800},""time"":1729913792094},{""box"":{""left"":2245,""right"":2822,""top"":2752,""bottom"":4800},""time"":1729913792195},{""box"":{""left"":2245,""right"":2822,""top"":2752,""bottom"":4800},""time"":1729913792242},{""box"":{""left"":2245,""right"":2822,""top"":2752,""bottom"":4800},""time"":1729913792284},{""box"":{""left"":2245,""right"":2822,""top"":2752,""bottom"":4800},""time"":1729913792359},{""box"":{""left"":2245,""right"":2822,""top"":2752,""bottom"":4800},""time"":1729913792402},{""box"":{""left"":2245,""right"":2822,""top"":2752,""bottom"":4800},""time"":1729913792475},{""box"":{""left"":2245,""right"":2822,""top"":2752,""bottom"":4800},""time"":1729913792518},{""box"":{""left"":2245,""right"":2822,""top"":2752,""bottom"":4800},""time"":1729913792581},{""box"":{""left"":2245,""right"":2822,""top"":2752,""bottom"":4800},""time"":1729913792624},{""box"":{""left"":2245,""right"":2822,""top"":2752,""bottom"":4800},""time"":1729913792688},{""box"":{""left"":2245,""right"":2822,""top"":2752,""bottom"":4800},""time"":1729913792730},{""box"":{""left"":2245,""right"":2822,""top"":2752,""bottom"":4800},""time"":1729913792795},{""box"":{""left"":2245,""right"":2822,""top"":2752,""bottom"":4800},""time"":1729913792837},{""box"":{""left"":2245,""right"":2822,""top"":2752,""bottom"":4800},""time"":1729913792930},{""box"":{""left"":2245,""right"":2822,""top"":2752,""bottom"":4800},""time"":1729913793114},{""box"":{""left"":2245,""right"":2822,""top"":2752,""bottom"":4800},""time"":1729913793220},{""box"":{""left"":2245,""right"":2822,""top"":2752,""bottom"":4800},""time"":1729913793349},{""box"":{""left"":2245,""right"":2822,""top"":2752,""bottom"":4800},""time"":1729913793415},{""box"":{""left"":2245,""right"":2822,""top"":2752,""bottom"":4800},""time"":1729913793558},{""box"":{""left"":2245,""right"":2822,""top"":2752,""bottom"":4800},""time"":1729913793601},{""box"":{""left"":2245,""right"":2822,""top"":2752,""bottom"":4800},""time"":1729913793666},{""box"":{""left"":2245,""right"":2822,""top"":2752,""bottom"":4800},""time"":1729913793709},{""box"":{""left"":2245,""right"":2822,""top"":2752,""bottom"":4800},""time"":1729913793762},{""box"":{""left"":2245,""right"":2822,""top"":2752,""bottom"":4800},""time"":1729913793807},{""box"":{""left"":2245,""right"":2822,""top"":2752,""bottom"":4800},""time"":1729913793914},{""box"":{""left"":2245,""right"":2822,""top"":2752,""bottom"":4800},""time"":1729913793999},{""box"":{""left"":2245,""right"":2822,""top"":2752,""bottom"":4800},""time"":1729913794086},{""box"":{""left"":2245,""right"":2822,""top"":2752,""bottom"":4800},""time"":1729913794235},{""box"":{""left"":2245,""right"":2822,""top"":2752,""bottom"":4800},""time"":1729913794312},{""box"":{""left"":2245,""right"":2822,""top"":2752,""bottom"":4800},""time"":1729913794445},{""box"":{""left"":2245,""right"":2822,""top"":2752,""bottom"":4800},""time"":1729913794532},{""box"":{""left"":2245,""right"":2822,""top"":2752,""bottom"":4800},""time"":1729913794780},{""box"":{""left"":2245,""right"":2822,""top"":2752,""bottom"":4800},""time"":1729913794921},{""box"":{""left"":2245,""right"":2822,""top"":2752,""bottom"":4800},""time"":1729913794974},{""box"":{""left"":2245,""right"":2822,""top"":2752,""bottom"":4800},""time"":1729913795166},{""box"":{""left"":2245,""right"":2822,""top"":2752,""bottom"":4800},""time"":1729913795198},{""box"":{""left"":2245,""right"":2822,""top"":2752,""bottom"":4800},""time"":1729913795783},{""box"":{""left"":2245,""right"":2822,""top"":2752,""bottom"":4800},""time"":1729913795847},{""box"":{""left"":2245,""right"":2822,""top"":2752,""bottom"":4800},""time"":1729913795900},{""box"":{""left"":2245,""right"":2822,""top"":2752,""bottom"":4800},""time"":1729913795976},{""box"":{""left"":2245,""right"":2822,""top"":2752,""bottom"":4800},""time"":1729913796284},{""box"":{""left"":2245,""right"":2822,""top"":2752,""bottom"":4800},""time"":1729913796347},{""box"":{""left"":2245,""right"":2822,""top"":2752,""bottom"":4800},""time"":1729913796390},{""box"":{""left"":2245,""right"":2822,""top"":2752,""bottom"":4800},""time"":1729913796467},{""box"":{""left"":2245,""right"":2822,""top"":2752,""bottom"":4800},""time"":1729913796530},{""box"":{""left"":2245,""right"":2822,""top"":2752,""bottom"":4800},""time"":1729913796691},{""box"":{""left"":2245,""right"":2822,""top"":2752,""bottom"":4800},""time"":1729913796754},{""box"":{""left"":2245,""right"":2822,""top"":2752,""bottom"":4800},""time"":1729913796797},{""box"":{""left"":2245,""right"":2822,""top"":2752,""bottom"":4800},""time"":1729913796866},{""box"":{""left"":2245,""right"":2822,""top"":2752,""bottom"":4800},""time"":1729913796935},{""box"":{""left"":2245,""right"":2822,""top"":2752,""bottom"":4800},""time"":1729913797022},{""box"":{""left"":2245,""right"":2822,""top"":2752,""bottom"":4800},""time"":1729913797128},{""box"":{""left"":2245,""right"":2822,""top"":2752,""bottom"":4800},""time"":1729913797173},{""box"":{""left"":2245,""right"":2822,""top"":2752,""bottom"":4800},""time"":1729913797206},{""box"":{""left"":2245,""right"":2822,""top"":2752,""bottom"":4800},""time"":1729913797310},{""box"":{""left"":2245,""right"":2822,""top"":2752,""bottom"":4800},""time"":1729913797386},{""box"":{""left"":2245,""right"":2822,""top"":2752,""bottom"":4800},""time"":1729913797439},{""box"":{""left"":2245,""right"":2822,""top"":2752,""bottom"":4800},""time"":1729913797608},{""box"":{""left"":2245,""right"":2822,""top"":2752,""bottom"":4800},""time"":1729913797652},{""box"":{""left"":2245,""right"":2822,""top"":2752,""bottom"":4800},""time"":1729913797693},{""box"":{""left"":2245,""right"":2822,""top"":2752,""bottom"":4800},""time"":1729913797762},{""box"":{""left"":2245,""right"":2822,""top"":2752,""bottom"":4800},""time"":1729913797815},{""box"":{""left"":2245,""right"":2822,""top"":2752,""bottom"":4800},""time"":1729913797896},{""box"":{""left"":2245,""right"":2822,""top"":2752,""bottom"":4800},""time"":1729913798166},{""box"":{""left"":2245,""right"":2822,""top"":2752,""bottom"":4800},""time"":1729913798301},{""box"":{""left"":2245,""right"":2822,""top"":2752,""bottom"":4800},""time"":1729913798343},{""box"":{""left"":2245,""right"":2822,""top"":2752,""bottom"":4800},""time"":1729913798386},{""box"":{""left"":2245,""right"":2822,""top"":2752,""bottom"":4800},""time"":1729913798472},{""box"":{""left"":2245,""right"":2822,""top"":2752,""bottom"":4800},""time"":1729913798548},{""box"":{""left"":2245,""right"":2822,""top"":2752,""bottom"":4800},""time"":1729913798623},{""box"":{""left"":2245,""right"":2822,""top"":2752,""bottom"":4800},""time"":1729913798679},{""box"":{""left"":2245,""right"":2822,""top"":2752,""bottom"":4800},""time"":1729913798757},{""box"":{""left"":2245,""right"":2822,""top"":2752,""bottom"":4800},""time"":1729913798824},{""box"":{""left"":2245,""right"":2822,""top"":2752,""bottom"":4800},""time"":1729913798916},{""box"":{""left"":2245,""right"":2822,""top"":2752,""bottom"":4800},""time"":1729913798969},{""box"":{""left"":2245,""right"":2822,""top"":2752,""bottom"":4800},""time"":1729913799033},{""box"":{""left"":2245,""right"":2822,""top"":2752,""bottom"":4800},""time"":1729913799098},{""box"":{""left"":2245,""right"":2822,""top"":2752,""bottom"":4800},""time"":1729913799151},{""box"":{""left"":2245,""right"":2822,""top"":2752,""bottom"":4800},""time"":1729913799215},{""box"":{""left"":2245,""right"":2822,""top"":2752,""bottom"":4800},""time"":1729913799269},{""box"":{""left"":2245,""right"":2822,""top"":2752,""bottom"":4800},""time"":1729913799323},{""box"":{""left"":2245,""right"":2822,""top"":2752,""bottom"":4800},""time"":1729913799345},{""box"":{""left"":2245,""right"":2822,""top"":2752,""bottom"":4800},""time"":1729913799377},{""box"":{""left"":2245,""right"":2822,""top"":2752,""bottom"":4800},""time"":1729913799431},{""box"":{""left"":2245,""right"":2822,""top"":2752,""bottom"":4800},""time"":1729913799453},{""box"":{""left"":2245,""right"":2822,""top"":2752,""bottom"":4800},""time"":1729913799486},{""box"":{""left"":2245,""right"":2822,""top"":2752,""bottom"":4800},""time"":1729913799498},{""box"":{""left"":2245,""right"":2822,""top"":2752,""bottom"":4800},""time"":1729913799617},{""box"":{""left"":2245,""right"":2822,""top"":2752,""bottom"":4800},""time"":1729913799699},{""box"":{""left"":2245,""right"":2822,""top"":2752,""bottom"":4800},""time"":1729913799784},{""box"":{""left"":2245,""right"":2822,""top"":2752,""bottom"":4800},""time"":1729913799873},{""box"":{""left"":2245,""right"":2822,""top"":2752,""bottom"":4800},""time"":1729913799946},{""box"":{""left"":2245,""right"":2822,""top"":2752,""bottom"":4800},""time"":1729913800000},{""box"":{""left"":2245,""right"":2822,""top"":2752,""bottom"":4800},""time"":1729913800054},{""box"":{""left"":2245,""right"":2822,""top"":2752,""bottom"":4800},""time"":1729913800114},{""box"":{""left"":2245,""right"":2822,""top"":2752,""bottom"":4800},""time"":1729913800157},{""box"":{""left"":2245,""right"":2822,""top"":2752,""bottom"":4800},""time"":1729913800199},{""box"":{""left"":2245,""right"":2822,""top"":2752,""bottom"":4800},""time"":1729913800272},{""box"":{""left"":2245,""right"":2822,""top"":2752,""bottom"":4800},""time"":1729913800348},{""box"":{""left"":2245,""right"":2822,""top"":2752,""bottom"":4800},""time"":1729913800412},{""box"":{""left"":2245,""right"":2822,""top"":2752,""bottom"":4800},""time"":1729913800466},{""box"":{""left"":2245,""right"":2822,""top"":2752,""bottom"":4800},""time"":1729913800515},{""box"":{""left"":2245,""right"":2822,""top"":2752,""bottom"":4800},""time"":1729913800558},{""box"":{""left"":2245,""right"":2822,""top"":2752,""bottom"":4800},""time"":1729913800592},{""box"":{""left"":2245,""right"":2822,""top"":2752,""bottom"":4800},""time"":1729913800700},{""box"":{""left"":2245,""right"":2822,""top"":2752,""bottom"":4800},""time"":1729913800755},{""box"":{""left"":2245,""right"":2822,""top"":2752,""bottom"":4800},""time"":1729913800835},{""box"":{""left"":2245,""right"":2822,""top"":2752,""bottom"":4800},""time"":1729913800884},{""box"":{""left"":2245,""right"":2822,""top"":2752,""bottom"":4800},""time"":1729913800927},{""box"":{""left"":2245,""right"":2822,""top"":2752,""bottom"":4800},""time"":1729913800996},{""box"":{""left"":2245,""right"":2822,""top"":2752,""bottom"":4800},""time"":1729913801034},{""box"":{""left"":2245,""right"":2822,""top"":2752,""bottom"":4800},""time"":1729913801130},{""box"":{""left"":2245,""right"":2822,""top"":2752,""bottom"":4800},""time"":1729913801162},{""box"":{""left"":2245,""right"":2822,""top"":2752,""bottom"":4800},""time"":1729913801241},{""box"":{""left"":2245,""right"":2822,""top"":2752,""bottom"":4800},""time"":1729913801292},{""box"":{""left"":2245,""right"":2822,""top"":2752,""bottom"":4800},""time"":1729913801375},{""box"":{""left"":2245,""right"":2822,""top"":2752,""bottom"":4800},""time"":1729913801412},{""box"":{""left"":2245,""right"":2822,""top"":2752,""bottom"":4800},""time"":1729913801537},{""box"":{""left"":2245,""right"":2822,""top"":2752,""bottom"":4800},""time"":1729913801666},{""box"":{""left"":2245,""right"":2822,""top"":2752,""bottom"":4800},""time"":1729913801729},{""box"":{""left"":2245,""right"":2822,""top"":2752,""bottom"":4800},""time"":1729913801783},{""box"":{""left"":2245,""right"":2822,""top"":2752,""bottom"":4800},""time"":1729913801815},{""box"":{""left"":2245,""right"":2822,""top"":2752,""bottom"":4800},""time"":1729913801879},{""box"":{""left"":2245,""right"":2822,""top"":2752,""bottom"":4800},""time"":1729913802325},{""box"":{""left"":2245,""right"":2822,""top"":2752,""bottom"":4800},""time"":1729913802453},{""box"":{""left"":2245,""right"":2822,""top"":2752,""bottom"":4800},""time"":1729913802517},{""box"":{""left"":2245,""right"":2822,""top"":2752,""bottom"":4800},""time"":1729913802592},{""box"":{""left"":2245,""right"":2822,""top"":2752,""bottom"":4800},""time"":1729913802773},{""box"":{""left"":2245,""right"":2822,""top"":2752,""bottom"":4800},""time"":1729913802815},{""box"":{""left"":2245,""right"":2822,""top"":2752,""bottom"":4800},""time"":1729913802866},{""box"":{""left"":2245,""right"":2822,""top"":2752,""bottom"":4800},""time"":1729913802915},{""box"":{""left"":2245,""right"":2822,""top"":2752,""bottom"":4800},""time"":1729913802966},{""box"":{""left"":2245,""right"":2822,""top"":2752,""bottom"":4800},""time"":1729913803017},{""box"":{""left"":2245,""right"":2822,""top"":2752,""bottom"":4800},""time"":1729913803070},{""box"":{""left"":2245,""right"":2822,""top"":2752,""bottom"":4800},""time"":1729913803185},{""box"":{""left"":2245,""right"":2822,""top"":2752,""bottom"":4800},""time"":1729913803228},{""box"":{""left"":2245,""right"":2822,""top"":2752,""bottom"":4800},""time"":1729913803279},{""box"":{""left"":2245,""right"":2822,""top"":2752,""bottom"":4800},""time"":1729913803350},{""box"":{""left"":2245,""right"":2822,""top"":2752,""bottom"":4800},""time"":1729913803402},{""box"":{""left"":2245,""right"":2822,""top"":2752,""bottom"":4800},""time"":1729913803464},{""box"":{""left"":2245,""right"":2822,""top"":2752,""bottom"":4800},""time"":1729913803581},{""box"":{""left"":2245,""right"":2822,""top"":2752,""bottom"":4800},""time"":1729913803697},{""box"":{""left"":2245,""right"":2822,""top"":2752,""bottom"":4800},""time"":1729913803783},{""box"":{""left"":2245,""right"":2822,""top"":2752,""bottom"":4800},""time"":1729913803848},{""box"":{""left"":2245,""right"":2822,""top"":2752,""bottom"":4800},""time"":1729913803934},{""box"":{""left"":2245,""right"":2822,""top"":2752,""bottom"":4800},""time"":1729913804020},{""box"":{""left"":2245,""right"":2822,""top"":2752,""bottom"":4800},""time"":1729913804085},{""box"":{""left"":2245,""right"":2822,""top"":2752,""bottom"":4800},""time"":1729913804150},{""box"":{""left"":2245,""right"":2822,""top"":2752,""bottom"":4800},""time"":1729913804266},{""box"":{""left"":2245,""right"":2822,""top"":2752,""bottom"":4800},""time"":1729913804418},{""box"":{""left"":2245,""right"":2822,""top"":2752,""bottom"":4800},""time"":1729913804549},{""box"":{""left"":2245,""right"":2822,""top"":2752,""bottom"":4800},""time"":1729913805403},{""box"":{""left"":2245,""right"":2822,""top"":2752,""bottom"":4800},""time"":1729913805468},{""box"":{""left"":2245,""right"":2822,""top"":2752,""bottom"":4800},""time"":1729913805612},{""box"":{""left"":2245,""right"":2822,""top"":2752,""bottom"":4800},""time"":1729913805677},{""box"":{""left"":2245,""right"":2822,""top"":2752,""bottom"":4800},""time"":1729913805783},{""box"":{""left"":2245,""right"":2822,""top"":2752,""bottom"":4800},""time"":1729913805858},{""box"":{""left"":2245,""right"":2822,""top"":2752,""bottom"":4800},""time"":1729913805906},{""box"":{""left"":2245,""right"":2822,""top"":2752,""bottom"":4800},""time"":1729913805970},{""box"":{""left"":2245,""right"":2822,""top"":2752,""bottom"":4800},""time"":1729913806047},{""box"":{""left"":2245,""right"":2822,""top"":2752,""bottom"":4800},""time"":1729913806079},{""box"":{""left"":2245,""right"":2822,""top"":2752,""bottom"":4800},""time"":1729913806123},{""box"":{""left"":2245,""right"":2822,""top"":2752,""bottom"":4800},""time"":1729913806155},{""box"":{""left"":2245,""right"":2822,""top"":2752,""bottom"":4800},""time"":1729913806243},{""box"":{""left"":2245,""right"":2822,""top"":2752,""bottom"":4800},""time"":1729913806323},{""box"":{""left"":2245,""right"":2822,""top"":2752,""bottom"":4800},""time"":1729913806371},{""box"":{""left"":2245,""right"":2822,""top"":2752,""bottom"":4800},""time"":1729913806404},{""box"":{""left"":2245,""right"":2822,""top"":2752,""bottom"":4800},""time"":1729913806422},{""box"":{""left"":2245,""right"":2822,""top"":2752,""bottom"":4800},""time"":1729913806455},{""box"":{""left"":2245,""right"":2822,""top"":2752,""bottom"":4800},""time"":1729913806473},{""box"":{""left"":2245,""right"":2822,""top"":2752,""bottom"":4800},""time"":1729913806508},{""box"":{""left"":2245,""right"":2822,""top"":2752,""bottom"":4800},""time"":1729913806563},{""box"":{""left"":2245,""right"":2822,""top"":2752,""bottom"":4800},""time"":1729913806596},{""box"":{""left"":2245,""right"":2822,""top"":2752,""bottom"":4800},""time"":1729913806678},{""box"":{""left"":2245,""right"":2822,""top"":2752,""bottom"":4800},""time"":1729913806739},{""box"":{""left"":2245,""right"":2822,""top"":2752,""bottom"":4800},""time"":1729913806792},{""box"":{""left"":2245,""right"":2822,""top"":2752,""bottom"":4800},""time"":1729913806873},{""box"":{""left"":2245,""right"":2822,""top"":2752,""bottom"":4800},""time"":1729913807011},{""box"":{""left"":2245,""right"":2822,""top"":2752,""bottom"":4800},""time"":1729913807059},{""box"":{""left"":2245,""right"":2822,""top"":2752,""bottom"":4800},""time"":1729913807092},{""box"":{""left"":2245,""right"":2822,""top"":2752,""bottom"":4800},""time"":1729913807110},{""box"":{""left"":2245,""right"":2822,""top"":2752,""bottom"":4800},""time"":1729913807143},{""box"":{""left"":2245,""right"":2822,""top"":2752,""bottom"":4800},""time"":1729913807161},{""box"":{""left"":2245,""right"":2822,""top"":2752,""bottom"":4800},""time"":1729913807193},{""box"":{""left"":2245,""right"":2822,""top"":2752,""bottom"":4800},""time"":1729913807211},{""box"":{""left"":2245,""right"":2822,""top"":2752,""bottom"":4800},""time"":1729913807244},{""box"":{""left"":2245,""right"":2822,""top"":2752,""bottom"":4800},""time"":1729913807262},{""box"":{""left"":2245,""right"":2822,""top"":2752,""bottom"":4800},""time"":1729913807295},{""box"":{""left"":2245,""right"":2822,""top"":2752,""bottom"":4800},""time"":1729913807313},{""box"":{""left"":2245,""right"":2822,""top"":2752,""bottom"":4800},""time"":1729913807345},{""box"":{""left"":2245,""right"":2822,""top"":2752,""bottom"":4800},""time"":1729913807364},{""box"":{""left"":2245,""right"":2822,""top"":2752,""bottom"":4800},""time"":1729913807396},{""box"":{""left"":2245,""right"":2822,""top"":2752,""bottom"":4800},""time"":1729913807419},{""box"":{""left"":2245,""right"":2822,""top"":2752,""bottom"":4800},""time"":1729913807451},{""box"":{""left"":2245,""right"":2822,""top"":2752,""bottom"":4800},""time"":1729913807474},{""box"":{""left"":2245,""right"":2822,""top"":2752,""bottom"":4800},""time"":1729913807507},{""box"":{""left"":2245,""right"":2822,""top"":2752,""bottom"":4800},""time"":1729913807530},{""box"":{""left"":2245,""right"":2822,""top"":2752,""bottom"":4800},""time"":1729913807562},{""box"":{""left"":2245,""right"":2822,""top"":2752,""bottom"":4800},""time"":1729913807585},{""box"":{""left"":2245,""right"":2822,""top"":2752,""bottom"":4800},""time"":1729913807618},{""box"":{""left"":2245,""right"":2822,""top"":2752,""bottom"":4800},""time"":1729913807681},{""box"":{""left"":2245,""right"":2822,""top"":2752,""bottom"":4800},""time"":1729913807713},{""box"":{""left"":2245,""right"":2822,""top"":2752,""bottom"":4800},""time"":1729913807804},{""box"":{""left"":2245,""right"":2822,""top"":2752,""bottom"":4800},""time"":1729913807852},{""box"":{""left"":2245,""right"":2822,""top"":2752,""bottom"":4800},""time"":1729913807885},{""box"":{""left"":2245,""right"":2822,""top"":2752,""bottom"":4800},""time"":1729913807919},{""box"":{""left"":2245,""right"":2822,""top"":2752,""bottom"":4800},""time"":1729913807952},{""box"":{""left"":2245,""right"":2822,""top"":2752,""bottom"":4800},""time"":1729913808017},{""box"":{""left"":2245,""right"":2822,""top"":2752,""bottom"":4800},""time"":1729913808060},{""box"":{""left"":2245,""right"":2822,""top"":2752,""bottom"":4800},""time"":1729913808188},{""box"":{""left"":2245,""right"":2822,""top"":2752,""bottom"":4800},""time"":1729913808272},{""box"":{""left"":2245,""right"":2822,""top"":2752,""bottom"":4800},""time"":1729913808402},{""box"":{""left"":2245,""right"":2822,""top"":2752,""bottom"":4800},""time"":1729913808487},{""box"":{""left"":2245,""right"":2822,""top"":2752,""bottom"":4800},""time"":1729913808535},{""box"":{""left"":2245,""right"":2822,""top"":2752,""bottom"":4800},""time"":1729913808568},{""box"":{""left"":2245,""right"":2822,""top"":2752,""bottom"":4800},""time"":1729913808586},{""box"":{""left"":2245,""right"":2822,""top"":2752,""bottom"":4800},""time"":1729913808619},{""box"":{""left"":2245,""right"":2822,""top"":2752,""bottom"":4800},""time"":1729913808637},{""box"":{""left"":2245,""right"":2822,""top"":2752,""bottom"":4800},""time"":1729913808669},{""box"":{""left"":2245,""right"":2822,""top"":2752,""bottom"":4800},""time"":1729913808688},{""box"":{""left"":2245,""right"":2822,""top"":2752,""bottom"":4800},""time"":1729913808719},{""box"":{""left"":2245,""right"":2822,""top"":2752,""bottom"":4800},""time"":1729913808739},{""box"":{""left"":2245,""right"":2822,""top"":2752,""bottom"":4800},""time"":1729913808770},{""box"":{""left"":2245,""right"":2822,""top"":2752,""bottom"":4800},""time"":1729913808788},{""box"":{""left"":2245,""right"":2822,""top"":2752,""bottom"":4800},""time"":1729913808822},{""box"":{""left"":2245,""right"":2822,""top"":2752,""bottom"":4800},""time"":1729913808840},{""box"":{""left"":2245,""right"":2822,""top"":2752,""bottom"":4800},""time"":1729913808873},{""box"":{""left"":2245,""right"":2822,""top"":2752,""bottom"":4800},""time"":1729913808891},{""box"":{""left"":2245,""right"":2822,""top"":2752,""bottom"":4800},""time"":1729913808924},{""box"":{""left"":2245,""right"":2822,""top"":2752,""bottom"":4800},""time"":1729913808964},{""box"":{""left"":2245,""right"":2822,""top"":2752,""bottom"":4800},""time"":1729913808985},{""box"":{""left"":2245,""right"":2822,""top"":2752,""bottom"":4800},""time"":1729913809018},{""box"":{""left"":2245,""right"":2822,""top"":2752,""bottom"":4800},""time"":1729913809152},{""box"":{""left"":2245,""right"":2822,""top"":2752,""bottom"":4800},""time"":1729913809200},{""box"":{""left"":2245,""right"":2822,""top"":2752,""bottom"":4800},""time"":1729913809232},{""box"":{""left"":2245,""right"":2822,""top"":2752,""bottom"":4800},""time"":1729913809262},{""box"":{""left"":2245,""right"":2822,""top"":2752,""bottom"":4800},""time"":1729913809295},{""box"":{""left"":2245,""right"":2822,""top"":2752,""bottom"":4800},""time"":1729913809315},{""box"":{""left"":2245,""right"":2822,""top"":2752,""bottom"":4800},""time"":1729913809346},{""box"":{""left"":2245,""right"":2822,""top"":2752,""bottom"":4800},""time"":1729913809410},{""box"":{""left"":2245,""right"":2822,""top"":2752,""bottom"":4800},""time"":1729913809471},{""box"":{""left"":2245,""right"":2822,""top"":2752,""bottom"":4800},""time"":1729913809523},{""box"":{""left"":2245,""right"":2822,""top"":2752,""bottom"":4800},""time"":1729913809565},{""box"":{""left"":2245,""right"":2822,""top"":2752,""bottom"":4800},""time"":1729913809626},{""box"":{""left"":2245,""right"":2822,""top"":2752,""bottom"":4800},""time"":1729913809669},{""box"":{""left"":2245,""right"":2822,""top"":2752,""bottom"":4800},""time"":1729913809723},{""box"":{""left"":2245,""right"":2822,""top"":2752,""bottom"":4800},""time"":1729913809766},{""box"":{""left"":2245,""right"":2822,""top"":2752,""bottom"":4800},""time"":1729913809844},{""box"":{""left"":2245,""right"":2822,""top"":2752,""bottom"":4800},""time"":1729913809903},{""box"":{""left"":2245,""right"":2822,""top"":2752,""bottom"":4800},""time"":1729913809947},{""box"":{""left"":2245,""right"":2822,""top"":2752,""bottom"":4800},""time"":1729913810026},{""box"":{""left"":2245,""right"":2822,""top"":2752,""bottom"":4800},""time"":1729913810096},{""box"":{""left"":2245,""right"":2822,""top"":2752,""bottom"":4800},""time"":1729913810170},{""box"":{""left"":2245,""right"":2822,""top"":2752,""bottom"":4800},""time"":1729913810240},{""box"":{""left"":2245,""right"":2822,""top"":2752,""bottom"":4800},""time"":1729913810298},{""box"":{""left"":2245,""right"":2822,""top"":2752,""bottom"":4800},""time"":1729913810352},{""box"":{""left"":2245,""right"":2822,""top"":2752,""bottom"":4800},""time"":1729913810385},{""box"":{""left"":2245,""right"":2822,""top"":2752,""bottom"":4800},""time"":1729913810460},{""box"":{""left"":2245,""right"":2822,""top"":2752,""bottom"":4800},""time"":1729913810515},{""box"":{""left"":2245,""right"":2822,""top"":2752,""bottom"":4800},""time"":1729913810600},{""box"":{""left"":2245,""right"":2822,""top"":2752,""bottom"":4800},""time"":1729913810651},{""box"":{""left"":2245,""right"":2822,""top"":2752,""bottom"":4800},""time"":1729913810693},{""box"":{""left"":2245,""right"":2822,""top"":2752,""bottom"":4800},""time"":1729913810769},{""box"":{""left"":2245,""right"":2822,""top"":2752,""bottom"":4800},""time"":1729913810856},{""box"":{""left"":2245,""right"":2822,""top"":2752,""bottom"":4800},""time"":1729913810950},{""box"":{""left"":2245,""right"":2822,""top"":2752,""bottom"":4800},""time"":1729913811002},{""box"":{""left"":2245,""right"":2822,""top"":2752,""bottom"":4800},""time"":1729913811036},{""box"":{""left"":2245,""right"":2822,""top"":2752,""bottom"":4800},""time"":1729913811240},{""box"":{""left"":2245,""right"":2822,""top"":2752,""bottom"":4800},""time"":1729913811272},{""box"":{""left"":2245,""right"":2822,""top"":2752,""bottom"":4800},""time"":1729913811290},{""box"":{""left"":2245,""right"":2822,""top"":2752,""bottom"":4800},""time"":1729913811328},{""box"":{""left"":2245,""right"":2822,""top"":2752,""bottom"":4800},""time"":1729913811364},{""box"":{""left"":2245,""right"":2822,""top"":2752,""bottom"":4800},""time"":1729913811396},{""box"":{""left"":2245,""right"":2822,""top"":2752,""bottom"":4800},""time"":1729913811408},{""box"":{""left"":2245,""right"":2822,""top"":2752,""bottom"":4800},""time"":1729913811445},{""box"":{""left"":2245,""right"":2822,""top"":2752,""bottom"":4800},""time"":1729913811492},{""box"":{""left"":2245,""right"":2822,""top"":2752,""bottom"":4800},""time"":1729913811548},{""box"":{""left"":2245,""right"":2822,""top"":2752,""bottom"":4800},""time"":1729913811584},{""box"":{""left"":2245,""right"":2822,""top"":2752,""bottom"":4800},""time"":1729913811616},{""box"":{""left"":2245,""right"":2822,""top"":2752,""bottom"":4800},""time"":1729913811634},{""box"":{""left"":2245,""right"":2822,""top"":2752,""bottom"":4800},""time"":1729913811668},{""box"":{""left"":2245,""right"":2822,""top"":2752,""bottom"":4800},""time"":1729913811713},{""box"":{""left"":2245,""right"":2822,""top"":2752,""bottom"":4800},""time"":1729913811745},{""box"":{""left"":2245,""right"":2822,""top"":2752,""bottom"":4800},""time"":1729913811763},{""box"":{""left"":2245,""right"":2822,""top"":2752,""bottom"":4800},""time"":1729913811809},{""box"":{""left"":2245,""right"":2822,""top"":2752,""bottom"":4800},""time"":1729913811841},{""box"":{""left"":2245,""right"":2822,""top"":2752,""bottom"":4800},""time"":1729913811878},{""box"":{""left"":2245,""right"":2822,""top"":2752,""bottom"":4800},""time"":1729913811967},{""box"":{""left"":2245,""right"":2822,""top"":2752,""bottom"":4800},""time"":1729913812113},{""box"":{""left"":2245,""right"":2822,""top"":2752,""bottom"":4800},""time"":1729913812205},{""box"":{""left"":2245,""right"":2822,""top"":2752,""bottom"":4800},""time"":1729913812302},{""box"":{""left"":2245,""right"":2822,""top"":2752,""bottom"":4800},""time"":1729913812485},{""box"":{""left"":2245,""right"":2822,""top"":2752,""bottom"":4800},""time"":1729913812508},{""box"":{""left"":2245,""right"":2822,""top"":2752,""bottom"":4800},""time"":1729913812667},{""box"":{""left"":2245,""right"":2822,""top"":2752,""bottom"":4800},""time"":1729913812764},{""box"":{""left"":2245,""right"":2822,""top"":2752,""bottom"":4800},""time"":1729913812926},{""box"":{""left"":2245,""right"":2822,""top"":2752,""bottom"":4800},""time"":1729913812949},{""box"":{""left"":2245,""right"":2822,""top"":2752,""bottom"":4800},""time"":1729913812973},{""box"":{""left"":2245,""right"":2822,""top"":2752,""bottom"":4800},""time"":1729913812997},{""box"":{""left"":2245,""right"":2822,""top"":2752,""bottom"":4800},""time"":1729913813064},{""box"":{""left"":2245,""right"":2822,""top"":2752,""bottom"":4800},""time"":1729913813097},{""box"":{""left"":2245,""right"":2822,""top"":2752,""bottom"":4800},""time"":1729913813111},{""box"":{""left"":2245,""right"":2822,""top"":2752,""bottom"":4800},""time"":1729913813155},{""box"":{""left"":2245,""right"":2822,""top"":2752,""bottom"":4800},""time"":1729913813232},{""box"":{""left"":2245,""right"":2822,""top"":2752,""bottom"":4800},""time"":1729913813297},{""box"":{""left"":2245,""right"":2822,""top"":2752,""bottom"":4800},""time"":1729913813351},{""box"":{""left"":2245,""right"":2822,""top"":2752,""bottom"":4800},""time"":1729913813383},{""box"":{""left"":2245,""right"":2822,""top"":2752,""bottom"":4800},""time"":1729913813448},{""box"":{""left"":2245,""right"":2822,""top"":2752,""bottom"":4800},""time"":1729913813511},{""box"":{""left"":2245,""right"":2822,""top"":2752,""bottom"":4800},""time"":1729913813552},{""box"":{""left"":2245,""right"":2822,""top"":2752,""bottom"":4800},""time"":1729913813586},{""box"":{""left"":2245,""right"":2822,""top"":2752,""bottom"":4800},""time"":1729913813656},{""box"":{""left"":2245,""right"":2822,""top"":2752,""bottom"":4800},""time"":1729913813708},{""box"":{""left"":2245,""right"":2822,""top"":2752,""bottom"":4800},""time"":1729913813775},{""box"":{""left"":2245,""right"":2822,""top"":2752,""bottom"":4800},""time"":1729913813820},{""box"":{""left"":2245,""right"":2822,""top"":2752,""bottom"":4800},""time"":1729913813852},{""box"":{""left"":2245,""right"":2822,""top"":2752,""bottom"":4800},""time"":1729913813900},{""box"":{""left"":2245,""right"":2822,""top"":2752,""bottom"":4800},""time"":1729913813986},{""box"":{""left"":2245,""right"":2822,""top"":2752,""bottom"":4800},""time"":1729913814035},{""box"":{""left"":2245,""right"":2822,""top"":2752,""bottom"":4800},""time"":1729913814144},{""box"":{""left"":2245,""right"":2822,""top"":2752,""bottom"":4800},""time"":1729913814196},{""box"":{""left"":2245,""right"":2822,""top"":2752,""bottom"":4800},""time"":1729913814230},{""box"":{""left"":2245,""right"":2822,""top"":2752,""bottom"":4800},""time"":1729913814253},{""box"":{""left"":2245,""right"":2822,""top"":2752,""bottom"":4800},""time"":1729913814307},{""box"":{""left"":2245,""right"":2822,""top"":2752,""bottom"":4800},""time"":1729913814418},{""box"":{""left"":2245,""right"":2822,""top"":2752,""bottom"":4800},""time"":1729913814492},{""box"":{""left"":2245,""right"":2822,""top"":2752,""bottom"":4800},""time"":1729913814567},{""box"":{""left"":2245,""right"":2822,""top"":2752,""bottom"":4800},""time"":1729913814622},{""box"":{""left"":2245,""right"":2822,""top"":2752,""bottom"":4800},""time"":1729913814713},{""box"":{""left"":2245,""right"":2822,""top"":2752,""bottom"":4800},""time"":1729913814787},{""box"":{""left"":2245,""right"":2822,""top"":2752,""bottom"":4800},""time"":1729913814842},{""box"":{""left"":2245,""right"":2822,""top"":2752,""bottom"":4800},""time"":1729913814960},{""box"":{""left"":2245,""right"":2822,""top"":2752,""bottom"":4800},""time"":1729913815035},{""box"":{""left"":2245,""right"":2822,""top"":2752,""bottom"":4800},""time"":1729913815150},{""box"":{""left"":2245,""right"":2822,""top"":2752,""bottom"":4800},""time"":1729913815204},{""box"":{""left"":2245,""right"":2822,""top"":2752,""bottom"":4800},""time"":1729913815265},{""box"":{""left"":2245,""right"":2822,""top"":2752,""bottom"":4800},""time"":1729913815297},{""box"":{""left"":2245,""right"":2822,""top"":2752,""bottom"":4800},""time"":1729913815308},{""box"":{""left"":2245,""right"":2822,""top"":2752,""bottom"":4800},""time"":1729913815376},{""box"":{""left"":2245,""right"":2822,""top"":2752,""bottom"":4800},""time"":1729913815421},{""box"":{""left"":2245,""right"":2822,""top"":2752,""bottom"":4800},""time"":1729913815467},{""box"":{""left"":2245,""right"":2822,""top"":2752,""bottom"":4800},""time"":1729913815505},{""box"":{""left"":2245,""right"":2822,""top"":2752,""bottom"":4800},""time"":1729913815585},{""box"":{""left"":2245,""right"":2822,""top"":2752,""bottom"":4800},""time"":1729913815666},{""box"":{""left"":2245,""right"":2822,""top"":2752,""bottom"":4800},""time"":1729913815755},{""box"":{""left"":2245,""right"":2822,""top"":2752,""bottom"":4800},""time"":1729913815815},{""box"":{""left"":2245,""right"":2822,""top"":2752,""bottom"":4800},""time"":1729913815869},{""box"":{""left"":2245,""right"":2822,""top"":2752,""bottom"":4800},""time"":1729913815925},{""box"":{""left"":2245,""right"":2822,""top"":2752,""bottom"":4800},""time"":1729913815968},{""box"":{""left"":2245,""right"":2822,""top"":2752,""bottom"":4800},""time"":1729913816070},{""box"":{""left"":2245,""right"":2822,""top"":2752,""bottom"":4800},""time"":1729913816135},{""box"":{""left"":2245,""right"":2822,""top"":2752,""bottom"":4800},""time"":1729913816221},{""box"":{""left"":2245,""right"":2822,""top"":2752,""bottom"":4800},""time"":1729913816275},{""box"":{""left"":2245,""right"":2822,""top"":2752,""bottom"":4800},""time"":1729913816307},{""box"":{""left"":2245,""right"":2822,""top"":2752,""bottom"":4800},""time"":1729913816348},{""box"":{""left"":2245,""right"":2822,""top"":2752,""bottom"":4800},""time"":1729913816365},{""box"":{""left"":2245,""right"":2822,""top"":2752,""bottom"":4800},""time"":1729913816397},{""box"":{""left"":2245,""right"":2822,""top"":2752,""bottom"":4800},""time"":1729913816440},{""box"":{""left"":2245,""right"":2822,""top"":2752,""bottom"":4800},""time"":1729913816515},{""box"":{""left"":2245,""right"":2822,""top"":2752,""bottom"":4800},""time"":1729913816560},{""box"":{""left"":2245,""right"":2822,""top"":2752,""bottom"":4800},""time"":1729913816646},{""box"":{""left"":2245,""right"":2822,""top"":2752,""bottom"":4800},""time"":1729913816752},{""box"":{""left"":2245,""right"":2822,""top"":2752,""bottom"":4800},""time"":1729913816840},{""box"":{""left"":2245,""right"":2822,""top"":2752,""bottom"":4800},""time"":1729913816882},{""box"":{""left"":2245,""right"":2822,""top"":2752,""bottom"":4800},""time"":1729913816946},{""box"":{""left"":2245,""right"":2822,""top"":2752,""bottom"":4800},""time"":1729913817055},{""box"":{""left"":2245,""right"":2822,""top"":2752,""bottom"":4800},""time"":1729913817123},{""box"":{""left"":2245,""right"":2822,""top"":2752,""bottom"":4800},""time"":1729913817232},{""box"":{""left"":2245,""right"":2822,""top"":2752,""bottom"":4800},""time"":1729913817300},{""box"":{""left"":2245,""right"":2822,""top"":2752,""bottom"":4800},""time"":1729913817343},{""box"":{""left"":2245,""right"":2822,""top"":2752,""bottom"":4800},""time"":1729913817431},{""box"":{""left"":2245,""right"":2822,""top"":2752,""bottom"":4800},""time"":1729913817506},{""box"":{""left"":2245,""right"":2822,""top"":2752,""bottom"":4800},""time"":1729913817549},{""box"":{""left"":2245,""right"":2822,""top"":2752,""bottom"":4800},""time"":1729913817725},{""box"":{""left"":2245,""right"":2822,""top"":2752,""bottom"":4800},""time"":1729913817760},{""box"":{""left"":2245,""right"":2822,""top"":2752,""bottom"":4800},""time"":1729913817939},{""box"":{""left"":2245,""right"":2822,""top"":2752,""bottom"":4800},""time"":1729913818014},{""box"":{""left"":2245,""right"":2822,""top"":2752,""bottom"":4800},""time"":1729913818057},{""box"":{""left"":2245,""right"":2822,""top"":2752,""bottom"":4800},""time"":1729913818154},{""box"":{""left"":2245,""right"":2822,""top"":2752,""bottom"":4800},""time"":1729913818229},{""box"":{""left"":2245,""right"":2822,""top"":2752,""bottom"":4800},""time"":1729913818273},{""box"":{""left"":2245,""right"":2822,""top"":2752,""bottom"":4800},""time"":1729913818382},{""box"":{""left"":2245,""right"":2822,""top"":2752,""bottom"":4800},""time"":1729913818512},{""box"":{""left"":2245,""right"":2822,""top"":2752,""bottom"":4800},""time"":1729913818630},{""box"":{""left"":2245,""right"":2822,""top"":2752,""bottom"":4800},""time"":1729913818695},{""box"":{""left"":2245,""right"":2822,""top"":2752,""bottom"":4800},""time"":1729913818727},{""box"":{""left"":2245,""right"":2822,""top"":2752,""bottom"":4800},""time"":1729913818783},{""box"":{""left"":2245,""right"":2822,""top"":2752,""bottom"":4800},""time"":1729913818826},{""box"":{""left"":2245,""right"":2822,""top"":2752,""bottom"":4800},""time"":1729913818880},{""box"":{""left"":2245,""right"":2822,""top"":2752,""bottom"":4800},""time"":1729913818934},{""box"":{""left"":2245,""right"":2822,""top"":2752,""bottom"":4800},""time"":1729913818988},{""box"":{""left"":2245,""right"":2822,""top"":2752,""bottom"":4800},""time"":1729913819042},{""box"":{""left"":2245,""right"":2822,""top"":2752,""bottom"":4800},""time"":1729913819118},{""box"":{""left"":2245,""right"":2822,""top"":2752,""bottom"":4800},""time"":1729913819162},{""box"":{""left"":2245,""right"":2822,""top"":2752,""bottom"":4800},""time"":1729913819194},{""box"":{""left"":2245,""right"":2822,""top"":2752,""bottom"":4800},""time"":1729913819240},{""box"":{""left"":2245,""right"":2822,""top"":2752,""bottom"":4800},""time"":1729913819290},{""box"":{""left"":2245,""right"":2822,""top"":2752,""bottom"":4800},""time"":1729913819323},{""box"":{""left"":2245,""right"":2822,""top"":2752,""bottom"":4800},""time"":1729913819401},{""box"":{""left"":2245,""right"":2822,""top"":2752,""bottom"":4800},""time"":1729913819481},{""box"":{""left"":2245,""right"":2822,""top"":2752,""bottom"":4800},""time"":1729913819621},{""box"":{""left"":2245,""right"":2822,""top"":2752,""bottom"":4800},""time"":1729913819686},{""box"":{""left"":2245,""right"":2822,""top"":2752,""bottom"":4800},""time"":1729913819749},{""box"":{""left"":2245,""right"":2822,""top"":2752,""bottom"":4800},""time"":1729913819826},{""box"":{""left"":2245,""right"":2822,""top"":2752,""bottom"":4800},""time"":1729913819904},{""box"":{""left"":2245,""right"":2822,""top"":2752,""bottom"":4800},""time"":1729913819946},{""box"":{""left"":2245,""right"":2822,""top"":2752,""bottom"":4800},""time"":1729913820011},{""box"":{""left"":2245,""right"":2822,""top"":2752,""bottom"":4800},""time"":1729913820105},{""box"":{""left"":2245,""right"":2822,""top"":2752,""bottom"":4800},""time"":1729913820148},{""box"":{""left"":2245,""right"":2822,""top"":2752,""bottom"":4800},""time"":1729913820202},{""box"":{""left"":2245,""right"":2822,""top"":2752,""bottom"":4800},""time"":1729913820268},{""box"":{""left"":2245,""right"":2822,""top"":2752,""bottom"":4800},""time"":1729913820311},{""box"":{""left"":2245,""right"":2822,""top"":2752,""bottom"":4800},""time"":1729913820356},{""box"":{""left"":2245,""right"":2822,""top"":2752,""bottom"":4800},""time"":1729913820402},{""box"":{""left"":2245,""right"":2822,""top"":2752,""bottom"":4800},""time"":1729913820469},{""box"":{""left"":2245,""right"":2822,""top"":2752,""bottom"":4800},""time"":1729913820525},{""box"":{""left"":2245,""right"":2822,""top"":2752,""bottom"":4800},""time"":1729913820611},{""box"":{""left"":2245,""right"":2822,""top"":2752,""bottom"":4800},""time"":1729913820663},{""box"":{""left"":2245,""right"":2822,""top"":2752,""bottom"":4800},""time"":1729913820708},{""box"":{""left"":2245,""right"":2822,""top"":2752,""bottom"":4800},""time"":1729913820754},{""box"":{""left"":2245,""right"":2822,""top"":2752,""bottom"":4800},""time"":1729913820799},{""box"":{""left"":2245,""right"":2822,""top"":2752,""bottom"":4800},""time"":1729913820844},{""box"":{""left"":2245,""right"":2822,""top"":2752,""bottom"":4800},""time"":1729913820889},{""box"":{""left"":2245,""right"":2822,""top"":2752,""bottom"":4800},""time"":1729913820934},{""box"":{""left"":2245,""right"":2822,""top"":2752,""bottom"":4800},""time"":1729913821044},{""box"":{""left"":2245,""right"":2822,""top"":2752,""bottom"":4800},""time"":1729913821159},{""box"":{""left"":2245,""right"":2822,""top"":2752,""bottom"":4800},""time"":1729913821273},{""box"":{""left"":2245,""right"":2822,""top"":2752,""bottom"":4800},""time"":1729913821339},{""box"":{""left"":2245,""right"":2822,""top"":2752,""bottom"":4800},""time"":1729913821428},{""box"":{""left"":2245,""right"":2822,""top"":2752,""bottom"":4800},""time"":1729913821504},{""box"":{""left"":2245,""right"":2822,""top"":2752,""bottom"":4800},""time"":1729913821547},{""box"":{""left"":2245,""right"":2822,""top"":2752,""bottom"":4800},""time"":1729913821636},{""box"":{""left"":2245,""right"":2822,""top"":2752,""bottom"":4800},""time"":1729913821734},{""box"":{""left"":2245,""right"":2822,""top"":2752,""bottom"":4800},""time"":1729913821779},{""box"":{""left"":2245,""right"":2822,""top"":2752,""bottom"":4800},""time"":1729913821811},{""box"":{""left"":2245,""right"":2822,""top"":2752,""bottom"":4800},""time"":1729913821862},{""box"":{""left"":2245,""right"":2822,""top"":2752,""bottom"":4800},""time"":1729913821915},{""box"":{""left"":2245,""right"":2822,""top"":2752,""bottom"":4800},""time"":1729913821968},{""box"":{""left"":2245,""right"":2822,""top"":2752,""bottom"":4800},""time"":1729913822054},{""box"":{""left"":2245,""right"":2822,""top"":2752,""bottom"":4800},""time"":1729913822102},{""box"":{""left"":2245,""right"":2822,""top"":2752,""bottom"":4800},""time"":1729913822200},{""box"":{""left"":2245,""right"":2822,""top"":2752,""bottom"":4800},""time"":1729913822268},{""box"":{""left"":2245,""right"":2822,""top"":2752,""bottom"":4800},""time"":1729913822358},{""box"":{""left"":2245,""right"":2822,""top"":2752,""bottom"":4800},""time"":1729913822446},{""box"":{""left"":2245,""right"":2822,""top"":2752,""bottom"":4800},""time"":1729913822543},{""box"":{""left"":2245,""right"":2822,""top"":2752,""bottom"":4800},""time"":1729913822629},{""box"":{""left"":2245,""right"":2822,""top"":2752,""bottom"":4800},""time"":1729913822680},{""box"":{""left"":2245,""right"":2822,""top"":2752,""bottom"":4800},""time"":1729913822732},{""box"":{""left"":2245,""right"":2822,""top"":2752,""bottom"":4800},""time"":1729913822839},{""box"":{""left"":2245,""right"":2822,""top"":2752,""bottom"":4800},""time"":1729913823014},{""box"":{""left"":2245,""right"":2822,""top"":2752,""bottom"":4800},""time"":1729913823070},{""box"":{""left"":2245,""right"":2822,""top"":2752,""bottom"":4800},""time"":1729913823145},{""box"":{""left"":2245,""right"":2822,""top"":2752,""bottom"":4800},""time"":1729913823178},{""box"":{""left"":2245,""right"":2822,""top"":2752,""bottom"":4800},""time"":1729913823267},{""box"":{""left"":2245,""right"":2822,""top"":2752,""bottom"":4800},""time"":1729913823330},{""box"":{""left"":2245,""right"":2822,""top"":2752,""bottom"":4800},""time"":1729913823364},{""box"":{""left"":2245,""right"":2822,""top"":2752,""bottom"":4800},""time"":1729913823461},{""box"":{""left"":2245,""right"":2822,""top"":2752,""bottom"":4800},""time"":1729913823539},{""box"":{""left"":2245,""right"":2822,""top"":2752,""bottom"":4800},""time"":1729913823604},{""box"":{""left"":2245,""right"":2822,""top"":2752,""bottom"":4800},""time"":1729913823661},{""box"":{""left"":2245,""right"":2822,""top"":2752,""bottom"":4800},""time"":1729913823717},{""box"":{""left"":2245,""right"":2822,""top"":2752,""bottom"":4800},""time"":1729913823774},{""box"":{""left"":2245,""right"":2822,""top"":2752,""bottom"":4800},""time"":1729913823829},{""box"":{""left"":2245,""right"":2822,""top"":2752,""bottom"":4800},""time"":1729913823885},{""box"":{""left"":2245,""right"":2822,""top"":2752,""bottom"":4800},""time"":1729913824009},{""box"":{""left"":2245,""right"":2822,""top"":2752,""bottom"":4800},""time"":1729913824076},{""box"":{""left"":2245,""right"":2822,""top"":2752,""bottom"":4800},""time"":1729913824129},{""box"":{""left"":2245,""right"":2822,""top"":2752,""bottom"":4800},""time"":1729913824200},{""box"":{""left"":2245,""right"":2822,""top"":2752,""bottom"":4800},""time"":1729913824243},{""box"":{""left"":2245,""right"":2822,""top"":2752,""bottom"":4800},""time"":1729913824316},{""box"":{""left"":2245,""right"":2822,""top"":2752,""bottom"":4800},""time"":1729913824379},{""box"":{""left"":2245,""right"":2822,""top"":2752,""bottom"":4800},""time"":1729913824465},{""box"":{""left"":2245,""right"":2822,""top"":2752,""bottom"":4800},""time"":1729913824520},{""box"":{""left"":2245,""right"":2822,""top"":2752,""bottom"":4800},""time"":1729913824591},{""box"":{""left"":2245,""right"":2822,""top"":2752,""bottom"":4800},""time"":1729913824681},{""box"":{""left"":2245,""right"":2822,""top"":2752,""bottom"":4800},""time"":1729913824773},{""box"":{""left"":2245,""right"":2822,""top"":2752,""bottom"":4800},""time"":1729913824869},{""box"":{""left"":2245,""right"":2822,""top"":2752,""bottom"":4800},""time"":1729913824902},{""box"":{""left"":2245,""right"":2822,""top"":2752,""bottom"":4800},""time"":1729913825213},{""box"":{""left"":2245,""right"":2822,""top"":2752,""bottom"":4800},""time"":1729913825285},{""box"":{""left"":2245,""right"":2822,""top"":2752,""bottom"":4800},""time"":1729913825415},{""box"":{""left"":2245,""right"":2822,""top"":2752,""bottom"":4800},""time"":1729913825535},{""box"":{""left"":2245,""right"":2822,""top"":2752,""bottom"":4800},""time"":1729913825645},{""box"":{""left"":2245,""right"":2822,""top"":2752,""bottom"":4800},""time"":1729913825732},{""box"":{""left"":2245,""right"":2822,""top"":2752,""bottom"":4800},""time"":1729913825786},{""box"":{""left"":2245,""right"":2822,""top"":2752,""bottom"":4800},""time"":1729913825878},{""box"":{""left"":2245,""right"":2822,""top"":2752,""bottom"":4800},""time"":1729913825964},{""box"":{""left"":2245,""right"":2822,""top"":2752,""bottom"":4800},""time"":1729913826019},{""box"":{""left"":2245,""right"":2822,""top"":2752,""bottom"":4800},""time"":1729913826116},{""box"":{""left"":2245,""right"":2822,""top"":2752,""bottom"":4800},""time"":1729913826169},{""box"":{""left"":2245,""right"":2822,""top"":2752,""bottom"":4800},""time"":1729913826220},{""box"":{""left"":2245,""right"":2822,""top"":2752,""bottom"":4800},""time"":1729913826435},{""box"":{""left"":2245,""right"":2822,""top"":2752,""bottom"":4800},""time"":1729913826564},{""box"":{""left"":2245,""right"":2822,""top"":2752,""bottom"":4800},""time"":1729913826905},{""box"":{""left"":2245,""right"":2822,""top"":2752,""bottom"":4800},""time"":1729913827123},{""box"":{""left"":2245,""right"":2822,""top"":2752,""bottom"":4800},""time"":1729913827177},{""box"":{""left"":2245,""right"":2822,""top"":2752,""bottom"":4800},""time"":1729913827244},{""box"":{""left"":2245,""right"":2822,""top"":2752,""bottom"":4800},""time"":1729913827345},{""box"":{""left"":2245,""right"":2822,""top"":2752,""bottom"":4800},""time"":1729913827469},{""box"":{""left"":2245,""right"":2822,""top"":2752,""bottom"":4800},""time"":1729913827571},{""box"":{""left"":2245,""right"":2822,""top"":2752,""bottom"":4800},""time"":1729913827658},{""box"":{""left"":2245,""right"":2822,""top"":2752,""bottom"":4800},""time"":1729913827811},{""box"":{""left"":2245,""right"":2822,""top"":2752,""bottom"":4800},""time"":1729913827887},{""box"":{""left"":2245,""right"":2822,""top"":2752,""bottom"":4800},""time"":1729913827954},{""box"":{""left"":2245,""right"":2822,""top"":2752,""bottom"":4800},""time"":1729913828064},{""box"":{""left"":2245,""right"":2822,""top"":2752,""bottom"":4800},""time"":1729913828130},{""box"":{""left"":2245,""right"":2822,""top"":2752,""bottom"":4800},""time"":1729913828163},{""box"":{""left"":2245,""right"":2822,""top"":2752,""bottom"":4800},""time"":1729913828224},{""box"":{""left"":2245,""right"":2822,""top"":2752,""bottom"":4800},""time"":1729913828334},{""box"":{""left"":2245,""right"":2822,""top"":2752,""bottom"":4800},""time"":1729913828369},{""box"":{""left"":2245,""right"":2822,""top"":2752,""bottom"":4800},""time"":1729913828433},{""box"":{""left"":2245,""right"":2822,""top"":2752,""bottom"":4800},""time"":1729913828486},{""box"":{""left"":2245,""right"":2822,""top"":2752,""bottom"":4800},""time"":1729913828541},{""box"":{""left"":2245,""right"":2822,""top"":2752,""bottom"":4800},""time"":1729913828596},{""box"":{""left"":2245,""right"":2822,""top"":2752,""bottom"":4800},""time"":1729913828640},{""box"":{""left"":2245,""right"":2822,""top"":2752,""bottom"":4800},""time"":1729913828703},{""box"":{""left"":2245,""right"":2822,""top"":2752,""bottom"":4800},""time"":1729913828782},{""box"":{""left"":2245,""right"":2822,""top"":2752,""bottom"":4800},""time"":1729913828846},{""box"":{""left"":2245,""right"":2822,""top"":2752,""bottom"":4800},""time"":1729913828903},{""box"":{""left"":2245,""right"":2822,""top"":2752,""bottom"":4800},""time"":1729913828950},{""box"":{""left"":2245,""right"":2822,""top"":2752,""bottom"":4800},""time"":1729913829025},{""box"":{""left"":2245,""right"":2822,""top"":2752,""bottom"":4800},""time"":1729913829058},{""box"":{""left"":2245,""right"":2822,""top"":2752,""bottom"":4800},""time"":1729913829103},{""box"":{""left"":2245,""right"":2822,""top"":2752,""bottom"":4800},""time"":1729913829147},{""box"":{""left"":2245,""right"":2822,""top"":2752,""bottom"":4800},""time"":1729913829245},{""box"":{""left"":2245,""right"":2822,""top"":2752,""bottom"":4800},""time"":1729913829274},{""box"":{""left"":2245,""right"":2822,""top"":2752,""bottom"":4800},""time"":1729913829306},{""box"":{""left"":2245,""right"":2822,""top"":2752,""bottom"":4800},""time"":1729913829378},{""box"":{""left"":2245,""right"":2822,""top"":2752,""bottom"":4800},""time"":1729913829423},{""box"":{""left"":2245,""right"":2822,""top"":2752,""bottom"":4800},""time"":1729913829487},{""box"":{""left"":2245,""right"":2822,""top"":2752,""bottom"":4800},""time"":1729913829521},{""box"":{""left"":2245,""right"":2822,""top"":2752,""bottom"":4800},""time"":1729913829584},{""box"":{""left"":2245,""right"":2822,""top"":2752,""bottom"":4800},""time"":1729913829689},{""box"":{""left"":2245,""right"":2822,""top"":2752,""bottom"":4800},""time"":1729913829754},{""box"":{""left"":2245,""right"":2822,""top"":2752,""bottom"":4800},""time"":1729913829804},{""box"":{""left"":2245,""right"":2822,""top"":2752,""bottom"":4800},""time"":1729913829849},{""box"":{""left"":2245,""right"":2822,""top"":2752,""bottom"":4800},""time"":1729913829935},{""box"":{""left"":2245,""right"":2822,""top"":2752,""bottom"":4800},""time"":1729913829981},{""box"":{""left"":2245,""right"":2822,""top"":2752,""bottom"":4800},""time"":1729913830085},{""box"":{""left"":2245,""right"":2822,""top"":2752,""bottom"":4800},""time"":1729913830157},{""box"":{""left"":2245,""right"":2822,""top"":2752,""bottom"":4800},""time"":1729913830190},{""box"":{""left"":2245,""right"":2822,""top"":2752,""bottom"":4800},""time"":1729913830257},{""box"":{""left"":2245,""right"":2822,""top"":2752,""bottom"":4800},""time"":1729913830340},{""box"":{""left"":2245,""right"":2822,""top"":2752,""bottom"":4800},""time"":1729913830423},{""box"":{""left"":2245,""right"":2822,""top"":2752,""bottom"":4800},""time"":1729913830474},{""box"":{""left"":2245,""right"":2822,""top"":2752,""bottom"":4800},""time"":1729913830527},{""box"":{""left"":2245,""right"":2822,""top"":2752,""bottom"":4800},""time"":1729913830578},{""box"":{""left"":2245,""right"":2822,""top"":2752,""bottom"":4800},""time"":1729913830634},{""box"":{""left"":2245,""right"":2822,""top"":2752,""bottom"":4800},""time"":1729913830678},{""box"":{""left"":2245,""right"":2822,""top"":2752,""bottom"":4800},""time"":1729913830731},{""box"":{""left"":2245,""right"":2822,""top"":2752,""bottom"":4800},""time"":1729913830886},{""box"":{""left"":2245,""right"":2822,""top"":2752,""bottom"":4800},""time"":1729913830976},{""box"":{""left"":2245,""right"":2822,""top"":2752,""bottom"":4800},""time"":1729913831085},{""box"":{""left"":2245,""right"":2822,""top"":2752,""bottom"":4800},""time"":1729913831150},{""box"":{""left"":2245,""right"":2822,""top"":2752,""bottom"":4800},""time"":1729913831195},{""box"":{""left"":2245,""right"":2822,""top"":2752,""bottom"":4800},""time"":1729913831297},{""box"":{""left"":2245,""right"":2822,""top"":2752,""bottom"":4800},""time"":1729913831357},{""box"":{""left"":2245,""right"":2822,""top"":2752,""bottom"":4800},""time"":1729913831390},{""box"":{""left"":2245,""right"":2822,""top"":2752,""bottom"":4800},""time"":1729913831456},{""box"":{""left"":2245,""right"":2822,""top"":2752,""bottom"":4800},""time"":1729913831570},{""box"":{""left"":2245,""right"":2822,""top"":2752,""bottom"":4800},""time"":1729913831650},{""box"":{""left"":2245,""right"":2822,""top"":2752,""bottom"":4800},""time"":1729913831683},{""box"":{""left"":2245,""right"":2822,""top"":2752,""bottom"":4800},""time"":1729913831739},{""box"":{""left"":2245,""right"":2822,""top"":2752,""bottom"":4800},""time"":1729913831783},{""box"":{""left"":2245,""right"":2822,""top"":2752,""bottom"":4800},""time"":1729913831825},{""box"":{""left"":2245,""right"":2822,""top"":2752,""bottom"":4800},""time"":1729913831870},{""box"":{""left"":2245,""right"":2822,""top"":2752,""bottom"":4800},""time"":1729913831928},{""box"":{""left"":2245,""right"":2822,""top"":2752,""bottom"":4800},""time"":1729913832032},{""box"":{""left"":2245,""right"":2822,""top"":2752,""bottom"":4800},""time"":1729913832178},{""box"":{""left"":2245,""right"":2822,""top"":2752,""bottom"":4800},""time"":1729913832251},{""box"":{""left"":2245,""right"":2822,""top"":2752,""bottom"":4800},""time"":1729913832348},{""box"":{""left"":2245,""right"":2822,""top"":2752,""bottom"":4800},""time"":1729913832420},{""box"":{""left"":2245,""right"":2822,""top"":2752,""bottom"":4800},""time"":1729913832474},{""box"":{""left"":2245,""right"":2822,""top"":2752,""bottom"":4800},""time"":1729913832578},{""box"":{""left"":2245,""right"":2822,""top"":2752,""bottom"":4800},""time"":1729913832647},{""box"":{""left"":2245,""right"":2822,""top"":2752,""bottom"":4800},""time"":1729913832691},{""box"":{""left"":2245,""right"":2822,""top"":2752,""bottom"":4800},""time"":1729913832734},{""box"":{""left"":2245,""right"":2822,""top"":2752,""bottom"":4800},""time"":1729913832804},{""box"":{""left"":2245,""right"":2822,""top"":2752,""bottom"":4800},""time"":1729913832861},{""box"":{""left"":2245,""right"":2822,""top"":2752,""bottom"":4800},""time"":1729913832925},{""box"":{""left"":2245,""right"":2822,""top"":2752,""bottom"":4800},""time"":1729913832959},{""box"":{""left"":2245,""right"":2822,""top"":2752,""bottom"":4800},""time"":1729913833046},{""box"":{""left"":2245,""right"":2822,""top"":2752,""bottom"":4800},""time"":1729913833123},{""box"":{""left"":2245,""right"":2822,""top"":2752,""bottom"":4800},""time"":1729913833170},{""box"":{""left"":2245,""right"":2822,""top"":2752,""bottom"":4800},""time"":1729913833215},{""box"":{""left"":2245,""right"":2822,""top"":2752,""bottom"":4800},""time"":1729913833303},{""box"":{""left"":2245,""right"":2822,""top"":2752,""bottom"":4800},""time"":1729913833420},{""box"":{""left"":2245,""right"":2822,""top"":2752,""bottom"":4800},""time"":1729913833488},{""box"":{""left"":2245,""right"":2822,""top"":2752,""bottom"":4800},""time"":1729913833520},{""box"":{""left"":2245,""right"":2822,""top"":2752,""bottom"":4800},""time"":1729913833591},{""box"":{""left"":2245,""right"":2822,""top"":2752,""bottom"":4800},""time"":1729913833645},{""box"":{""left"":2245,""right"":2822,""top"":2752,""bottom"":4800},""time"":1729913833679},{""box"":{""left"":2245,""right"":2822,""top"":2752,""bottom"":4800},""time"":1729913833708},{""box"":{""left"":2245,""right"":2822,""top"":2752,""bottom"":4800},""time"":1729913833751},{""box"":{""left"":2245,""right"":2822,""top"":2752,""bottom"":4800},""time"":1729913833781},{""box"":{""left"":2245,""right"":2822,""top"":2752,""bottom"":4800},""time"":1729913833814},{""box"":{""left"":2245,""right"":2822,""top"":2752,""bottom"":4800},""time"":1729913833891},{""box"":{""left"":2245,""right"":2822,""top"":2752,""bottom"":4800},""time"":1729913833989},{""box"":{""left"":2245,""right"":2822,""top"":2752,""bottom"":4800},""time"":1729913834121},{""box"":{""left"":2245,""right"":2822,""top"":2752,""bottom"":4800},""time"":1729913834220},{""box"":{""left"":2245,""right"":2822,""top"":2752,""bottom"":4800},""time"":1729913834308},{""box"":{""left"":2245,""right"":2822,""top"":2752,""bottom"":4800},""time"":1729913834407},{""box"":{""left"":2245,""right"":2822,""top"":2752,""bottom"":4800},""time"":1729913834505},{""box"":{""left"":2245,""right"":2822,""top"":2752,""bottom"":4800},""time"":1729913834604},{""box"":{""left"":2245,""right"":2822,""top"":2752,""bottom"":4800},""time"":1729913834702},{""box"":{""left"":2245,""right"":2822,""top"":2752,""bottom"":4800},""time"":1729913834801},{""box"":{""left"":2245,""right"":2822,""top"":2752,""bottom"":4800},""time"":1729913834864},{""box"":{""left"":2245,""right"":2822,""top"":2752,""bottom"":4800},""time"":1729913834917},{""box"":{""left"":2245,""right"":2822,""top"":2752,""bottom"":4800},""time"":1729913834949},{""box"":{""left"":2245,""right"":2822,""top"":2752,""bottom"":4800},""time"":1729913834980},{""box"":{""left"":2245,""right"":2822,""top"":2752,""bottom"":4800},""time"":1729913835015},{""box"":{""left"":2245,""right"":2822,""top"":2752,""bottom"":4800},""time"":1729913835094},{""box"":{""left"":2245,""right"":2822,""top"":2752,""bottom"":4800},""time"":1729913835147},{""box"":{""left"":2245,""right"":2822,""top"":2752,""bottom"":4800},""time"":1729913835225},{""box"":{""left"":2245,""right"":2822,""top"":2752,""bottom"":4800},""time"":1729913835305},{""box"":{""left"":2245,""right"":2822,""top"":2752,""bottom"":4800},""time"":1729913835394},{""box"":{""left"":2245,""right"":2822,""top"":2752,""bottom"":4800},""time"":1729913835473},{""box"":{""left"":2245,""right"":2822,""top"":2752,""bottom"":4800},""time"":1729913835543},{""box"":{""left"":2245,""right"":2822,""top"":2752,""bottom"":4800},""time"":1729913835623},{""box"":{""left"":2245,""right"":2822,""top"":2752,""bottom"":4800},""time"":1729913835733},{""box"":{""left"":2245,""right"":2822,""top"":2752,""bottom"":4800},""time"":1729913835784},{""box"":{""left"":2245,""right"":2822,""top"":2752,""bottom"":4800},""time"":1729913835861},{""box"":{""left"":2245,""right"":2822,""top"":2752,""bottom"":4800},""time"":1729913835927},{""box"":{""left"":2245,""right"":2822,""top"":2752,""bottom"":4800},""time"":1729913836319},{""box"":{""left"":2245,""right"":2822,""top"":2752,""bottom"":4800},""time"":1729913836391},{""box"":{""left"":2245,""right"":2822,""top"":2752,""bottom"":4800},""time"":1729913836505},{""box"":{""left"":2245,""right"":2822,""top"":2752,""bottom"":4800},""time"":1729913836571},{""box"":{""left"":2245,""right"":2822,""top"":2752,""bottom"":4800},""time"":1729913836636},{""box"":{""left"":2245,""right"":2822,""top"":2752,""bottom"":4800},""time"":1729913836724},{""box"":{""left"":2245,""right"":2822,""top"":2752,""bottom"":4800},""time"":1729913836834},{""box"":{""left"":2245,""right"":2822,""top"":2752,""bottom"":4800},""time"":1729913836890},{""box"":{""left"":2245,""right"":2822,""top"":2752,""bottom"":4800},""time"":1729913836933},{""box"":{""left"":2245,""right"":2822,""top"":2752,""bottom"":4800},""time"":1729913836988},{""box"":{""left"":2245,""right"":2822,""top"":2752,""bottom"":4800},""time"":1729913837089},{""box"":{""left"":2245,""right"":2822,""top"":2752,""bottom"":4800},""time"":1729913837188},{""box"":{""left"":2245,""right"":2822,""top"":2752,""bottom"":4800},""time"":1729913837242},{""box"":{""left"":2245,""right"":2822,""top"":2752,""bottom"":4800},""time"":1729913837298},{""box"":{""left"":2245,""right"":2822,""top"":2752,""bottom"":4800},""time"":1729913837389},{""box"":{""left"":2245,""right"":2822,""top"":2752,""bottom"":4800},""time"":1729913837461},{""box"":{""left"":2245,""right"":2822,""top"":2752,""bottom"":4800},""time"":1729913837504},{""box"":{""left"":2245,""right"":2822,""top"":2752,""bottom"":4800},""time"":1729913837587},{""box"":{""left"":2245,""right"":2822,""top"":2752,""bottom"":4800},""time"":1729913837732},{""box"":{""left"":2245,""right"":2822,""top"":2752,""bottom"":4800},""time"":1729913837765},{""box"":{""left"":2245,""right"":2822,""top"":2752,""bottom"":4800},""time"":1729913837840},{""box"":{""left"":2245,""right"":2822,""top"":2752,""bottom"":4800},""time"":1729913837957},{""box"":{""left"":2245,""right"":2822,""top"":2752,""bottom"":4800},""time"":1729913838023},{""box"":{""left"":2245,""right"":2822,""top"":2752,""bottom"":4800},""time"":1729913838129},{""box"":{""left"":2245,""right"":2822,""top"":2752,""bottom"":4800},""time"":1729913838276},{""box"":{""left"":2245,""right"":2822,""top"":2752,""bottom"":4800},""time"":1729913838357},{""box"":{""left"":2245,""right"":2822,""top"":2752,""bottom"":4800},""time"":1729913838504},{""box"":{""left"":2245,""right"":2822,""top"":2752,""bottom"":4800},""time"":1729913838537},{""box"":{""left"":2245,""right"":2822,""top"":2752,""bottom"":4800},""time"":1729913838608},{""box"":{""left"":2245,""right"":2822,""top"":2752,""bottom"":4800},""time"":1729913838678},{""box"":{""left"":2245,""right"":2822,""top"":2752,""bottom"":4800},""time"":1729913838753},{""box"":{""left"":2245,""right"":2822,""top"":2752,""bottom"":4800},""time"":1729913838845},{""box"":{""left"":2245,""right"":2822,""top"":2752,""bottom"":4800},""time"":1729913838914},{""box"":{""left"":2245,""right"":2822,""top"":2752,""bottom"":4800},""time"":1729913838976},{""box"":{""left"":2245,""right"":2822,""top"":2752,""bottom"":4800},""time"":1729913839066},{""box"":{""left"":2245,""right"":2822,""top"":2752,""bottom"":4800},""time"":1729913839157},{""box"":{""left"":2245,""right"":2822,""top"":2752,""bottom"":4800},""time"":1729913839250},{""box"":{""left"":2245,""right"":2822,""top"":2752,""bottom"":4800},""time"":1729913839334},{""box"":{""left"":2245,""right"":2822,""top"":2752,""bottom"":4800},""time"":1729913839385},{""box"":{""left"":2245,""right"":2822,""top"":2752,""bottom"":4800},""time"":1729913839502},{""box"":{""left"":2245,""right"":2822,""top"":2752,""bottom"":4800},""time"":1729913839587},{""box"":{""left"":2245,""right"":2822,""top"":2752,""bottom"":4800},""time"":1729913839622},{""box"":{""left"":2245,""right"":2822,""top"":2752,""bottom"":4800},""time"":1729913839683},{""box"":{""left"":2245,""right"":2822,""top"":2752,""bottom"":4800},""time"":1729913840761},{""box"":{""left"":2245,""right"":2822,""top"":2752,""bottom"":4800},""time"":1729913840860},{""box"":{""left"":2245,""right"":2822,""top"":2752,""bottom"":4800},""time"":1729913840911},{""box"":{""left"":2245,""right"":2822,""top"":2752,""bottom"":4800},""time"":1729913840933},{""box"":{""left"":2245,""right"":2822,""top"":2752,""bottom"":4800},""time"":1729913841007},{""box"":{""left"":2245,""right"":2822,""top"":2752,""bottom"":4800},""time"":1729913841098},{""box"":{""left"":2245,""right"":2822,""top"":2752,""bottom"":4800},""time"":1729913841183},{""box"":{""left"":2245,""right"":2822,""top"":2752,""bottom"":4800},""time"":1729913841215},{""box"":{""left"":2245,""right"":2822,""top"":2752,""bottom"":4800},""time"":1729913841258},{""box"":{""left"":2245,""right"":2822,""top"":2752,""bottom"":4800},""time"":1729913841355},{""box"":{""left"":2245,""right"":2822,""top"":2752,""bottom"":4800},""time"":1729913841414},{""box"":{""left"":2245,""right"":2822,""top"":2752,""bottom"":4800},""time"":1729913841448},{""box"":{""left"":2245,""right"":2822,""top"":2752,""bottom"":4800},""time"":1729913841462},{""box"":{""left"":2245,""right"":2822,""top"":2752,""bottom"":4800},""time"":1729913841564},{""box"":{""left"":2245,""right"":2822,""top"":2752,""bottom"":4800},""time"":1729913841621},{""box"":{""left"":2245,""right"":2822,""top"":2752,""bottom"":4800},""time"":1729913841677},{""box"":{""left"":2245,""right"":2822,""top"":2752,""bottom"":4800},""time"":1729913841798},{""box"":{""left"":2245,""right"":2822,""top"":2752,""bottom"":4800},""time"":1729913841853},{""box"":{""left"":2245,""right"":2822,""top"":2752,""bottom"":4800},""time"":1729913841905},{""box"":{""left"":2245,""right"":2822,""top"":2752,""bottom"":4800},""time"":1729913841956},{""box"":{""left"":2245,""right"":2822,""top"":2752,""bottom"":4800},""time"":1729913842008},{""box"":{""left"":2245,""right"":2822,""top"":2752,""bottom"":4800},""time"":1729913842059},{""box"":{""left"":2245,""right"":2822,""top"":2752,""bottom"":4800},""time"":1729913842116},{""box"":{""left"":2245,""right"":2822,""top"":2752,""bottom"":4800},""time"":1729913842172},{""box"":{""left"":2245,""right"":2822,""top"":2752,""bottom"":4800},""time"":1729913842227},{""box"":{""left"":2245,""right"":2822,""top"":2752,""bottom"":4800},""time"":1729913842286},{""box"":{""left"":2245,""right"":2822,""top"":2752,""bottom"":4800},""time"":1729913842342},{""box"":{""left"":2245,""right"":2822,""top"":2752,""bottom"":4800},""time"":1729913842433},{""box"":{""left"":2245,""right"":2822,""top"":2752,""bottom"":4800},""time"":1729913842470},{""box"":{""left"":2245,""right"":2822,""top"":2752,""bottom"":4800},""time"":1729913842515},{""box"":{""left"":2245,""right"":2822,""top"":2752,""bottom"":4800},""time"":1729913842537},{""box"":{""left"":2245,""right"":2822,""top"":2752,""bottom"":4800},""time"":1729913842596},{""box"":{""left"":2245,""right"":2822,""top"":2752,""bottom"":4800},""time"":1729913842609},{""box"":{""left"":2245,""right"":2822,""top"":2752,""bottom"":4800},""time"":1729913842654},{""box"":{""left"":2245,""right"":2822,""top"":2752,""bottom"":4800},""time"":1729913842669},{""box"":{""left"":2245,""right"":2822,""top"":2752,""bottom"":4800},""time"":1729913842745},{""box"":{""left"":2245,""right"":2822,""top"":2752,""bottom"":4800},""time"":1729913842778},{""box"":{""left"":2245,""right"":2822,""top"":2752,""bottom"":4800},""time"":1729913842854},{""box"":{""left"":2245,""right"":2822,""top"":2752,""bottom"":4800},""time"":1729913842876},{""box"":{""left"":2245,""right"":2822,""top"":2752,""bottom"":4800},""time"":1729913842906},{""box"":{""left"":2245,""right"":2822,""top"":2752,""bottom"":4800},""time"":1729913842941},{""box"":{""left"":2245,""right"":2822,""top"":2752,""bottom"":4800},""time"":1729913843032},{""box"":{""left"":2245,""right"":2822,""top"":2752,""bottom"":4800},""time"":1729913843046},{""box"":{""left"":2245,""right"":2822,""top"":2752,""bottom"":4800},""time"":1729913843084},{""box"":{""left"":2245,""right"":2822,""top"":2752,""bottom"":4800},""time"":1729913843099},{""box"":{""left"":2245,""right"":2822,""top"":2752,""bottom"":4800},""time"":1729913843185},{""box"":{""left"":2245,""right"":2822,""top"":2752,""bottom"":4800},""time"":1729913843198},{""box"":{""left"":2245,""right"":2822,""top"":2752,""bottom"":4800},""time"":1729913843259},{""box"":{""left"":2245,""right"":2822,""top"":2752,""bottom"":4800},""time"":1729913843292},{""box"":{""left"":2245,""right"":2822,""top"":2752,""bottom"":4800},""time"":1729913843411},{""box"":{""left"":2245,""right"":2822,""top"":2752,""bottom"":4800},""time"":1729913843456},{""box"":{""left"":2245,""right"":2822,""top"":2752,""bottom"":4800},""time"":1729913843467},{""box"":{""left"":2245,""right"":2822,""top"":2752,""bottom"":4800},""time"":1729913843645},{""box"":{""left"":2245,""right"":2822,""top"":2752,""bottom"":4800},""time"":1729913843754},{""box"":{""left"":2245,""right"":2822,""top"":2752,""bottom"":4800},""time"":1729913843767},{""box"":{""left"":2245,""right"":2822,""top"":2752,""bottom"":4800},""time"":1729913843810},{""box"":{""left"":2245,""right"":2822,""top"":2752,""bottom"":4800},""time"":1729913843843},{""box"":{""left"":2245,""right"":2822,""top"":2752,""bottom"":4800},""time"":1729913843900},{""box"":{""left"":2245,""right"":2822,""top"":2752,""bottom"":4800},""time"":1729913843922},{""box"":{""left"":2245,""right"":2822,""top"":2752,""bottom"":4800},""time"":1729913844019},{""box"":{""left"":2245,""right"":2822,""top"":2752,""bottom"":4800},""time"":1729913844052},{""box"":{""left"":2245,""right"":2822,""top"":2752,""bottom"":4800},""time"":1729913844149},{""box"":{""left"":2245,""right"":2822,""top"":2752,""bottom"":4800},""time"":1729913844184},{""box"":{""left"":2245,""right"":2822,""top"":2752,""bottom"":4800},""time"":1729913844240},{""box"":{""left"":2245,""right"":2822,""top"":2752,""bottom"":4800},""time"":1729913844255},{""box"":{""left"":2245,""right"":2822,""top"":2752,""bottom"":4800},""time"":1729913844318},{""box"":{""left"":2245,""right"":2822,""top"":2752,""bottom"":4800},""time"":1729913844340},{""box"":{""left"":2245,""right"":2822,""top"":2752,""bottom"":4800},""time"":1729913844385},{""box"":{""left"":2245,""right"":2822,""top"":2752,""bottom"":4800},""time"":1729913844397},{""box"":{""left"":2245,""right"":2822,""top"":2752,""bottom"":4800},""time"":1729913844451},{""box"":{""left"":2245,""right"":2822,""top"":2752,""bottom"":4800},""time"":1729913844465},{""box"":{""left"":2245,""right"":2822,""top"":2752,""bottom"":4800},""time"":1729913844527},{""box"":{""left"":2245,""right"":2822,""top"":2752,""bottom"":4800},""time"":1729913844565},{""box"":{""left"":2245,""right"":2822,""top"":2752,""bottom"":4800},""time"":1729913844626},{""box"":{""left"":2245,""right"":2822,""top"":2752,""bottom"":4800},""time"":1729913844648},{""box"":{""left"":2245,""right"":2822,""top"":2752,""bottom"":4800},""time"":1729913844708},{""box"":{""left"":2245,""right"":2822,""top"":2752,""bottom"":4800},""time"":1729913844741},{""box"":{""left"":2245,""right"":2822,""top"":2752,""bottom"":4800},""time"":1729913844838},{""box"":{""left"":2245,""right"":2822,""top"":2752,""bottom"":4800},""time"":1729913844853},{""box"":{""left"":2245,""right"":2822,""top"":2752,""bottom"":4800},""time"":1729913844929},{""box"":{""left"":2245,""right"":2822,""top"":2752,""bottom"":4800},""time"":1729913844964},{""box"":{""left"":2245,""right"":2822,""top"":2752,""bottom"":4800},""time"":1729913844978},{""box"":{""left"":2245,""right"":2822,""top"":2752,""bottom"":4800},""time"":1729913845041},{""box"":{""left"":2245,""right"":2822,""top"":2752,""bottom"":4800},""time"":1729913845055},{""box"":{""left"":2245,""right"":2822,""top"":2752,""bottom"":4800},""time"":1729913845142},{""box"":{""left"":2245,""right"":2822,""top"":2752,""bottom"":4800},""time"":1729913845157},{""box"":{""left"":2245,""right"":2822,""top"":2752,""bottom"":4800},""time"":1729913845220},{""box"":{""left"":2245,""right"":2822,""top"":2752,""bottom"":4800},""time"":1729913845255},{""box"":{""left"":2245,""right"":2822,""top"":2752,""bottom"":4800},""time"":1729913845352},{""box"":{""left"":2245,""right"":2822,""top"":2752,""bottom"":4800},""time"":1729913845396},{""box"":{""left"":2245,""right"":2822,""top"":2752,""bottom"":4800},""time"":1729913845493},{""box"":{""left"":2245,""right"":2822,""top"":2752,""bottom"":4800},""time"":1729913845506},{""box"":{""left"":2245,""right"":2822,""top"":2752,""bottom"":4800},""time"":1729913845567},{""box"":{""left"":2245,""right"":2822,""top"":2752,""bottom"":4800},""time"":1729913845591},{""box"":{""left"":2245,""right"":2822,""top"":2752,""bottom"":4800},""time"":1729913845625},{""box"":{""left"":2245,""right"":2822,""top"":2752,""bottom"":4800},""time"":1729913845651},{""box"":{""left"":2245,""right"":2822,""top"":2752,""bottom"":4800},""time"":1729913845696},{""box"":{""left"":2245,""right"":2822,""top"":2752,""bottom"":4800},""time"":1729913845740},{""box"":{""left"":2245,""right"":2822,""top"":2752,""bottom"":4800},""time"":1729913845810},{""box"":{""left"":2245,""right"":2822,""top"":2752,""bottom"":4800},""time"":1729913845821},{""box"":{""left"":2245,""right"":2822,""top"":2752,""bottom"":4800},""time"":1729913845881},{""box"":{""left"":2245,""right"":2822,""top"":2752,""bottom"":4800},""time"":1729913845916},{""box"":{""left"":2245,""right"":2822,""top"":2752,""bottom"":4800},""time"":1729913845975},{""box"":{""left"":2245,""right"":2822,""top"":2752,""bottom"":4800},""time"":1729913845989},{""box"":{""left"":2245,""right"":2822,""top"":2752,""bottom"":4800},""time"":1729913846053},{""box"":{""left"":2245,""right"":2822,""top"":2752,""bottom"":4800},""time"":1729913846085},{""box"":{""left"":2245,""right"":2822,""top"":2752,""bottom"":4800},""time"":1729913846184},{""box"":{""left"":2245,""right"":2822,""top"":2752,""bottom"":4800},""time"":1729913846198},{""box"":{""left"":2245,""right"":2822,""top"":2752,""bottom"":4800},""time"":1729913846272},{""box"":{""left"":2245,""right"":2822,""top"":2752,""bottom"":4800},""time"":1729913846296},{""box"":{""left"":2245,""right"":2822,""top"":2752,""bottom"":4800},""time"":1729913846395},{""box"":{""left"":2245,""right"":2822,""top"":2752,""bottom"":4800},""time"":1729913846430},{""box"":{""left"":2245,""right"":2822,""top"":2752,""bottom"":4800},""time"":1729913846528},{""box"":{""left"":2245,""right"":2822,""top"":2752,""bottom"":4800},""time"":1729913846561},{""box"":{""left"":2245,""right"":2822,""top"":2752,""bottom"":4800},""time"":1729913846628},{""box"":{""left"":2245,""right"":2822,""top"":2752,""bottom"":4800},""time"":1729913846651},{""box"":{""left"":2245,""right"":2822,""top"":2752,""bottom"":4800},""time"":1729913846718},{""box"":{""left"":2245,""right"":2822,""top"":2752,""bottom"":4800},""time"":1729913846732},{""box"":{""left"":2245,""right"":2822,""top"":2752,""bottom"":4800},""time"":1729913846831},{""box"":{""left"":2245,""right"":2822,""top"":2752,""bottom"":4800},""time"":1729913846845},{""box"":{""left"":2245,""right"":2822,""top"":2752,""bottom"":4800},""time"":1729913846943},{""box"":{""left"":2245,""right"":2822,""top"":2752,""bottom"":4800},""time"":1729913846967},{""box"":{""left"":2245,""right"":2822,""top"":2752,""bottom"":4800},""time"":1729913847088},{""box"":{""left"":2245,""right"":2822,""top"":2752,""bottom"":4800},""time"":1729913847110},{""box"":{""left"":2245,""right"":2822,""top"":2752,""bottom"":4800},""time"":1729913847202},{""box"":{""left"":2245,""right"":2822,""top"":2752,""bottom"":4800},""time"":1729913847224},{""box"":{""left"":2245,""right"":2822,""top"":2752,""bottom"":4800},""time"":1729913847322},{""box"":{""left"":2245,""right"":2822,""top"":2752,""bottom"":4800},""time"":1729913847344},{""box"":{""left"":2245,""right"":2822,""top"":2752,""bottom"":4800},""time"":1729913847431},{""box"":{""left"":2245,""right"":2822,""top"":2752,""bottom"":4800},""time"":1729913847453},{""box"":{""left"":2245,""right"":2822,""top"":2752,""bottom"":4800},""time"":1729913847541},{""box"":{""left"":2245,""right"":2822,""top"":2752,""bottom"":4800},""time"":1729913847564},{""box"":{""left"":2245,""right"":2822,""top"":2752,""bottom"":4800},""time"":1729913847630},{""box"":{""left"":2245,""right"":2822,""top"":2752,""bottom"":4800},""time"":1729913847665},{""box"":{""left"":2245,""right"":2822,""top"":2752,""bottom"":4800},""time"":1729913847740},{""box"":{""left"":2245,""right"":2822,""top"":2752,""bottom"":4800},""time"":1729913847764},{""box"":{""left"":2245,""right"":2822,""top"":2752,""bottom"":4800},""time"":1729913847900},{""box"":{""left"":2245,""right"":2822,""top"":2752,""bottom"":4800},""time"":1729913847923},{""box"":{""left"":2245,""right"":2822,""top"":2752,""bottom"":4800},""time"":1729913848015},{""box"":{""left"":2245,""right"":2822,""top"":2752,""bottom"":4800},""time"":1729913848037},{""box"":{""left"":2245,""right"":2822,""top"":2752,""bottom"":4800},""time"":1729913848101},{""box"":{""left"":2245,""right"":2822,""top"":2752,""bottom"":4800},""time"":1729913848123},{""box"":{""left"":2245,""right"":2822,""top"":2752,""bottom"":4800},""time"":1729913848221},{""box"":{""left"":2245,""right"":2822,""top"":2752,""bottom"":4800},""time"":1729913848265},{""box"":{""left"":2245,""right"":2822,""top"":2752,""bottom"":4800},""time"":1729913848298},{""box"":{""left"":2245,""right"":2822,""top"":2752,""bottom"":4800},""time"":1729913848551},{""box"":{""left"":2245,""right"":2822,""top"":2752,""bottom"":4800},""time"":1729913848581},{""box"":{""left"":2245,""right"":2822,""top"":2752,""bottom"":4800},""time"":1729913848605},{""box"":{""left"":2245,""right"":2822,""top"":2752,""bottom"":4800},""time"":1729913848703},{""box"":{""left"":2245,""right"":2822,""top"":2752,""bottom"":4800},""time"":1729913848726},{""box"":{""left"":2245,""right"":2822,""top"":2752,""bottom"":4800},""time"":1729913848813},{""box"":{""left"":2245,""right"":2822,""top"":2752,""bottom"":4800},""time"":1729913848849},{""box"":{""left"":2245,""right"":2822,""top"":2752,""bottom"":4800},""time"":1729913848884},{""box"":{""left"":2245,""right"":2822,""top"":2752,""bottom"":4800},""time"":1729913848971},{""box"":{""left"":2245,""right"":2822,""top"":2752,""bottom"":4800},""time"":1729913848983},{""box"":{""left"":2245,""right"":2822,""top"":2752,""bottom"":4800},""time"":1729913849042},{""box"":{""left"":2245,""right"":2822,""top"":2752,""bottom"":4800},""time"":1729913849054},{""box"":{""left"":2245,""right"":2822,""top"":2752,""bottom"":4800},""time"":1729913849087},{""box"":{""left"":2245,""right"":2822,""top"":2752,""bottom"":4800},""time"":1729913849098},{""box"":{""left"":2245,""right"":2822,""top"":2752,""bottom"":4800},""time"":1729913849155},{""box"":{""left"":2245,""right"":2822,""top"":2752,""bottom"":4800},""time"":1729913849193},{""box"":{""left"":2245,""right"":2822,""top"":2752,""bottom"":4800},""time"":1729913849206},{""box"":{""left"":2245,""right"":2822,""top"":2752,""bottom"":4800},""time"":1729913849262},{""box"":{""left"":2245,""right"":2822,""top"":2752,""bottom"":4800},""time"":1729913849285},{""box"":{""left"":2245,""right"":2822,""top"":2752,""bottom"":4800},""time"":1729913849333},{""box"":{""left"":2245,""right"":2822,""top"":2752,""bottom"":4800},""time"":1729913849344},{""box"":{""left"":2245,""right"":2822,""top"":2752,""bottom"":4800},""time"":1729913849383},{""box"":{""left"":2245,""right"":2822,""top"":2752,""bottom"":4800},""time"":1729913849394},{""box"":{""left"":2245,""right"":2822,""top"":2752,""bottom"":4800},""time"":1729913849455},{""box"":{""left"":2245,""right"":2822,""top"":2752,""bottom"":4800},""time"":1729913849493},{""box"":{""left"":2245,""right"":2822,""top"":2752,""bottom"":4800},""time"":1729913849514},{""box"":{""left"":2245,""right"":2822,""top"":2752,""bottom"":4800},""time"":1729913849571},{""box"":{""left"":2245,""right"":2822,""top"":2752,""bottom"":4800},""time"":1729913849660},{""box"":{""left"":2245,""right"":2822,""top"":2752,""bottom"":4800},""time"":1729913849748},{""box"":{""left"":2245,""right"":2822,""top"":2752,""bottom"":4800},""time"":1729913849837},{""box"":{""left"":2245,""right"":2822,""top"":2752,""bottom"":4800},""time"":1729913849926},{""box"":{""left"":2245,""right"":2822,""top"":2752,""bottom"":4800},""time"":1729913850004},{""box"":{""left"":2245,""right"":2822,""top"":2752,""bottom"":4800},""time"":1729913850037},{""box"":{""left"":2245,""right"":2822,""top"":2752,""bottom"":4800},""time"":1729913850126},{""box"":{""left"":2245,""right"":2822,""top"":2752,""bottom"":4800},""time"":1729913850214},{""box"":{""left"":2245,""right"":2822,""top"":2752,""bottom"":4800},""time"":1729913850305},{""box"":{""left"":2245,""right"":2822,""top"":2752,""bottom"":4800},""time"":1729913850409},{""box"":{""left"":2245,""right"":2822,""top"":2752,""bottom"":4800},""time"":1729913850500},{""box"":{""left"":2245,""right"":2822,""top"":2752,""bottom"":4800},""time"":1729913850595},{""box"":{""left"":2245,""right"":2822,""top"":2752,""bottom"":4800},""time"":1729913850688},{""box"":{""left"":2245,""right"":2822,""top"":2752,""bottom"":4800},""time"":1729913850783},{""box"":{""left"":2245,""right"":2822,""top"":2752,""bottom"":4800},""time"":1729913850883},{""box"":{""left"":2245,""right"":2822,""top"":2752,""bottom"":4800},""time"":1729913850974},{""box"":{""left"":2245,""right"":2822,""top"":2752,""bottom"":4800},""time"":1729913851065},{""box"":{""left"":2245,""right"":2822,""top"":2752,""bottom"":4800},""time"":1729913851157},{""box"":{""left"":2245,""right"":2822,""top"":2752,""bottom"":4800},""time"":1729913851246},{""box"":{""left"":2245,""right"":2822,""top"":2752,""bottom"":4800},""time"":1729913851337},{""box"":{""left"":2245,""right"":2822,""top"":2752,""bottom"":4800},""time"":1729913851416},{""box"":{""left"":2245,""right"":2822,""top"":2752,""bottom"":4800},""time"":1729913851452},{""box"":{""left"":2245,""right"":2822,""top"":2752,""bottom"":4800},""time"":1729913851521},{""box"":{""left"":2245,""right"":2822,""top"":2752,""bottom"":4800},""time"":1729913851612},{""box"":{""left"":2245,""right"":2822,""top"":2752,""bottom"":4800},""time"":1729913851701},{""box"":{""left"":2245,""right"":2822,""top"":2752,""bottom"":4800},""time"":1729913851792},{""box"":{""left"":2245,""right"":2822,""top"":2752,""bottom"":4800},""time"":1729913851887},{""box"":{""left"":2245,""right"":2822,""top"":2752,""bottom"":4800},""time"":1729913851983},{""box"":{""left"":2245,""right"":2822,""top"":2752,""bottom"":4800},""time"":1729913852077},{""box"":{""left"":2245,""right"":2822,""top"":2752,""bottom"":4800},""time"":1729913852162},{""box"":{""left"":2245,""right"":2822,""top"":2752,""bottom"":4800},""time"":1729913852173},{""box"":{""left"":2245,""right"":2822,""top"":2752,""bottom"":4800},""time"":1729913852241},{""box"":{""left"":2245,""right"":2822,""top"":2752,""bottom"":4800},""time"":1729913852338},{""box"":{""left"":2245,""right"":2822,""top"":2752,""bottom"":4800},""time"":1729913852430},{""box"":{""left"":2245,""right"":2822,""top"":2752,""bottom"":4800},""time"":1729913852507},{""box"":{""left"":2245,""right"":2822,""top"":2752,""bottom"":4800},""time"":1729913852567},{""box"":{""left"":2245,""right"":2822,""top"":2752,""bottom"":4800},""time"":1729913852597},{""box"":{""left"":2245,""right"":2822,""top"":2752,""bottom"":4800},""time"":1729913852638},{""box"":{""left"":2245,""right"":2822,""top"":2752,""bottom"":4800},""time"":1729913852679},{""box"":{""left"":2245,""right"":2822,""top"":2752,""bottom"":4800},""time"":1729913852703},{""box"":{""left"":2245,""right"":2822,""top"":2752,""bottom"":4800},""time"":1729913852789},{""box"":{""left"":2245,""right"":2822,""top"":2752,""bottom"":4800},""time"":1729913852802},{""box"":{""left"":2245,""right"":2822,""top"":2752,""bottom"":4800},""time"":1729913852840},{""box"":{""left"":2245,""right"":2822,""top"":2752,""bottom"":4800},""time"":1729913852900},{""box"":{""left"":2245,""right"":2822,""top"":2752,""bottom"":4800},""time"":1729913852990},{""box"":{""left"":2245,""right"":2822,""top"":2752,""bottom"":4800},""time"":1729913853035},{""box"":{""left"":2245,""right"":2822,""top"":2752,""bottom"":4800},""time"":1729913853049},{""box"":{""left"":2245,""right"":2822,""top"":2752,""bottom"":4800},""time"":1729913853159},{""box"":{""left"":2245,""right"":2822,""top"":2752,""bottom"":4800},""time"":1729913853229},{""box"":{""left"":2245,""right"":2822,""top"":2752,""bottom"":4800},""time"":1729913853298},{""box"":{""left"":2245,""right"":2822,""top"":2752,""bottom"":4800},""time"":1729913853368},{""box"":{""left"":2245,""right"":2822,""top"":2752,""bottom"":4800},""time"":1729913853434},{""box"":{""left"":2245,""right"":2822,""top"":2752,""bottom"":4800},""time"":1729913853496},{""box"":{""left"":2245,""right"":2822,""top"":2752,""bottom"":4800},""time"":1729913854140},{""box"":{""left"":2245,""right"":2822,""top"":2752,""bottom"":4800},""time"":1729913854215},{""box"":{""left"":2245,""right"":2822,""top"":2752,""bottom"":4800},""time"":1729913854238},{""box"":{""left"":2245,""right"":2822,""top"":2752,""bottom"":4800},""time"":1729913854305},{""box"":{""left"":2245,""right"":2822,""top"":2752,""bottom"":4800},""time"":1729913854340},{""box"":{""left"":2245,""right"":2822,""top"":2752,""bottom"":4800},""time"":1729913854403},{""box"":{""left"":2245,""right"":2822,""top"":2752,""bottom"":4800},""time"":1729913854414},{""box"":{""left"":2245,""right"":2822,""top"":2752,""bottom"":4800},""time"":1729913854476},{""box"":{""left"":2245,""right"":2822,""top"":2752,""bottom"":4800},""time"":1729913854512},{""box"":{""left"":2245,""right"":2822,""top"":2752,""bottom"":4800},""time"":1729913854574},{""box"":{""left"":2245,""right"":2822,""top"":2752,""bottom"":4800},""time"":1729913854588},{""box"":{""left"":2245,""right"":2822,""top"":2752,""bottom"":4800},""time"":1729913854682},{""box"":{""left"":2245,""right"":2822,""top"":2752,""bottom"":4800},""time"":1729913854715},{""box"":{""left"":2245,""right"":2822,""top"":2752,""bottom"":4800},""time"":1729913854814},{""box"":{""left"":2245,""right"":2822,""top"":2752,""bottom"":4800},""time"":1729913854828},{""box"":{""left"":2245,""right"":2822,""top"":2752,""bottom"":4800},""time"":1729913854927},{""box"":{""left"":2245,""right"":2822,""top"":2752,""bottom"":4800},""time"":1729913854951},{""box"":{""left"":2245,""right"":2822,""top"":2752,""bottom"":4800},""time"":1729913855014},{""box"":{""left"":2245,""right"":2822,""top"":2752,""bottom"":4800},""time"":1729913855036},{""box"":{""left"":2245,""right"":2822,""top"":2752,""bottom"":4800},""time"":1729913855101},{""box"":{""left"":2245,""right"":2822,""top"":2752,""bottom"":4800},""time"":1729913855123},{""box"":{""left"":2245,""right"":2822,""top"":2752,""bottom"":4800},""time"":1729913855188},{""box"":{""left"":2245,""right"":2822,""top"":2752,""bottom"":4800},""time"":1729913855210},{""box"":{""left"":2245,""right"":2822,""top"":2752,""bottom"":4800},""time"":1729913855274},{""box"":{""left"":2245,""right"":2822,""top"":2752,""bottom"":4800},""time"":1729913855299},{""box"":{""left"":2245,""right"":2822,""top"":2752,""bottom"":4800},""time"":1729913855420},{""box"":{""left"":2245,""right"":2822,""top"":2752,""bottom"":4800},""time"":1729913855489},{""box"":{""left"":2245,""right"":2822,""top"":2752,""bottom"":4800},""time"":1729913855523},{""box"":{""left"":2245,""right"":2822,""top"":2752,""bottom"":4800},""time"":1729913855622},{""box"":{""left"":2245,""right"":2822,""top"":2752,""bottom"":4800},""time"":1729913855636},{""box"":{""left"":2245,""right"":2822,""top"":2752,""bottom"":4800},""time"":1729913855735},{""box"":{""left"":2245,""right"":2822,""top"":2752,""bottom"":4800},""time"":1729913855780},{""box"":{""left"":2245,""right"":2822,""top"":2752,""bottom"":4800},""time"":1729913855878},{""box"":{""left"":2245,""right"":2822,""top"":2752,""bottom"":4800},""time"":1729913855937},{""box"":{""left"":2245,""right"":2822,""top"":2752,""bottom"":4800},""time"":1729913855970},{""box"":{""left"":2245,""right"":2822,""top"":2752,""bottom"":4800},""time"":1729913856486},{""box"":{""left"":2245,""right"":2822,""top"":2752,""bottom"":4800},""time"":1729913856520},{""box"":{""left"":2245,""right"":2822,""top"":2752,""bottom"":4800},""time"":1729913856728},{""box"":{""left"":2245,""right"":2822,""top"":2752,""bottom"":4800},""time"":1729913856751},{""box"":{""left"":2245,""right"":2822,""top"":2752,""bottom"":4800},""time"":1729913857076},{""box"":{""left"":2245,""right"":2822,""top"":2752,""bottom"":4800},""time"":1729913857109},{""box"":{""left"":2245,""right"":2822,""top"":2752,""bottom"":4800},""time"":1729913857186},{""box"":{""left"":2245,""right"":2822,""top"":2752,""bottom"":4800},""time"":1729913857219},{""box"":{""left"":2245,""right"":2822,""top"":2752,""bottom"":4800},""time"":1729913857323},{""box"":{""left"":2245,""right"":2822,""top"":2752,""bottom"":4800},""time"":1729913857345},{""box"":{""left"":2245,""right"":2822,""top"":2752,""bottom"":4800},""time"":1729913857403},{""box"":{""left"":2245,""right"":2822,""top"":2752,""bottom"":4800},""time"":1729913857417},{""box"":{""left"":2245,""right"":2822,""top"":2752,""bottom"":4800},""time"":1729913857518},{""box"":{""left"":2245,""right"":2822,""top"":2752,""bottom"":4800},""time"":1729913857531},{""box"":{""left"":2245,""right"":2822,""top"":2752,""bottom"":4800},""time"":1729913857703},{""box"":{""left"":2245,""right"":2822,""top"":2752,""bottom"":4800},""time"":1729913857759},{""box"":{""left"":2245,""right"":2822,""top"":2752,""bottom"":4800},""time"":1729913857849},{""box"":{""left"":2245,""right"":2822,""top"":2752,""bottom"":4800},""time"":1729913857938},{""box"":{""left"":2245,""right"":2822,""top"":2752,""bottom"":4800},""time"":1729913857983},{""box"":{""left"":2245,""right"":2822,""top"":2752,""bottom"":4800},""time"":1729913858017},{""box"":{""left"":2245,""right"":2822,""top"":2752,""bottom"":4800},""time"":1729913858072},{""box"":{""left"":2245,""right"":2822,""top"":2752,""bottom"":4800},""time"":1729913858106},{""box"":{""left"":2245,""right"":2822,""top"":2752,""bottom"":4800},""time"":1729913858168},{""box"":{""left"":2245,""right"":2822,""top"":2752,""bottom"":4800},""time"":1729913858251},{""box"":{""left"":2245,""right"":2822,""top"":2752,""bottom"":4800},""time"":1729913858309},{""box"":{""left"":2245,""right"":2822,""top"":2752,""bottom"":4800},""time"":1729913858344},{""box"":{""left"":2245,""right"":2822,""top"":2752,""bottom"":4800},""time"":1729913858439},{""box"":{""left"":2245,""right"":2822,""top"":2752,""bottom"":4800},""time"":1729913858452},{""box"":{""left"":2245,""right"":2822,""top"":2752,""bottom"":4800},""time"":1729913858553},{""box"":{""left"":2245,""right"":2822,""top"":2752,""bottom"":4800},""time"":1729913858586},{""box"":{""left"":2245,""right"":2822,""top"":2752,""bottom"":4800},""time"":1729913858662},{""box"":{""left"":2245,""right"":2822,""top"":2752,""bottom"":4800},""time"":1729913858706},{""box"":{""left"":2245,""right"":2822,""top"":2752,""bottom"":4800},""time"":1729913858818},{""box"":{""left"":2245,""right"":2822,""top"":2752,""bottom"":4800},""time"":1729913858878},{""box"":{""left"":2245,""right"":2822,""top"":2752,""bottom"":4800},""time"":1729913858929},{""box"":{""left"":2245,""right"":2822,""top"":2752,""bottom"":4800},""time"":1729913858940},{""box"":{""left"":2245,""right"":2822,""top"":2752,""bottom"":4800},""time"":1729913859019},{""box"":{""left"":2245,""right"":2822,""top"":2752,""bottom"":4800},""time"":1729913859053},{""box"":{""left"":2245,""right"":2822,""top"":2752,""bottom"":4800},""time"":1729913859131},{""box"":{""left"":2245,""right"":2822,""top"":2752,""bottom"":4800},""time"":1729913859176},{""box"":{""left"":2245,""right"":2822,""top"":2752,""bottom"":4800},""time"":1729913859252},{""box"":{""left"":2245,""right"":2822,""top"":2752,""bottom"":4800},""time"":1729913859297},{""box"":{""left"":2245,""right"":2822,""top"":2752,""bottom"":4800},""time"":1729913859336},{""box"":{""left"":2245,""right"":2822,""top"":2752,""bottom"":4800},""time"":1729913859349},{""box"":{""left"":2245,""right"":2822,""top"":2752,""bottom"":4800},""time"":1729913859431},{""box"":{""left"":2245,""right"":2822,""top"":2752,""bottom"":4800},""time"":1729913859457},{""box"":{""left"":2245,""right"":2822,""top"":2752,""bottom"":4800},""time"":1729913859558},{""box"":{""left"":2245,""right"":2822,""top"":2752,""bottom"":4800},""time"":1729913859570},{""box"":{""left"":2245,""right"":2822,""top"":2752,""bottom"":4800},""time"":1729913859656},{""box"":{""left"":2245,""right"":2822,""top"":2752,""bottom"":4800},""time"":1729913859756},{""box"":{""left"":2245,""right"":2822,""top"":2752,""bottom"":4800},""time"":1729913859768},{""box"":{""left"":2245,""right"":2822,""top"":2752,""bottom"":4800},""time"":1729913859821},{""box"":{""left"":2245,""right"":2822,""top"":2752,""bottom"":4800},""time"":1729913859857},{""box"":{""left"":2245,""right"":2822,""top"":2752,""bottom"":4800},""time"":1729913859959},{""box"":{""left"":2245,""right"":2822,""top"":2752,""bottom"":4800},""time"":1729913859993},{""box"":{""left"":2245,""right"":2822,""top"":2752,""bottom"":4800},""time"":1729913860097},{""box"":{""left"":2245,""right"":2822,""top"":2752,""bottom"":4800},""time"":1729913860110},{""box"":{""left"":2245,""right"":2822,""top"":2752,""bottom"":4800},""time"":1729913860190},{""box"":{""left"":2245,""right"":2822,""top"":2752,""bottom"":4800},""time"":1729913860201},{""box"":{""left"":2245,""right"":2822,""top"":2752,""bottom"":4800},""time"":1729913860287},{""box"":{""left"":2245,""right"":2822,""top"":2752,""bottom"":4800},""time"":1729913860298},{""box"":{""left"":2245,""right"":2822,""top"":2752,""bottom"":4800},""time"":1729913860396},{""box"":{""left"":2245,""right"":2822,""top"":2752,""bottom"":4800},""time"":1729913860473},{""box"":{""left"":2245,""right"":2822,""top"":2752,""bottom"":4800},""time"":1729913860552},{""box"":{""left"":2245,""right"":2822,""top"":2752,""bottom"":4800},""time"":1729913860630},{""box"":{""left"":2245,""right"":2822,""top"":2752,""bottom"":4800},""time"":1729913860705},{""box"":{""left"":2245,""right"":2822,""top"":2752,""bottom"":4800},""time"":1729913860759},{""box"":{""left"":2245,""right"":2822,""top"":2752,""bottom"":4800},""time"":1729913860783},{""box"":{""left"":2245,""right"":2822,""top"":2752,""bottom"":4800},""time"":1729913860887},{""box"":{""left"":2245,""right"":2822,""top"":2752,""bottom"":4800},""time"":1729913861048}",,,,,
57073,Person,2024-10-26 12:36:19,2024-10-26 12:36:20,"{""left"":8875,""right"":4735,""top"":9167,""bottom"":6148}",,,,,
57075,Person,2024-10-26 12:36:22,2024-10-26 12:37:43,"{""left"":2549,""right"":2859,""top"":2867,""bottom"":4670},{""box"":{""left"":2549,""right"":2859,""top"":2867,""bottom"":4670},""time"":1729913782535},{""box"":{""left"":2549,""right"":2859,""top"":2867,""bottom"":4670},""time"":1729913782629},{""box"":{""left"":2549,""right"":2859,""top"":2867,""bottom"":4670},""time"":1729913782735},{""box"":{""left"":2549,""right"":2859,""top"":2867,""bottom"":4670},""time"":1729913782906},{""box"":{""left"":2549,""right"":2859,""top"":2867,""bottom"":4670},""time"":1729913783134},{""box"":{""left"":2549,""right"":2859,""top"":2867,""bottom"":4670},""time"":1729913783212},{""box"":{""left"":2549,""right"":2859,""top"":2867,""bottom"":4670},""time"":1729913783285},{""box"":{""left"":2549,""right"":2859,""top"":2867,""bottom"":4670},""time"":1729913783370},{""box"":{""left"":2549,""right"":2859,""top"":2867,""bottom"":4670},""time"":1729913783465},{""box"":{""left"":2549,""right"":2859,""top"":2867,""bottom"":4670},""time"":1729913783570},{""box"":{""left"":2549,""right"":2859,""top"":2867,""bottom"":4670},""time"":1729913783675},{""box"":{""left"":2549,""right"":2859,""top"":2867,""bottom"":4670},""time"":1729913783770},{""box"":{""left"":2549,""right"":2859,""top"":2867,""bottom"":4670},""time"":1729913783917},{""box"":{""left"":2549,""right"":2859,""top"":2867,""bottom"":4670},""time"":1729913784002},{""box"":{""left"":2549,""right"":2859,""top"":2867,""bottom"":4670},""time"":1729913784096},{""box"":{""left"":2549,""right"":2859,""top"":2867,""bottom"":4670},""time"":1729913784182},{""box"":{""left"":2549,""right"":2859,""top"":2867,""bottom"":4670},""time"":1729913784279},{""box"":{""left"":2549,""right"":2859,""top"":2867,""bottom"":4670},""time"":1729913784627},{""box"":{""left"":2549,""right"":2859,""top"":2867,""bottom"":4670},""time"":1729913784731},{""box"":{""left"":2549,""right"":2859,""top"":2867,""bottom"":4670},""time"":1729913784847},{""box"":{""left"":2549,""right"":2859,""top"":2867,""bottom"":4670},""time"":1729913784953},{""box"":{""left"":2549,""right"":2859,""top"":2867,""bottom"":4670},""time"":1729913785048},{""box"":{""left"":2549,""right"":2859,""top"":2867,""bottom"":4670},""time"":1729913785188},{""box"":{""left"":2549,""right"":2859,""top"":2867,""bottom"":4670},""time"":1729913785279},{""box"":{""left"":2549,""right"":2859,""top"":2867,""bottom"":4670},""time"":1729913785481},{""box"":{""left"":2549,""right"":2859,""top"":2867,""bottom"":4670},""time"":1729913785576},{""box"":{""left"":2549,""right"":2859,""top"":2867,""bottom"":4670},""time"":1729913785672},{""box"":{""left"":2549,""right"":2859,""top"":2867,""bottom"":4670},""time"":1729913785748},{""box"":{""left"":2549,""right"":2859,""top"":2867,""bottom"":4670},""time"":1729913785896},{""box"":{""left"":2549,""right"":2859,""top"":2867,""bottom"":4670},""time"":1729913786073},{""box"":{""left"":2549,""right"":2859,""top"":2867,""bottom"":4670},""time"":1729913786179},{""box"":{""left"":2549,""right"":2859,""top"":2867,""bottom"":4670},""time"":1729913786276},{""box"":{""left"":2549,""right"":2859,""top"":2867,""bottom"":4670},""time"":1729913786453},{""box"":{""left"":2549,""right"":2859,""top"":2867,""bottom"":4670},""time"":1729913786529},{""box"":{""left"":2549,""right"":2859,""top"":2867,""bottom"":4670},""time"":1729913786603},{""box"":{""left"":2549,""right"":2859,""top"":2867,""bottom"":4670},""time"":1729913786688},{""box"":{""left"":2549,""right"":2859,""top"":2867,""bottom"":4670},""time"":1729913786773},{""box"":{""left"":2549,""right"":2859,""top"":2867,""bottom"":4670},""time"":1729913786858},{""box"":{""left"":2549,""right"":2859,""top"":2867,""bottom"":4670},""time"":1729913786942},{""box"":{""left"":2549,""right"":2859,""top"":2867,""bottom"":4670},""time"":1729913787027},{""box"":{""left"":2549,""right"":2859,""top"":2867,""bottom"":4670},""time"":1729913787375},{""box"":{""left"":2549,""right"":2859,""top"":2867,""bottom"":4670},""time"":1729913787460},{""box"":{""left"":2549,""right"":2859,""top"":2867,""bottom"":4670},""time"":1729913787545},{""box"":{""left"":2549,""right"":2859,""top"":2867,""bottom"":4670},""time"":1729913787642},{""box"":{""left"":2549,""right"":2859,""top"":2867,""bottom"":4670},""time"":1729913787779},{""box"":{""left"":2549,""right"":2859,""top"":2867,""bottom"":4670},""time"":1729913787885},{""box"":{""left"":2549,""right"":2859,""top"":2867,""bottom"":4670},""time"":1729913787980},{""box"":{""left"":2549,""right"":2859,""top"":2867,""bottom"":4670},""time"":1729913788058},{""box"":{""left"":2549,""right"":2859,""top"":2867,""bottom"":4670},""time"":1729913788174},{""box"":{""left"":2549,""right"":2859,""top"":2867,""bottom"":4670},""time"":1729913788258},{""box"":{""left"":2549,""right"":2859,""top"":2867,""bottom"":4670},""time"":1729913788498},{""box"":{""left"":2549,""right"":2859,""top"":2867,""bottom"":4670},""time"":1729913788567},{""box"":{""left"":2549,""right"":2859,""top"":2867,""bottom"":4670},""time"":1729913788666},{""box"":{""left"":2549,""right"":2859,""top"":2867,""bottom"":4670},""time"":1729913788761},{""box"":{""left"":2549,""right"":2859,""top"":2867,""bottom"":4670},""time"":1729913788856},{""box"":{""left"":2549,""right"":2859,""top"":2867,""bottom"":4670},""time"":1729913788944},{""box"":{""left"":2549,""right"":2859,""top"":2867,""bottom"":4670},""time"":1729913789049},{""box"":{""left"":2549,""right"":2859,""top"":2867,""bottom"":4670},""time"":1729913789126},{""box"":{""left"":2549,""right"":2859,""top"":2867,""bottom"":4670},""time"":1729913789197},{""box"":{""left"":2549,""right"":2859,""top"":2867,""bottom"":4670},""time"":1729913789295},{""box"":{""left"":2549,""right"":2859,""top"":2867,""bottom"":4670},""time"":1729913789392},{""box"":{""left"":2549,""right"":2859,""top"":2867,""bottom"":4670},""time"":1729913789487},{""box"":{""left"":2549,""right"":2859,""top"":2867,""bottom"":4670},""time"":1729913789604},{""box"":{""left"":2549,""right"":2859,""top"":2867,""bottom"":4670},""time"":1729913789720},{""box"":{""left"":2549,""right"":2859,""top"":2867,""bottom"":4670},""time"":1729913789800},{""box"":{""left"":2549,""right"":2859,""top"":2867,""bottom"":4670},""time"":1729913789898},{""box"":{""left"":2549,""right"":2859,""top"":2867,""bottom"":4670},""time"":1729913789996},{""box"":{""left"":2549,""right"":2859,""top"":2867,""bottom"":4670},""time"":1729913790112},{""box"":{""left"":2549,""right"":2859,""top"":2867,""bottom"":4670},""time"":1729913790210},{""box"":{""left"":2549,""right"":2859,""top"":2867,""bottom"":4670},""time"":1729913790327},{""box"":{""left"":2549,""right"":2859,""top"":2867,""bottom"":4670},""time"":1729913790481},{""box"":{""left"":2549,""right"":2859,""top"":2867,""bottom"":4670},""time"":1729913790579},{""box"":{""left"":2549,""right"":2859,""top"":2867,""bottom"":4670},""time"":1729913790753},{""box"":{""left"":2549,""right"":2859,""top"":2867,""bottom"":4670},""time"":1729913790859},{""box"":{""left"":2549,""right"":2859,""top"":2867,""bottom"":4670},""time"":1729913790988},{""box"":{""left"":2549,""right"":2859,""top"":2867,""bottom"":4670},""time"":1729913791074},{""box"":{""left"":2549,""right"":2859,""top"":2867,""bottom"":4670},""time"":1729913791143},{""box"":{""left"":2549,""right"":2859,""top"":2867,""bottom"":4670},""time"":1729913791250},{""box"":{""left"":2549,""right"":2859,""top"":2867,""bottom"":4670},""time"":1729913791328},{""box"":{""left"":2549,""right"":2859,""top"":2867,""bottom"":4670},""time"":1729913791405},{""box"":{""left"":2549,""right"":2859,""top"":2867,""bottom"":4670},""time"":1729913791494},{""box"":{""left"":2549,""right"":2859,""top"":2867,""bottom"":4670},""time"":1729913791633},{""box"":{""left"":2549,""right"":2859,""top"":2867,""bottom"":4670},""time"":1729913791701},{""box"":{""left"":2549,""right"":2859,""top"":2867,""bottom"":4670},""time"":1729913791788},{""box"":{""left"":2549,""right"":2859,""top"":2867,""bottom"":4670},""time"":1729913791875},{""box"":{""left"":2549,""right"":2859,""top"":2867,""bottom"":4670},""time"":1729913792017},{""box"":{""left"":2549,""right"":2859,""top"":2867,""bottom"":4670},""time"":1729913792104},{""box"":{""left"":2549,""right"":2859,""top"":2867,""bottom"":4670},""time"":1729913792206},{""box"":{""left"":2549,""right"":2859,""top"":2867,""bottom"":4670},""time"":1729913792295},{""box"":{""left"":2549,""right"":2859,""top"":2867,""bottom"":4670},""time"":1729913792412},{""box"":{""left"":2549,""right"":2859,""top"":2867,""bottom"":4670},""time"":1729913792528},{""box"":{""left"":2549,""right"":2859,""top"":2867,""bottom"":4670},""time"":1729913792634},{""box"":{""left"":2549,""right"":2859,""top"":2867,""bottom"":4670},""time"":1729913792741},{""box"":{""left"":2549,""right"":2859,""top"":2867,""bottom"":4670},""time"":1729913792848},{""box"":{""left"":2549,""right"":2859,""top"":2867,""bottom"":4670},""time"":1729913793125},{""box"":{""left"":2549,""right"":2859,""top"":2867,""bottom"":4670},""time"":1729913793231},{""box"":{""left"":2549,""right"":2859,""top"":2867,""bottom"":4670},""time"":1729913793360},{""box"":{""left"":2549,""right"":2859,""top"":2867,""bottom"":4670},""time"":1729913793425},{""box"":{""left"":2549,""right"":2859,""top"":2867,""bottom"":4670},""time"":1729913793613},{""box"":{""left"":2549,""right"":2859,""top"":2867,""bottom"":4670},""time"":1729913793719},{""box"":{""left"":2549,""right"":2859,""top"":2867,""bottom"":4670},""time"":1729913793817},{""box"":{""left"":2549,""right"":2859,""top"":2867,""bottom"":4670},""time"":1729913793924},{""box"":{""left"":2549,""right"":2859,""top"":2867,""bottom"":4670},""time"":1729913794009},{""box"":{""left"":2549,""right"":2859,""top"":2867,""bottom"":4670},""time"":1729913794097},{""box"":{""left"":2549,""right"":2859,""top"":2867,""bottom"":4670},""time"":1729913794246},{""box"":{""left"":2549,""right"":2859,""top"":2867,""bottom"":4670},""time"":1729913794455},{""box"":{""left"":2549,""right"":2859,""top"":2867,""bottom"":4670},""time"":1729913794543},{""box"":{""left"":2549,""right"":2859,""top"":2867,""bottom"":4670},""time"":1729913794792},{""box"":{""left"":2549,""right"":2859,""top"":2867,""bottom"":4670},""time"":1729913794877},{""box"":{""left"":2549,""right"":2859,""top"":2867,""bottom"":4670},""time"":1729913794932},{""box"":{""left"":2549,""right"":2859,""top"":2867,""bottom"":4670},""time"":1729913795360},{""box"":{""left"":2549,""right"":2859,""top"":2867,""bottom"":4670},""time"":1729913795741},{""box"":{""left"":2549,""right"":2859,""top"":2867,""bottom"":4670},""time"":1729913795794},{""box"":{""left"":2549,""right"":2859,""top"":2867,""bottom"":4670},""time"":1729913795857},{""box"":{""left"":2549,""right"":2859,""top"":2867,""bottom"":4670},""time"":1729913795911},{""box"":{""left"":2549,""right"":2859,""top"":2867,""bottom"":4670},""time"":1729913795933},{""box"":{""left"":2549,""right"":2859,""top"":2867,""bottom"":4670},""time"":1729913795986},{""box"":{""left"":2549,""right"":2859,""top"":2867,""bottom"":4670},""time"":1729913796241},{""box"":{""left"":2549,""right"":2859,""top"":2867,""bottom"":4670},""time"":1729913796294},{""box"":{""left"":2549,""right"":2859,""top"":2867,""bottom"":4670},""time"":1729913796400},{""box"":{""left"":2549,""right"":2859,""top"":2867,""bottom"":4670},""time"":1729913796424},{""box"":{""left"":2549,""right"":2859,""top"":2867,""bottom"":4670},""time"":1729913796477},{""box"":{""left"":2549,""right"":2859,""top"":2867,""bottom"":4670},""time"":1729913796648},{""box"":{""left"":2549,""right"":2859,""top"":2867,""bottom"":4670},""time"":1729913796701},{""box"":{""left"":2549,""right"":2859,""top"":2867,""bottom"":4670},""time"":1729913796808},{""box"":{""left"":2549,""right"":2859,""top"":2867,""bottom"":4670},""time"":1729913796877},{""box"":{""left"":2549,""right"":2859,""top"":2867,""bottom"":4670},""time"":1729913796946},{""box"":{""left"":2549,""right"":2859,""top"":2867,""bottom"":4670},""time"":1729913796981},{""box"":{""left"":2549,""right"":2859,""top"":2867,""bottom"":4670},""time"":1729913797033},{""box"":{""left"":2549,""right"":2859,""top"":2867,""bottom"":4670},""time"":1729913797183},{""box"":{""left"":2549,""right"":2859,""top"":2867,""bottom"":4670},""time"":1729913797238},{""box"":{""left"":2549,""right"":2859,""top"":2867,""bottom"":4670},""time"":1729913797343},{""box"":{""left"":2549,""right"":2859,""top"":2867,""bottom"":4670},""time"":1729913797418},{""box"":{""left"":2549,""right"":2859,""top"":2867,""bottom"":4670},""time"":1729913797618},{""box"":{""left"":2549,""right"":2859,""top"":2867,""bottom"":4670},""time"":1729913798397},{""box"":{""left"":2549,""right"":2859,""top"":2867,""bottom"":4670},""time"":1729913798439},{""box"":{""left"":2549,""right"":2859,""top"":2867,""bottom"":4670},""time"":1729913798482},{""box"":{""left"":2549,""right"":2859,""top"":2867,""bottom"":4670},""time"":1729913798515},{""box"":{""left"":2549,""right"":2859,""top"":2867,""bottom"":4670},""time"":1729913798558},{""box"":{""left"":2549,""right"":2859,""top"":2867,""bottom"":4670},""time"":1729913798591},{""box"":{""left"":2549,""right"":2859,""top"":2867,""bottom"":4670},""time"":1729913798633},{""box"":{""left"":2549,""right"":2859,""top"":2867,""bottom"":4670},""time"":1729913798690},{""box"":{""left"":2549,""right"":2859,""top"":2867,""bottom"":4670},""time"":1729913798768},{""box"":{""left"":2549,""right"":2859,""top"":2867,""bottom"":4670},""time"":1729913798835},{""box"":{""left"":2549,""right"":2859,""top"":2867,""bottom"":4670},""time"":1729913798926},{""box"":{""left"":2549,""right"":2859,""top"":2867,""bottom"":4670},""time"":1729913798979},{""box"":{""left"":2549,""right"":2859,""top"":2867,""bottom"":4670},""time"":1729913799044},{""box"":{""left"":2549,""right"":2859,""top"":2867,""bottom"":4670},""time"":1729913799108},{""box"":{""left"":2549,""right"":2859,""top"":2867,""bottom"":4670},""time"":1729913799162},{""box"":{""left"":2549,""right"":2859,""top"":2867,""bottom"":4670},""time"":1729913799226},{""box"":{""left"":2549,""right"":2859,""top"":2867,""bottom"":4670},""time"":1729913799280},{""box"":{""left"":2549,""right"":2859,""top"":2867,""bottom"":4670},""time"":1729913799334},{""box"":{""left"":2549,""right"":2859,""top"":2867,""bottom"":4670},""time"":1729913799441},{""box"":{""left"":2549,""right"":2859,""top"":2867,""bottom"":4670},""time"":1729913799627},{""box"":{""left"":2549,""right"":2859,""top"":2867,""bottom"":4670},""time"":1729913799656},{""box"":{""left"":2549,""right"":2859,""top"":2867,""bottom"":4670},""time"":1729913799709},{""box"":{""left"":2549,""right"":2859,""top"":2867,""bottom"":4670},""time"":1729913799742},{""box"":{""left"":2549,""right"":2859,""top"":2867,""bottom"":4670},""time"":1729913799795},{""box"":{""left"":2549,""right"":2859,""top"":2867,""bottom"":4670},""time"":1729913799830},{""box"":{""left"":2549,""right"":2859,""top"":2867,""bottom"":4670},""time"":1729913799883},{""box"":{""left"":2549,""right"":2859,""top"":2867,""bottom"":4670},""time"":1729913799956},{""box"":{""left"":2549,""right"":2859,""top"":2867,""bottom"":4670},""time"":1729913800012},{""box"":{""left"":2549,""right"":2859,""top"":2867,""bottom"":4670},""time"":1729913800065},{""box"":{""left"":2549,""right"":2859,""top"":2867,""bottom"":4670},""time"":1729913800125},{""box"":{""left"":2549,""right"":2859,""top"":2867,""bottom"":4670},""time"":1729913800168},{""box"":{""left"":2549,""right"":2859,""top"":2867,""bottom"":4670},""time"":1729913800210},{""box"":{""left"":2549,""right"":2859,""top"":2867,""bottom"":4670},""time"":1729913800282},{""box"":{""left"":2549,""right"":2859,""top"":2867,""bottom"":4670},""time"":1729913800358},{""box"":{""left"":2549,""right"":2859,""top"":2867,""bottom"":4670},""time"":1729913800423},{""box"":{""left"":2549,""right"":2859,""top"":2867,""bottom"":4670},""time"":1729913800476},{""box"":{""left"":2549,""right"":2859,""top"":2867,""bottom"":4670},""time"":1729913800568},{""box"":{""left"":2549,""right"":2859,""top"":2867,""bottom"":4670},""time"":1729913800603},{""box"":{""left"":2549,""right"":2859,""top"":2867,""bottom"":4670},""time"":1729913800712},{""box"":{""left"":2549,""right"":2859,""top"":2867,""bottom"":4670},""time"":1729913800765},{""box"":{""left"":2549,""right"":2859,""top"":2867,""bottom"":4670},""time"":1729913800845},{""box"":{""left"":2549,""right"":2859,""top"":2867,""bottom"":4670},""time"":1729913800937},{""box"":{""left"":2549,""right"":2859,""top"":2867,""bottom"":4670},""time"":1729913801007},{""box"":{""left"":2549,""right"":2859,""top"":2867,""bottom"":4670},""time"":1729913801140},{""box"":{""left"":2549,""right"":2859,""top"":2867,""bottom"":4670},""time"":1729913801343},{""box"":{""left"":2549,""right"":2859,""top"":2867,""bottom"":4670},""time"":1729913801385},{""box"":{""left"":2549,""right"":2859,""top"":2867,""bottom"":4670},""time"":1729913801484},{""box"":{""left"":2549,""right"":2859,""top"":2867,""bottom"":4670},""time"":1729913801506},{""box"":{""left"":2549,""right"":2859,""top"":2867,""bottom"":4670},""time"":1729913801549},{""box"":{""left"":2549,""right"":2859,""top"":2867,""bottom"":4670},""time"":1729913801579},{""box"":{""left"":2549,""right"":2859,""top"":2867,""bottom"":4670},""time"":1729913801612},{""box"":{""left"":2549,""right"":2859,""top"":2867,""bottom"":4670},""time"":1729913801644},{""box"":{""left"":2549,""right"":2859,""top"":2867,""bottom"":4670},""time"":1729913801676},{""box"":{""left"":2549,""right"":2859,""top"":2867,""bottom"":4670},""time"":1729913801708},{""box"":{""left"":2549,""right"":2859,""top"":2867,""bottom"":4670},""time"":1729913801741},{""box"":{""left"":2549,""right"":2859,""top"":2867,""bottom"":4670},""time"":1729913801794},{""box"":{""left"":2549,""right"":2859,""top"":2867,""bottom"":4670},""time"":1729913801825},{""box"":{""left"":2549,""right"":2859,""top"":2867,""bottom"":4670},""time"":1729913801857},{""box"":{""left"":2549,""right"":2859,""top"":2867,""bottom"":4670},""time"":1729913801889},{""box"":{""left"":2549,""right"":2859,""top"":2867,""bottom"":4670},""time"":1729913801920},{""box"":{""left"":2549,""right"":2859,""top"":2867,""bottom"":4670},""time"":1729913801953},{""box"":{""left"":2549,""right"":2859,""top"":2867,""bottom"":4670},""time"":1729913801985},{""box"":{""left"":2549,""right"":2859,""top"":2867,""bottom"":4670},""time"":1729913802016},{""box"":{""left"":2549,""right"":2859,""top"":2867,""bottom"":4670},""time"":1729913802048},{""box"":{""left"":2549,""right"":2859,""top"":2867,""bottom"":4670},""time"":1729913802081},{""box"":{""left"":2549,""right"":2859,""top"":2867,""bottom"":4670},""time"":1729913802112},{""box"":{""left"":2549,""right"":2859,""top"":2867,""bottom"":4670},""time"":1729913802144},{""box"":{""left"":2549,""right"":2859,""top"":2867,""bottom"":4670},""time"":1729913802176},{""box"":{""left"":2549,""right"":2859,""top"":2867,""bottom"":4670},""time"":1729913802208},{""box"":{""left"":2549,""right"":2859,""top"":2867,""bottom"":4670},""time"":1729913802240},{""box"":{""left"":2549,""right"":2859,""top"":2867,""bottom"":4670},""time"":1729913802272},{""box"":{""left"":2549,""right"":2859,""top"":2867,""bottom"":4670},""time"":1729913802303},{""box"":{""left"":2549,""right"":2859,""top"":2867,""bottom"":4670},""time"":1729913802336},{""box"":{""left"":2549,""right"":2859,""top"":2867,""bottom"":4670},""time"":1729913802368},{""box"":{""left"":2549,""right"":2859,""top"":2867,""bottom"":4670},""time"":1729913802399},{""box"":{""left"":2549,""right"":2859,""top"":2867,""bottom"":4670},""time"":1729913802431},{""box"":{""left"":2549,""right"":2859,""top"":2867,""bottom"":4670},""time"":1729913802464},{""box"":{""left"":2549,""right"":2859,""top"":2867,""bottom"":4670},""time"":1729913802494},{""box"":{""left"":2549,""right"":2859,""top"":2867,""bottom"":4670},""time"":1729913802527},{""box"":{""left"":2549,""right"":2859,""top"":2867,""bottom"":4670},""time"":1729913802559},{""box"":{""left"":2549,""right"":2859,""top"":2867,""bottom"":4670},""time"":1729913802603},{""box"":{""left"":2549,""right"":2859,""top"":2867,""bottom"":4670},""time"":1729913802634},{""box"":{""left"":2549,""right"":2859,""top"":2867,""bottom"":4670},""time"":1729913802684},{""box"":{""left"":2549,""right"":2859,""top"":2867,""bottom"":4670},""time"":1729913802740},{""box"":{""left"":2549,""right"":2859,""top"":2867,""bottom"":4670},""time"":1729913802783},{""box"":{""left"":2549,""right"":2859,""top"":2867,""bottom"":4670},""time"":1729913803027},{""box"":{""left"":2549,""right"":2859,""top"":2867,""bottom"":4670},""time"":1729913803082},{""box"":{""left"":2549,""right"":2859,""top"":2867,""bottom"":4670},""time"":1729913803197},{""box"":{""left"":2549,""right"":2859,""top"":2867,""bottom"":4670},""time"":1729913803497},{""box"":{""left"":2549,""right"":2859,""top"":2867,""bottom"":4670},""time"":1729913803655},{""box"":{""left"":2549,""right"":2859,""top"":2867,""bottom"":4670},""time"":1729913803708},{""box"":{""left"":2549,""right"":2859,""top"":2867,""bottom"":4670},""time"":1729913803741},{""box"":{""left"":2549,""right"":2859,""top"":2867,""bottom"":4670},""time"":1729913803815},{""box"":{""left"":2549,""right"":2859,""top"":2867,""bottom"":4670},""time"":1729913803858},{""box"":{""left"":2549,""right"":2859,""top"":2867,""bottom"":4670},""time"":1729913803891},{""box"":{""left"":2549,""right"":2859,""top"":2867,""bottom"":4670},""time"":1729913803944},{""box"":{""left"":2549,""right"":2859,""top"":2867,""bottom"":4670},""time"":1729913803977},{""box"":{""left"":2549,""right"":2859,""top"":2867,""bottom"":4670},""time"":1729913804052},{""box"":{""left"":2549,""right"":2859,""top"":2867,""bottom"":4670},""time"":1729913804117},{""box"":{""left"":2549,""right"":2859,""top"":2867,""bottom"":4670},""time"":1729913804224},{""box"":{""left"":2549,""right"":2859,""top"":2867,""bottom"":4670},""time"":1729913804299},{""box"":{""left"":2549,""right"":2859,""top"":2867,""bottom"":4670},""time"":1729913804343},{""box"":{""left"":2549,""right"":2859,""top"":2867,""bottom"":4670},""time"":1729913804375},{""box"":{""left"":2549,""right"":2859,""top"":2867,""bottom"":4670},""time"":1729913804450},{""box"":{""left"":2549,""right"":2859,""top"":2867,""bottom"":4670},""time"":1729913804506},{""box"":{""left"":2549,""right"":2859,""top"":2867,""bottom"":4670},""time"":1729913804581},{""box"":{""left"":2549,""right"":2859,""top"":2867,""bottom"":4670},""time"":1729913804638},{""box"":{""left"":2549,""right"":2859,""top"":2867,""bottom"":4670},""time"":1729913804743},{""box"":{""left"":2549,""right"":2859,""top"":2867,""bottom"":4670},""time"":1729913804775},{""box"":{""left"":2549,""right"":2859,""top"":2867,""bottom"":4670},""time"":1729913804872},{""box"":{""left"":2549,""right"":2859,""top"":2867,""bottom"":4670},""time"":1729913804925},{""box"":{""left"":2549,""right"":2859,""top"":2867,""bottom"":4670},""time"":1729913804958},{""box"":{""left"":2549,""right"":2859,""top"":2867,""bottom"":4670},""time"":1729913805001},{""box"":{""left"":2549,""right"":2859,""top"":2867,""bottom"":4670},""time"":1729913805033},{""box"":{""left"":2549,""right"":2859,""top"":2867,""bottom"":4670},""time"":1729913805075},{""box"":{""left"":2549,""right"":2859,""top"":2867,""bottom"":4670},""time"":1729913805108},{""box"":{""left"":2549,""right"":2859,""top"":2867,""bottom"":4670},""time"":1729913805205},{""box"":{""left"":2549,""right"":2859,""top"":2867,""bottom"":4670},""time"":1729913805248},{""box"":{""left"":2549,""right"":2859,""top"":2867,""bottom"":4670},""time"":1729913805279},{""box"":{""left"":2549,""right"":2859,""top"":2867,""bottom"":4670},""time"":1729913805344},{""box"":{""left"":2549,""right"":2859,""top"":2867,""bottom"":4670},""time"":1729913805436},{""box"":{""left"":2549,""right"":2859,""top"":2867,""bottom"":4670},""time"":1729913805501},{""box"":{""left"":2549,""right"":2859,""top"":2867,""bottom"":4670},""time"":1729913805558},{""box"":{""left"":2549,""right"":2859,""top"":2867,""bottom"":4670},""time"":1729913805645},{""box"":{""left"":2549,""right"":2859,""top"":2867,""bottom"":4670},""time"":1729913805710},{""box"":{""left"":2549,""right"":2859,""top"":2867,""bottom"":4670},""time"":1729913805794},{""box"":{""left"":2549,""right"":2859,""top"":2867,""bottom"":4670},""time"":1729913805826},{""box"":{""left"":2549,""right"":2859,""top"":2867,""bottom"":4670},""time"":1729913805938},{""box"":{""left"":2549,""right"":2859,""top"":2867,""bottom"":4670},""time"":1729913806003},{""box"":{""left"":2549,""right"":2859,""top"":2867,""bottom"":4670},""time"":1729913806090},{""box"":{""left"":2549,""right"":2859,""top"":2867,""bottom"":4670},""time"":1729913806166},{""box"":{""left"":2549,""right"":2859,""top"":2867,""bottom"":4670},""time"":1729913806210},{""box"":{""left"":2549,""right"":2859,""top"":2867,""bottom"":4670},""time"":1729913806253},{""box"":{""left"":2549,""right"":2859,""top"":2867,""bottom"":4670},""time"":1729913806335},{""box"":{""left"":2549,""right"":2859,""top"":2867,""bottom"":4670},""time"":1729913806518},{""box"":{""left"":2549,""right"":2859,""top"":2867,""bottom"":4670},""time"":1729913806606},{""box"":{""left"":2549,""right"":2859,""top"":2867,""bottom"":4670},""time"":1729913806690},{""box"":{""left"":2549,""right"":2859,""top"":2867,""bottom"":4670},""time"":1729913806884},{""box"":{""left"":2549,""right"":2859,""top"":2867,""bottom"":4670},""time"":1729913806979},{""box"":{""left"":2549,""right"":2859,""top"":2867,""bottom"":4670},""time"":1729913807022},{""box"":{""left"":2549,""right"":2859,""top"":2867,""bottom"":4670},""time"":1729913807724},{""box"":{""left"":2549,""right"":2859,""top"":2867,""bottom"":4670},""time"":1729913807771},{""box"":{""left"":2549,""right"":2859,""top"":2867,""bottom"":4670},""time"":1729913807814},{""box"":{""left"":2549,""right"":2859,""top"":2867,""bottom"":4670},""time"":1729913807962},{""box"":{""left"":2549,""right"":2859,""top"":2867,""bottom"":4670},""time"":1729913808028},{""box"":{""left"":2549,""right"":2859,""top"":2867,""bottom"":4670},""time"":1729913808071},{""box"":{""left"":2549,""right"":2859,""top"":2867,""bottom"":4670},""time"":1729913808199},{""box"":{""left"":2549,""right"":2859,""top"":2867,""bottom"":4670},""time"":1729913808283},{""box"":{""left"":2549,""right"":2859,""top"":2867,""bottom"":4670},""time"":1729913808414},{""box"":{""left"":2549,""right"":2859,""top"":2867,""bottom"":4670},""time"":1729913808497},{""box"":{""left"":2549,""right"":2859,""top"":2867,""bottom"":4670},""time"":1729913808975},{""box"":{""left"":2549,""right"":2859,""top"":2867,""bottom"":4670},""time"":1729913809075},{""box"":{""left"":2549,""right"":2859,""top"":2867,""bottom"":4670},""time"":1729913809162},{""box"":{""left"":2549,""right"":2859,""top"":2867,""bottom"":4670},""time"":1729913809376},{""box"":{""left"":2549,""right"":2859,""top"":2867,""bottom"":4670},""time"":1729913809422},{""box"":{""left"":2549,""right"":2859,""top"":2867,""bottom"":4670},""time"":1729913809533},{""box"":{""left"":2549,""right"":2859,""top"":2867,""bottom"":4670},""time"":1729913809577},{""box"":{""left"":2549,""right"":2859,""top"":2867,""bottom"":4670},""time"":1729913809636},{""box"":{""left"":2549,""right"":2859,""top"":2867,""bottom"":4670},""time"":1729913809680},{""box"":{""left"":2549,""right"":2859,""top"":2867,""bottom"":4670},""time"":1729913809733},{""box"":{""left"":2549,""right"":2859,""top"":2867,""bottom"":4670},""time"":1729913809777},{""box"":{""left"":2549,""right"":2859,""top"":2867,""bottom"":4670},""time"":1729913809855},{""box"":{""left"":2549,""right"":2859,""top"":2867,""bottom"":4670},""time"":1729913809915},{""box"":{""left"":2549,""right"":2859,""top"":2867,""bottom"":4670},""time"":1729913809957},{""box"":{""left"":2549,""right"":2859,""top"":2867,""bottom"":4670},""time"":1729913810036},{""box"":{""left"":2549,""right"":2859,""top"":2867,""bottom"":4670},""time"":1729913810106},{""box"":{""left"":2549,""right"":2859,""top"":2867,""bottom"":4670},""time"":1729913810181},{""box"":{""left"":2549,""right"":2859,""top"":2867,""bottom"":4670},""time"":1729913810213},{""box"":{""left"":2549,""right"":2859,""top"":2867,""bottom"":4670},""time"":1729913810277},{""box"":{""left"":2549,""right"":2859,""top"":2867,""bottom"":4670},""time"":1729913810309},{""box"":{""left"":2549,""right"":2859,""top"":2867,""bottom"":4670},""time"":1729913810363},{""box"":{""left"":2549,""right"":2859,""top"":2867,""bottom"":4670},""time"":1729913810396},{""box"":{""left"":2549,""right"":2859,""top"":2867,""bottom"":4670},""time"":1729913810438},{""box"":{""left"":2549,""right"":2859,""top"":2867,""bottom"":4670},""time"":1729913810471},{""box"":{""left"":2549,""right"":2859,""top"":2867,""bottom"":4670},""time"":1729913810526},{""box"":{""left"":2549,""right"":2859,""top"":2867,""bottom"":4670},""time"":1729913810558},{""box"":{""left"":2549,""right"":2859,""top"":2867,""bottom"":4670},""time"":1729913810661},{""box"":{""left"":2549,""right"":2859,""top"":2867,""bottom"":4670},""time"":1729913810703},{""box"":{""left"":2549,""right"":2859,""top"":2867,""bottom"":4670},""time"":1729913810800},{""box"":{""left"":2549,""right"":2859,""top"":2867,""bottom"":4670},""time"":1729913810866},{""box"":{""left"":2549,""right"":2859,""top"":2867,""bottom"":4670},""time"":1729913810914},{""box"":{""left"":2549,""right"":2859,""top"":2867,""bottom"":4670},""time"":1729913810960},{""box"":{""left"":2549,""right"":2859,""top"":2867,""bottom"":4670},""time"":1729913811046},{""box"":{""left"":2549,""right"":2859,""top"":2867,""bottom"":4670},""time"":1729913811090},{""box"":{""left"":2549,""right"":2859,""top"":2867,""bottom"":4670},""time"":1729913811123},{""box"":{""left"":2549,""right"":2859,""top"":2867,""bottom"":4670},""time"":1729913811176},{""box"":{""left"":2549,""right"":2859,""top"":2867,""bottom"":4670},""time"":1729913811207},{""box"":{""left"":2549,""right"":2859,""top"":2867,""bottom"":4670},""time"":1729913811525},{""box"":{""left"":2549,""right"":2859,""top"":2867,""bottom"":4670},""time"":1729913811978},{""box"":{""left"":2549,""right"":2859,""top"":2867,""bottom"":4670},""time"":1729913812123},{""box"":{""left"":2549,""right"":2859,""top"":2867,""bottom"":4670},""time"":1729913812173},{""box"":{""left"":2549,""right"":2859,""top"":2867,""bottom"":4670},""time"":1729913812270},{""box"":{""left"":2549,""right"":2859,""top"":2867,""bottom"":4670},""time"":1729913812313},{""box"":{""left"":2549,""right"":2859,""top"":2867,""bottom"":4670},""time"":1729913812345},{""box"":{""left"":2549,""right"":2859,""top"":2867,""bottom"":4670},""time"":1729913812551},{""box"":{""left"":2549,""right"":2859,""top"":2867,""bottom"":4670},""time"":1729913812625},{""box"":{""left"":2549,""right"":2859,""top"":2867,""bottom"":4670},""time"":1729913812677},{""box"":{""left"":2549,""right"":2859,""top"":2867,""bottom"":4670},""time"":1729913812722},{""box"":{""left"":2549,""right"":2859,""top"":2867,""bottom"":4670},""time"":1729913812808},{""box"":{""left"":2549,""right"":2859,""top"":2867,""bottom"":4670},""time"":1729913812895},{""box"":{""left"":2549,""right"":2859,""top"":2867,""bottom"":4670},""time"":1729913813122},{""box"":{""left"":2549,""right"":2859,""top"":2867,""bottom"":4670},""time"":1729913813166},{""box"":{""left"":2549,""right"":2859,""top"":2867,""bottom"":4670},""time"":1729913813200},{""box"":{""left"":2549,""right"":2859,""top"":2867,""bottom"":4670},""time"":1729913813275},{""box"":{""left"":2549,""right"":2859,""top"":2867,""bottom"":4670},""time"":1729913813307},{""box"":{""left"":2549,""right"":2859,""top"":2867,""bottom"":4670},""time"":1729913813362},{""box"":{""left"":2549,""right"":2859,""top"":2867,""bottom"":4670},""time"":1729913813394},{""box"":{""left"":2549,""right"":2859,""top"":2867,""bottom"":4670},""time"":1729913813425},{""box"":{""left"":2549,""right"":2859,""top"":2867,""bottom"":4670},""time"":1729913813458},{""box"":{""left"":2549,""right"":2859,""top"":2867,""bottom"":4670},""time"":1729913813490},{""box"":{""left"":2549,""right"":2859,""top"":2867,""bottom"":4670},""time"":1729913813522},{""box"":{""left"":2549,""right"":2859,""top"":2867,""bottom"":4670},""time"":1729913813563},{""box"":{""left"":2549,""right"":2859,""top"":2867,""bottom"":4670},""time"":1729913813596},{""box"":{""left"":2549,""right"":2859,""top"":2867,""bottom"":4670},""time"":1729913813633},{""box"":{""left"":2549,""right"":2859,""top"":2867,""bottom"":4670},""time"":1729913813666},{""box"":{""left"":2549,""right"":2859,""top"":2867,""bottom"":4670},""time"":1729913813752},{""box"":{""left"":2549,""right"":2859,""top"":2867,""bottom"":4670},""time"":1729913813785},{""box"":{""left"":2549,""right"":2859,""top"":2867,""bottom"":4670},""time"":1729913813831},{""box"":{""left"":2549,""right"":2859,""top"":2867,""bottom"":4670},""time"":1729913813863},{""box"":{""left"":2549,""right"":2859,""top"":2867,""bottom"":4670},""time"":1729913814112},{""box"":{""left"":2549,""right"":2859,""top"":2867,""bottom"":4670},""time"":1729913814155},{""box"":{""left"":2549,""right"":2859,""top"":2867,""bottom"":4670},""time"":1729913814372},{""box"":{""left"":2549,""right"":2859,""top"":2867,""bottom"":4670},""time"":1729913814429},{""box"":{""left"":2549,""right"":2859,""top"":2867,""bottom"":4670},""time"":1729913814504},{""box"":{""left"":2549,""right"":2859,""top"":2867,""bottom"":4670},""time"":1729913814578},{""box"":{""left"":2549,""right"":2859,""top"":2867,""bottom"":4670},""time"":1729913814633},{""box"":{""left"":2549,""right"":2859,""top"":2867,""bottom"":4670},""time"":1729913814724},{""box"":{""left"":2549,""right"":2859,""top"":2867,""bottom"":4670},""time"":1729913814797},{""box"":{""left"":2549,""right"":2859,""top"":2867,""bottom"":4670},""time"":1729913814852},{""box"":{""left"":2549,""right"":2859,""top"":2867,""bottom"":4670},""time"":1729913814917},{""box"":{""left"":2549,""right"":2859,""top"":2867,""bottom"":4670},""time"":1729913814970},{""box"":{""left"":2549,""right"":2859,""top"":2867,""bottom"":4670},""time"":1729913815046},{""box"":{""left"":2549,""right"":2859,""top"":2867,""bottom"":4670},""time"":1729913815160},{""box"":{""left"":2549,""right"":2859,""top"":2867,""bottom"":4670},""time"":1729913815319},{""box"":{""left"":2549,""right"":2859,""top"":2867,""bottom"":4670},""time"":1729913815386},{""box"":{""left"":2549,""right"":2859,""top"":2867,""bottom"":4670},""time"":1729913815431},{""box"":{""left"":2549,""right"":2859,""top"":2867,""bottom"":4670},""time"":1729913815596},{""box"":{""left"":2549,""right"":2859,""top"":2867,""bottom"":4670},""time"":1729913815676},{""box"":{""left"":2549,""right"":2859,""top"":2867,""bottom"":4670},""time"":1729913815721},{""box"":{""left"":2549,""right"":2859,""top"":2867,""bottom"":4670},""time"":1729913815765},{""box"":{""left"":2549,""right"":2859,""top"":2867,""bottom"":4670},""time"":1729913815826},{""box"":{""left"":2549,""right"":2859,""top"":2867,""bottom"":4670},""time"":1729913815880},{""box"":{""left"":2549,""right"":2859,""top"":2867,""bottom"":4670},""time"":1729913815979},{""box"":{""left"":2549,""right"":2859,""top"":2867,""bottom"":4670},""time"":1729913816081},{""box"":{""left"":2549,""right"":2859,""top"":2867,""bottom"":4670},""time"":1729913816233},{""box"":{""left"":2549,""right"":2859,""top"":2867,""bottom"":4670},""time"":1729913816325},{""box"":{""left"":2549,""right"":2859,""top"":2867,""bottom"":4670},""time"":1729913816452},{""box"":{""left"":2549,""right"":2859,""top"":2867,""bottom"":4670},""time"":1729913816526},{""box"":{""left"":2549,""right"":2859,""top"":2867,""bottom"":4670},""time"":1729913816570},{""box"":{""left"":2549,""right"":2859,""top"":2867,""bottom"":4670},""time"":1729913816656},{""box"":{""left"":2549,""right"":2859,""top"":2867,""bottom"":4670},""time"":1729913816719},{""box"":{""left"":2549,""right"":2859,""top"":2867,""bottom"":4670},""time"":1729913816763},{""box"":{""left"":2549,""right"":2859,""top"":2867,""bottom"":4670},""time"":1729913816815},{""box"":{""left"":2549,""right"":2859,""top"":2867,""bottom"":4670},""time"":1729913817066},{""box"":{""left"":2549,""right"":2859,""top"":2867,""bottom"":4670},""time"":1729913817243},{""box"":{""left"":2549,""right"":2859,""top"":2867,""bottom"":4670},""time"":1729913817353},{""box"":{""left"":2549,""right"":2859,""top"":2867,""bottom"":4670},""time"":1729913817442},{""box"":{""left"":2549,""right"":2859,""top"":2867,""bottom"":4670},""time"":1729913817560},{""box"":{""left"":2549,""right"":2859,""top"":2867,""bottom"":4670},""time"":1729913817649},{""box"":{""left"":2549,""right"":2859,""top"":2867,""bottom"":4670},""time"":1729913817771},{""box"":{""left"":2549,""right"":2859,""top"":2867,""bottom"":4670},""time"":1729913817809},{""box"":{""left"":2549,""right"":2859,""top"":2867,""bottom"":4670},""time"":1729913817852},{""box"":{""left"":2549,""right"":2859,""top"":2867,""bottom"":4670},""time"":1729913817949},{""box"":{""left"":2549,""right"":2859,""top"":2867,""bottom"":4670},""time"":1729913818025},{""box"":{""left"":2549,""right"":2859,""top"":2867,""bottom"":4670},""time"":1729913818067},{""box"":{""left"":2549,""right"":2859,""top"":2867,""bottom"":4670},""time"":1729913818164},{""box"":{""left"":2549,""right"":2859,""top"":2867,""bottom"":4670},""time"":1729913818285},{""box"":{""left"":2549,""right"":2859,""top"":2867,""bottom"":4670},""time"":1729913818393},{""box"":{""left"":2549,""right"":2859,""top"":2867,""bottom"":4670},""time"":1729913818467},{""box"":{""left"":2549,""right"":2859,""top"":2867,""bottom"":4670},""time"":1729913818522},{""box"":{""left"":2549,""right"":2859,""top"":2867,""bottom"":4670},""time"":1729913818598},{""box"":{""left"":2549,""right"":2859,""top"":2867,""bottom"":4670},""time"":1729913818641},{""box"":{""left"":2549,""right"":2859,""top"":2867,""bottom"":4670},""time"":1729913818738},{""box"":{""left"":2549,""right"":2859,""top"":2867,""bottom"":4670},""time"":1729913818794},{""box"":{""left"":2549,""right"":2859,""top"":2867,""bottom"":4670},""time"":1729913818837},{""box"":{""left"":2549,""right"":2859,""top"":2867,""bottom"":4670},""time"":1729913819205},{""box"":{""left"":2549,""right"":2859,""top"":2867,""bottom"":4670},""time"":1729913819412},{""box"":{""left"":2549,""right"":2859,""top"":2867,""bottom"":4670},""time"":1729913819491},{""box"":{""left"":2549,""right"":2859,""top"":2867,""bottom"":4670},""time"":1729913819587},{""box"":{""left"":2549,""right"":2859,""top"":2867,""bottom"":4670},""time"":1729913819632},{""box"":{""left"":2549,""right"":2859,""top"":2867,""bottom"":4670},""time"":1729913819697},{""box"":{""left"":2549,""right"":2859,""top"":2867,""bottom"":4670},""time"":1729913819761},{""box"":{""left"":2549,""right"":2859,""top"":2867,""bottom"":4670},""time"":1729913819837},{""box"":{""left"":2549,""right"":2859,""top"":2867,""bottom"":4670},""time"":1729913819957},{""box"":{""left"":2549,""right"":2859,""top"":2867,""bottom"":4670},""time"":1729913820022},{""box"":{""left"":2549,""right"":2859,""top"":2867,""bottom"":4670},""time"":1729913820158},{""box"":{""left"":2549,""right"":2859,""top"":2867,""bottom"":4670},""time"":1729913820279},{""box"":{""left"":2549,""right"":2859,""top"":2867,""bottom"":4670},""time"":1729913820324},{""box"":{""left"":2549,""right"":2859,""top"":2867,""bottom"":4670},""time"":1729913820480},{""box"":{""left"":2549,""right"":2859,""top"":2867,""bottom"":4670},""time"":1729913820535},{""box"":{""left"":2549,""right"":2859,""top"":2867,""bottom"":4670},""time"":1729913820621},{""box"":{""left"":2549,""right"":2859,""top"":2867,""bottom"":4670},""time"":1729913820978},{""box"":{""left"":2549,""right"":2859,""top"":2867,""bottom"":4670},""time"":1729913821055},{""box"":{""left"":2549,""right"":2859,""top"":2867,""bottom"":4670},""time"":1729913821170},{""box"":{""left"":2549,""right"":2859,""top"":2867,""bottom"":4670},""time"":1729913821240},{""box"":{""left"":2549,""right"":2859,""top"":2867,""bottom"":4670},""time"":1729913821306},{""box"":{""left"":2549,""right"":2859,""top"":2867,""bottom"":4670},""time"":1729913821349},{""box"":{""left"":2549,""right"":2859,""top"":2867,""bottom"":4670},""time"":1729913821439},{""box"":{""left"":2549,""right"":2859,""top"":2867,""bottom"":4670},""time"":1729913821514},{""box"":{""left"":2549,""right"":2859,""top"":2867,""bottom"":4670},""time"":1729913821557},{""box"":{""left"":2549,""right"":2859,""top"":2867,""bottom"":4670},""time"":1729913821647},{""box"":{""left"":2549,""right"":2859,""top"":2867,""bottom"":4670},""time"":1729913821712},{""box"":{""left"":2549,""right"":2859,""top"":2867,""bottom"":4670},""time"":1729913821744},{""box"":{""left"":2549,""right"":2859,""top"":2867,""bottom"":4670},""time"":1729913821790},{""box"":{""left"":2549,""right"":2859,""top"":2867,""bottom"":4670},""time"":1729913821822},{""box"":{""left"":2549,""right"":2859,""top"":2867,""bottom"":4670},""time"":1729913821840},{""box"":{""left"":2549,""right"":2859,""top"":2867,""bottom"":4670},""time"":1729913821873},{""box"":{""left"":2549,""right"":2859,""top"":2867,""bottom"":4670},""time"":1729913821893},{""box"":{""left"":2549,""right"":2859,""top"":2867,""bottom"":4670},""time"":1729913821925},{""box"":{""left"":2549,""right"":2859,""top"":2867,""bottom"":4670},""time"":1729913821978},{""box"":{""left"":2549,""right"":2859,""top"":2867,""bottom"":4670},""time"":1729913822032},{""box"":{""left"":2549,""right"":2859,""top"":2867,""bottom"":4670},""time"":1729913822065},{""box"":{""left"":2549,""right"":2859,""top"":2867,""bottom"":4670},""time"":1729913822113},{""box"":{""left"":2549,""right"":2859,""top"":2867,""bottom"":4670},""time"":1729913822177},{""box"":{""left"":2549,""right"":2859,""top"":2867,""bottom"":4670},""time"":1729913822211},{""box"":{""left"":2549,""right"":2859,""top"":2867,""bottom"":4670},""time"":1729913822279},{""box"":{""left"":2549,""right"":2859,""top"":2867,""bottom"":4670},""time"":1729913822368},{""box"":{""left"":2549,""right"":2859,""top"":2867,""bottom"":4670},""time"":1729913822457},{""box"":{""left"":2549,""right"":2859,""top"":2867,""bottom"":4670},""time"":1729913822554},{""box"":{""left"":2549,""right"":2859,""top"":2867,""bottom"":4670},""time"":1729913822607},{""box"":{""left"":2549,""right"":2859,""top"":2867,""bottom"":4670},""time"":1729913822640},{""box"":{""left"":2549,""right"":2859,""top"":2867,""bottom"":4670},""time"":1729913822658},{""box"":{""left"":2549,""right"":2859,""top"":2867,""bottom"":4670},""time"":1729913822690},{""box"":{""left"":2549,""right"":2859,""top"":2867,""bottom"":4670},""time"":1729913822711},{""box"":{""left"":2549,""right"":2859,""top"":2867,""bottom"":4670},""time"":1729913822743},{""box"":{""left"":2549,""right"":2859,""top"":2867,""bottom"":4670},""time"":1729913822761},{""box"":{""left"":2549,""right"":2859,""top"":2867,""bottom"":4670},""time"":1729913822815},{""box"":{""left"":2549,""right"":2859,""top"":2867,""bottom"":4670},""time"":1729913822850},{""box"":{""left"":2549,""right"":2859,""top"":2867,""bottom"":4670},""time"":1729913822885},{""box"":{""left"":2549,""right"":2859,""top"":2867,""bottom"":4670},""time"":1729913822939},{""box"":{""left"":2549,""right"":2859,""top"":2867,""bottom"":4670},""time"":1729913822993},{""box"":{""left"":2549,""right"":2859,""top"":2867,""bottom"":4670},""time"":1729913823025},{""box"":{""left"":2549,""right"":2859,""top"":2867,""bottom"":4670},""time"":1729913823036},{""box"":{""left"":2549,""right"":2859,""top"":2867,""bottom"":4670},""time"":1729913823080},{""box"":{""left"":2549,""right"":2859,""top"":2867,""bottom"":4670},""time"":1729913823188},{""box"":{""left"":2549,""right"":2859,""top"":2867,""bottom"":4670},""time"":1729913823277},{""box"":{""left"":2549,""right"":2859,""top"":2867,""bottom"":4670},""time"":1729913823375},{""box"":{""left"":2549,""right"":2859,""top"":2867,""bottom"":4670},""time"":1729913823439},{""box"":{""left"":2549,""right"":2859,""top"":2867,""bottom"":4670},""time"":1729913823472},{""box"":{""left"":2549,""right"":2859,""top"":2867,""bottom"":4670},""time"":1729913823516},{""box"":{""left"":2549,""right"":2859,""top"":2867,""bottom"":4670},""time"":1729913823550},{""box"":{""left"":2549,""right"":2859,""top"":2867,""bottom"":4670},""time"":1729913823582},{""box"":{""left"":2549,""right"":2859,""top"":2867,""bottom"":4670},""time"":1729913823614},{""box"":{""left"":2549,""right"":2859,""top"":2867,""bottom"":4670},""time"":1729913823638},{""box"":{""left"":2549,""right"":2859,""top"":2867,""bottom"":4670},""time"":1729913823672},{""box"":{""left"":2549,""right"":2859,""top"":2867,""bottom"":4670},""time"":1729913823695},{""box"":{""left"":2549,""right"":2859,""top"":2867,""bottom"":4670},""time"":1729913823727},{""box"":{""left"":2549,""right"":2859,""top"":2867,""bottom"":4670},""time"":1729913823750},{""box"":{""left"":2549,""right"":2859,""top"":2867,""bottom"":4670},""time"":1729913823784},{""box"":{""left"":2549,""right"":2859,""top"":2867,""bottom"":4670},""time"":1729913823808},{""box"":{""left"":2549,""right"":2859,""top"":2867,""bottom"":4670},""time"":1729913823840},{""box"":{""left"":2549,""right"":2859,""top"":2867,""bottom"":4670},""time"":1729913823863},{""box"":{""left"":2549,""right"":2859,""top"":2867,""bottom"":4670},""time"":1729913823897},{""box"":{""left"":2549,""right"":2859,""top"":2867,""bottom"":4670},""time"":1729913823920},{""box"":{""left"":2549,""right"":2859,""top"":2867,""bottom"":4670},""time"":1729913824020},{""box"":{""left"":2549,""right"":2859,""top"":2867,""bottom"":4670},""time"":1729913824087},{""box"":{""left"":2549,""right"":2859,""top"":2867,""bottom"":4670},""time"":1729913824211},{""box"":{""left"":2549,""right"":2859,""top"":2867,""bottom"":4670},""time"":1729913824283},{""box"":{""left"":2549,""right"":2859,""top"":2867,""bottom"":4670},""time"":1729913824389},{""box"":{""left"":2549,""right"":2859,""top"":2867,""bottom"":4670},""time"":1729913824476},{""box"":{""left"":2549,""right"":2859,""top"":2867,""bottom"":4670},""time"":1729913824559},{""box"":{""left"":2549,""right"":2859,""top"":2867,""bottom"":4670},""time"":1729913824638},{""box"":{""left"":2549,""right"":2859,""top"":2867,""bottom"":4670},""time"":1729913824692},{""box"":{""left"":2549,""right"":2859,""top"":2867,""bottom"":4670},""time"":1729913824783},{""box"":{""left"":2549,""right"":2859,""top"":2867,""bottom"":4670},""time"":1729913824880},{""box"":{""left"":2549,""right"":2859,""top"":2867,""bottom"":4670},""time"":1729913824913},{""box"":{""left"":2549,""right"":2859,""top"":2867,""bottom"":4670},""time"":1729913824950},{""box"":{""left"":2549,""right"":2859,""top"":2867,""bottom"":4670},""time"":1729913825062},{""box"":{""left"":2549,""right"":2859,""top"":2867,""bottom"":4670},""time"":1729913825127},{""box"":{""left"":2549,""right"":2859,""top"":2867,""bottom"":4670},""time"":1729913825192},{""box"":{""left"":2549,""right"":2859,""top"":2867,""bottom"":4670},""time"":1729913825226},{""box"":{""left"":2549,""right"":2859,""top"":2867,""bottom"":4670},""time"":1729913825296},{""box"":{""left"":2549,""right"":2859,""top"":2867,""bottom"":4670},""time"":1729913825372},{""box"":{""left"":2549,""right"":2859,""top"":2867,""bottom"":4670},""time"":1729913825425},{""box"":{""left"":2549,""right"":2859,""top"":2867,""bottom"":4670},""time"":1729913825501},{""box"":{""left"":2549,""right"":2859,""top"":2867,""bottom"":4670},""time"":1729913825546},{""box"":{""left"":2549,""right"":2859,""top"":2867,""bottom"":4670},""time"":1729913825601},{""box"":{""left"":2549,""right"":2859,""top"":2867,""bottom"":4670},""time"":1729913825656},{""box"":{""left"":2549,""right"":2859,""top"":2867,""bottom"":4670},""time"":1729913825743},{""box"":{""left"":2549,""right"":2859,""top"":2867,""bottom"":4670},""time"":1729913825797},{""box"":{""left"":2549,""right"":2859,""top"":2867,""bottom"":4670},""time"":1729913825889},{""box"":{""left"":2549,""right"":2859,""top"":2867,""bottom"":4670},""time"":1729913825975},{""box"":{""left"":2549,""right"":2859,""top"":2867,""bottom"":4670},""time"":1729913826031},{""box"":{""left"":2549,""right"":2859,""top"":2867,""bottom"":4670},""time"":1729913826094},{""box"":{""left"":2549,""right"":2859,""top"":2867,""bottom"":4670},""time"":1729913826128},{""box"":{""left"":2549,""right"":2859,""top"":2867,""bottom"":4670},""time"":1729913826147},{""box"":{""left"":2549,""right"":2859,""top"":2867,""bottom"":4670},""time"":1729913826179},{""box"":{""left"":2549,""right"":2859,""top"":2867,""bottom"":4670},""time"":1729913826198},{""box"":{""left"":2549,""right"":2859,""top"":2867,""bottom"":4670},""time"":1729913826230},{""box"":{""left"":2549,""right"":2859,""top"":2867,""bottom"":4670},""time"":1729913826251},{""box"":{""left"":2549,""right"":2859,""top"":2867,""bottom"":4670},""time"":1729913826305},{""box"":{""left"":2549,""right"":2859,""top"":2867,""bottom"":4670},""time"":1729913826359},{""box"":{""left"":2549,""right"":2859,""top"":2867,""bottom"":4670},""time"":1729913826446},{""box"":{""left"":2549,""right"":2859,""top"":2867,""bottom"":4670},""time"":1729913826510},{""box"":{""left"":2549,""right"":2859,""top"":2867,""bottom"":4670},""time"":1729913826575},{""box"":{""left"":2549,""right"":2859,""top"":2867,""bottom"":4670},""time"":1729913826640},{""box"":{""left"":2549,""right"":2859,""top"":2867,""bottom"":4670},""time"":1729913826704},{""box"":{""left"":2549,""right"":2859,""top"":2867,""bottom"":4670},""time"":1729913826772},{""box"":{""left"":2549,""right"":2859,""top"":2867,""bottom"":4670},""time"":1729913826838},{""box"":{""left"":2549,""right"":2859,""top"":2867,""bottom"":4670},""time"":1729913826883},{""box"":{""left"":2549,""right"":2859,""top"":2867,""bottom"":4670},""time"":1729913826916},{""box"":{""left"":2549,""right"":2859,""top"":2867,""bottom"":4670},""time"":1729913826934},{""box"":{""left"":2549,""right"":2859,""top"":2867,""bottom"":4670},""time"":1729913826988},{""box"":{""left"":2549,""right"":2859,""top"":2867,""bottom"":4670},""time"":1729913827067},{""box"":{""left"":2549,""right"":2859,""top"":2867,""bottom"":4670},""time"":1729913827134},{""box"":{""left"":2549,""right"":2859,""top"":2867,""bottom"":4670},""time"":1729913827211},{""box"":{""left"":2549,""right"":2859,""top"":2867,""bottom"":4670},""time"":1729913827254},{""box"":{""left"":2549,""right"":2859,""top"":2867,""bottom"":4670},""time"":1729913827355},{""box"":{""left"":2549,""right"":2859,""top"":2867,""bottom"":4670},""time"":1729913827420},{""box"":{""left"":2549,""right"":2859,""top"":2867,""bottom"":4670},""time"":1729913827480},{""box"":{""left"":2549,""right"":2859,""top"":2867,""bottom"":4670},""time"":1729913827528},{""box"":{""left"":2549,""right"":2859,""top"":2867,""bottom"":4670},""time"":1729913827582},{""box"":{""left"":2549,""right"":2859,""top"":2867,""bottom"":4670},""time"":1729913827668},{""box"":{""left"":2549,""right"":2859,""top"":2867,""bottom"":4670},""time"":1729913827722},{""box"":{""left"":2549,""right"":2859,""top"":2867,""bottom"":4670},""time"":1729913827768},{""box"":{""left"":2549,""right"":2859,""top"":2867,""bottom"":4670},""time"":1729913827822},{""box"":{""left"":2549,""right"":2859,""top"":2867,""bottom"":4670},""time"":1729913827898},{""box"":{""left"":2549,""right"":2859,""top"":2867,""bottom"":4670},""time"":1729913827964},{""box"":{""left"":2549,""right"":2859,""top"":2867,""bottom"":4670},""time"":1729913828019},{""box"":{""left"":2549,""right"":2859,""top"":2867,""bottom"":4670},""time"":1729913828075},{""box"":{""left"":2549,""right"":2859,""top"":2867,""bottom"":4670},""time"":1729913828141},{""box"":{""left"":2549,""right"":2859,""top"":2867,""bottom"":4670},""time"":1729913828191},{""box"":{""left"":2549,""right"":2859,""top"":2867,""bottom"":4670},""time"":1729913828236},{""box"":{""left"":2549,""right"":2859,""top"":2867,""bottom"":4670},""time"":1729913828278},{""box"":{""left"":2549,""right"":2859,""top"":2867,""bottom"":4670},""time"":1729913828345},{""box"":{""left"":2549,""right"":2859,""top"":2867,""bottom"":4670},""time"":1729913828380},{""box"":{""left"":2549,""right"":2859,""top"":2867,""bottom"":4670},""time"":1729913828411},{""box"":{""left"":2549,""right"":2859,""top"":2867,""bottom"":4670},""time"":1729913828444},{""box"":{""left"":2549,""right"":2859,""top"":2867,""bottom"":4670},""time"":1729913828462},{""box"":{""left"":2549,""right"":2859,""top"":2867,""bottom"":4670},""time"":1729913828497},{""box"":{""left"":2549,""right"":2859,""top"":2867,""bottom"":4670},""time"":1729913828519},{""box"":{""left"":2549,""right"":2859,""top"":2867,""bottom"":4670},""time"":1729913828551},{""box"":{""left"":2549,""right"":2859,""top"":2867,""bottom"":4670},""time"":1729913828607},{""box"":{""left"":2549,""right"":2859,""top"":2867,""bottom"":4670},""time"":1729913828668},{""box"":{""left"":2549,""right"":2859,""top"":2867,""bottom"":4670},""time"":1729913828713},{""box"":{""left"":2549,""right"":2859,""top"":2867,""bottom"":4670},""time"":1729913828793},{""box"":{""left"":2549,""right"":2859,""top"":2867,""bottom"":4670},""time"":1729913828857},{""box"":{""left"":2549,""right"":2859,""top"":2867,""bottom"":4670},""time"":1729913828881},{""box"":{""left"":2549,""right"":2859,""top"":2867,""bottom"":4670},""time"":1729913828913},{""box"":{""left"":2549,""right"":2859,""top"":2867,""bottom"":4670},""time"":1729913828928},{""box"":{""left"":2549,""right"":2859,""top"":2867,""bottom"":4670},""time"":1729913828961},{""box"":{""left"":2549,""right"":2859,""top"":2867,""bottom"":4670},""time"":1729913828992},{""box"":{""left"":2549,""right"":2859,""top"":2867,""bottom"":4670},""time"":1729913829069},{""box"":{""left"":2549,""right"":2859,""top"":2867,""bottom"":4670},""time"":1729913829158},{""box"":{""left"":2549,""right"":2859,""top"":2867,""bottom"":4670},""time"":1729913829212},{""box"":{""left"":2549,""right"":2859,""top"":2867,""bottom"":4670},""time"":1729913829284},{""box"":{""left"":2549,""right"":2859,""top"":2867,""bottom"":4670},""time"":1729913829319},{""box"":{""left"":2549,""right"":2859,""top"":2867,""bottom"":4670},""time"":1729913829389},{""box"":{""left"":2549,""right"":2859,""top"":2867,""bottom"":4670},""time"":1729913829434},{""box"":{""left"":2549,""right"":2859,""top"":2867,""bottom"":4670},""time"":1729913829552},{""box"":{""left"":2549,""right"":2859,""top"":2867,""bottom"":4670},""time"":1729913829595},{""box"":{""left"":2549,""right"":2859,""top"":2867,""bottom"":4670},""time"":1729913829656},{""box"":{""left"":2549,""right"":2859,""top"":2867,""bottom"":4670},""time"":1729913829719},{""box"":{""left"":2549,""right"":2859,""top"":2867,""bottom"":4670},""time"":1729913829782},{""box"":{""left"":2549,""right"":2859,""top"":2867,""bottom"":4670},""time"":1729913829859},{""box"":{""left"":2549,""right"":2859,""top"":2867,""bottom"":4670},""time"":1729913829913},{""box"":{""left"":2549,""right"":2859,""top"":2867,""bottom"":4670},""time"":1729913829992},{""box"":{""left"":2549,""right"":2859,""top"":2867,""bottom"":4670},""time"":1729913830053},{""box"":{""left"":2549,""right"":2859,""top"":2867,""bottom"":4670},""time"":1729913830096},{""box"":{""left"":2549,""right"":2859,""top"":2867,""bottom"":4670},""time"":1729913830168},{""box"":{""left"":2549,""right"":2859,""top"":2867,""bottom"":4670},""time"":1729913830201},{""box"":{""left"":2549,""right"":2859,""top"":2867,""bottom"":4670},""time"":1729913830234},{""box"":{""left"":2549,""right"":2859,""top"":2867,""bottom"":4670},""time"":1729913830268},{""box"":{""left"":2549,""right"":2859,""top"":2867,""bottom"":4670},""time"":1729913830351},{""box"":{""left"":2549,""right"":2859,""top"":2867,""bottom"":4670},""time"":1729913830401},{""box"":{""left"":2549,""right"":2859,""top"":2867,""bottom"":4670},""time"":1729913830433},{""box"":{""left"":2549,""right"":2859,""top"":2867,""bottom"":4670},""time"":1729913830452},{""box"":{""left"":2549,""right"":2859,""top"":2867,""bottom"":4670},""time"":1729913830486},{""box"":{""left"":2549,""right"":2859,""top"":2867,""bottom"":4670},""time"":1729913830505},{""box"":{""left"":2549,""right"":2859,""top"":2867,""bottom"":4670},""time"":1729913830538},{""box"":{""left"":2549,""right"":2859,""top"":2867,""bottom"":4670},""time"":1729913830556},{""box"":{""left"":2549,""right"":2859,""top"":2867,""bottom"":4670},""time"":1729913830589},{""box"":{""left"":2549,""right"":2859,""top"":2867,""bottom"":4670},""time"":1729913830656},{""box"":{""left"":2549,""right"":2859,""top"":2867,""bottom"":4670},""time"":1729913830689},{""box"":{""left"":2549,""right"":2859,""top"":2867,""bottom"":4670},""time"":1729913830707},{""box"":{""left"":2549,""right"":2859,""top"":2867,""bottom"":4670},""time"":1729913830741},{""box"":{""left"":2549,""right"":2859,""top"":2867,""bottom"":4670},""time"":1729913830760},{""box"":{""left"":2549,""right"":2859,""top"":2867,""bottom"":4670},""time"":1729913830806},{""box"":{""left"":2549,""right"":2859,""top"":2867,""bottom"":4670},""time"":1729913830898},{""box"":{""left"":2549,""right"":2859,""top"":2867,""bottom"":4670},""time"":1729913830986},{""box"":{""left"":2549,""right"":2859,""top"":2867,""bottom"":4670},""time"":1729913831042},{""box"":{""left"":2549,""right"":2859,""top"":2867,""bottom"":4670},""time"":1729913831097},{""box"":{""left"":2549,""right"":2859,""top"":2867,""bottom"":4670},""time"":1729913831161},{""box"":{""left"":2549,""right"":2859,""top"":2867,""bottom"":4670},""time"":1729913831206},{""box"":{""left"":2549,""right"":2859,""top"":2867,""bottom"":4670},""time"":1729913831238},{""box"":{""left"":2549,""right"":2859,""top"":2867,""bottom"":4670},""time"":1729913831308},{""box"":{""left"":2549,""right"":2859,""top"":2867,""bottom"":4670},""time"":1729913831400},{""box"":{""left"":2549,""right"":2859,""top"":2867,""bottom"":4670},""time"":1729913831466},{""box"":{""left"":2549,""right"":2859,""top"":2867,""bottom"":4670},""time"":1729913831527},{""box"":{""left"":2549,""right"":2859,""top"":2867,""bottom"":4670},""time"":1729913831581},{""box"":{""left"":2549,""right"":2859,""top"":2867,""bottom"":4670},""time"":1729913831694},{""box"":{""left"":2549,""right"":2859,""top"":2867,""bottom"":4670},""time"":1729913831793},{""box"":{""left"":2549,""right"":2859,""top"":2867,""bottom"":4670},""time"":1729913831939},{""box"":{""left"":2549,""right"":2859,""top"":2867,""bottom"":4670},""time"":1729913832043},{""box"":{""left"":2549,""right"":2859,""top"":2867,""bottom"":4670},""time"":1729913832087},{""box"":{""left"":2549,""right"":2859,""top"":2867,""bottom"":4670},""time"":1729913832135},{""box"":{""left"":2549,""right"":2859,""top"":2867,""bottom"":4670},""time"":1729913832208},{""box"":{""left"":2549,""right"":2859,""top"":2867,""bottom"":4670},""time"":1729913832262},{""box"":{""left"":2549,""right"":2859,""top"":2867,""bottom"":4670},""time"":1729913832359},{""box"":{""left"":2549,""right"":2859,""top"":2867,""bottom"":4670},""time"":1729913832431},{""box"":{""left"":2549,""right"":2859,""top"":2867,""bottom"":4670},""time"":1729913832485},{""box"":{""left"":2549,""right"":2859,""top"":2867,""bottom"":4670},""time"":1729913832546},{""box"":{""left"":2549,""right"":2859,""top"":2867,""bottom"":4670},""time"":1729913832597},{""box"":{""left"":2549,""right"":2859,""top"":2867,""bottom"":4670},""time"":1729913832658},{""box"":{""left"":2549,""right"":2859,""top"":2867,""bottom"":4670},""time"":1729913832746},{""box"":{""left"":2549,""right"":2859,""top"":2867,""bottom"":4670},""time"":1729913832871},{""box"":{""left"":2549,""right"":2859,""top"":2867,""bottom"":4670},""time"":1729913832970},{""box"":{""left"":2549,""right"":2859,""top"":2867,""bottom"":4670},""time"":1729913833058},{""box"":{""left"":2549,""right"":2859,""top"":2867,""bottom"":4670},""time"":1729913833101},{""box"":{""left"":2549,""right"":2859,""top"":2867,""bottom"":4670},""time"":1729913833134},{""box"":{""left"":2549,""right"":2859,""top"":2867,""bottom"":4670},""time"":1729913833146},{""box"":{""left"":2549,""right"":2859,""top"":2867,""bottom"":4670},""time"":1729913833181},{""box"":{""left"":2549,""right"":2859,""top"":2867,""bottom"":4670},""time"":1729913833193},{""box"":{""left"":2549,""right"":2859,""top"":2867,""bottom"":4670},""time"":1729913833226},{""box"":{""left"":2549,""right"":2859,""top"":2867,""bottom"":4670},""time"":1729913833239},{""box"":{""left"":2549,""right"":2859,""top"":2867,""bottom"":4670},""time"":1729913833314},{""box"":{""left"":2549,""right"":2859,""top"":2867,""bottom"":4670},""time"":1729913833346},{""box"":{""left"":2549,""right"":2859,""top"":2867,""bottom"":4670},""time"":1729913833431},{""box"":{""left"":2549,""right"":2859,""top"":2867,""bottom"":4670},""time"":1729913833531},{""box"":{""left"":2549,""right"":2859,""top"":2867,""bottom"":4670},""time"":1729913833601},{""box"":{""left"":2549,""right"":2859,""top"":2867,""bottom"":4670},""time"":1729913833825},{""box"":{""left"":2549,""right"":2859,""top"":2867,""bottom"":4670},""time"":1729913833902},{""box"":{""left"":2549,""right"":2859,""top"":2867,""bottom"":4670},""time"":1729913833955},{""box"":{""left"":2549,""right"":2859,""top"":2867,""bottom"":4670},""time"":1729913834000},{""box"":{""left"":2549,""right"":2859,""top"":2867,""bottom"":4670},""time"":1729913834054},{""box"":{""left"":2549,""right"":2859,""top"":2867,""bottom"":4670},""time"":1729913834088},{""box"":{""left"":2549,""right"":2859,""top"":2867,""bottom"":4670},""time"":1729913834132},{""box"":{""left"":2549,""right"":2859,""top"":2867,""bottom"":4670},""time"":1729913834187},{""box"":{""left"":2549,""right"":2859,""top"":2867,""bottom"":4670},""time"":1729913834230},{""box"":{""left"":2549,""right"":2859,""top"":2867,""bottom"":4670},""time"":1729913834276},{""box"":{""left"":2549,""right"":2859,""top"":2867,""bottom"":4670},""time"":1729913834319},{""box"":{""left"":2549,""right"":2859,""top"":2867,""bottom"":4670},""time"":1729913834374},{""box"":{""left"":2549,""right"":2859,""top"":2867,""bottom"":4670},""time"":1729913834418},{""box"":{""left"":2549,""right"":2859,""top"":2867,""bottom"":4670},""time"":1729913834473},{""box"":{""left"":2549,""right"":2859,""top"":2867,""bottom"":4670},""time"":1729913834516},{""box"":{""left"":2549,""right"":2859,""top"":2867,""bottom"":4670},""time"":1729913834571},{""box"":{""left"":2549,""right"":2859,""top"":2867,""bottom"":4670},""time"":1729913834615},{""box"":{""left"":2549,""right"":2859,""top"":2867,""bottom"":4670},""time"":1729913834670},{""box"":{""left"":2549,""right"":2859,""top"":2867,""bottom"":4670},""time"":1729913834713},{""box"":{""left"":2549,""right"":2859,""top"":2867,""bottom"":4670},""time"":1729913834768},{""box"":{""left"":2549,""right"":2859,""top"":2867,""bottom"":4670},""time"":1729913834830},{""box"":{""left"":2549,""right"":2859,""top"":2867,""bottom"":4670},""time"":1729913834875},{""box"":{""left"":2549,""right"":2859,""top"":2867,""bottom"":4670},""time"":1729913835025},{""box"":{""left"":2549,""right"":2859,""top"":2867,""bottom"":4670},""time"":1729913835192},{""box"":{""left"":2549,""right"":2859,""top"":2867,""bottom"":4670},""time"":1729913835236},{""box"":{""left"":2549,""right"":2859,""top"":2867,""bottom"":4670},""time"":1729913835316},{""box"":{""left"":2549,""right"":2859,""top"":2867,""bottom"":4670},""time"":1729913835360},{""box"":{""left"":2549,""right"":2859,""top"":2867,""bottom"":4670},""time"":1729913835405},{""box"":{""left"":2549,""right"":2859,""top"":2867,""bottom"":4670},""time"":1729913835485},{""box"":{""left"":2549,""right"":2859,""top"":2867,""bottom"":4670},""time"":1729913835554},{""box"":{""left"":2549,""right"":2859,""top"":2867,""bottom"":4670},""time"":1729913835634},{""box"":{""left"":2549,""right"":2859,""top"":2867,""bottom"":4670},""time"":1729913835689},{""box"":{""left"":2549,""right"":2859,""top"":2867,""bottom"":4670},""time"":1729913835762},{""box"":{""left"":2549,""right"":2859,""top"":2867,""bottom"":4670},""time"":1729913835796},{""box"":{""left"":2549,""right"":2859,""top"":2867,""bottom"":4670},""time"":1729913835839},{""box"":{""left"":2549,""right"":2859,""top"":2867,""bottom"":4670},""time"":1729913835872},{""box"":{""left"":2549,""right"":2859,""top"":2867,""bottom"":4670},""time"":1729913835938},{""box"":{""left"":2549,""right"":2859,""top"":2867,""bottom"":4670},""time"":1729913835980},{""box"":{""left"":2549,""right"":2859,""top"":2867,""bottom"":4670},""time"":1729913836019},{""box"":{""left"":2549,""right"":2859,""top"":2867,""bottom"":4670},""time"":1729913836056},{""box"":{""left"":2549,""right"":2859,""top"":2867,""bottom"":4670},""time"":1729913836093},{""box"":{""left"":2549,""right"":2859,""top"":2867,""bottom"":4670},""time"":1729913836130},{""box"":{""left"":2549,""right"":2859,""top"":2867,""bottom"":4670},""time"":1729913836167},{""box"":{""left"":2549,""right"":2859,""top"":2867,""bottom"":4670},""time"":1729913836204},{""box"":{""left"":2549,""right"":2859,""top"":2867,""bottom"":4670},""time"":1729913836250},{""box"":{""left"":2549,""right"":2859,""top"":2867,""bottom"":4670},""time"":1729913836330},{""box"":{""left"":2549,""right"":2859,""top"":2867,""bottom"":4670},""time"":1729913836358},{""box"":{""left"":2549,""right"":2859,""top"":2867,""bottom"":4670},""time"":1729913836401},{""box"":{""left"":2549,""right"":2859,""top"":2867,""bottom"":4670},""time"":1729913836445},{""box"":{""left"":2549,""right"":2859,""top"":2867,""bottom"":4670},""time"":1729913836482},{""box"":{""left"":2549,""right"":2859,""top"":2867,""bottom"":4670},""time"":1729913836515},{""box"":{""left"":2549,""right"":2859,""top"":2867,""bottom"":4670},""time"":1729913836549},{""box"":{""left"":2549,""right"":2859,""top"":2867,""bottom"":4670},""time"":1729913836582},{""box"":{""left"":2549,""right"":2859,""top"":2867,""bottom"":4670},""time"":1729913836614},{""box"":{""left"":2549,""right"":2859,""top"":2867,""bottom"":4670},""time"":1729913836649},{""box"":{""left"":2549,""right"":2859,""top"":2867,""bottom"":4670},""time"":1729913836735},{""box"":{""left"":2549,""right"":2859,""top"":2867,""bottom"":4670},""time"":1729913836790},{""box"":{""left"":2549,""right"":2859,""top"":2867,""bottom"":4670},""time"":1729913836846},{""box"":{""left"":2549,""right"":2859,""top"":2867,""bottom"":4670},""time"":1729913836901},{""box"":{""left"":2549,""right"":2859,""top"":2867,""bottom"":4670},""time"":1729913836998},{""box"":{""left"":2549,""right"":2859,""top"":2867,""bottom"":4670},""time"":1729913837042},{""box"":{""left"":2549,""right"":2859,""top"":2867,""bottom"":4670},""time"":1729913837100},{""box"":{""left"":2549,""right"":2859,""top"":2867,""bottom"":4670},""time"":1729913837155},{""box"":{""left"":2549,""right"":2859,""top"":2867,""bottom"":4670},""time"":1729913837199},{""box"":{""left"":2549,""right"":2859,""top"":2867,""bottom"":4670},""time"":1729913837255},{""box"":{""left"":2549,""right"":2859,""top"":2867,""bottom"":4670},""time"":1729913837309},{""box"":{""left"":2549,""right"":2859,""top"":2867,""bottom"":4670},""time"":1729913837400},{""box"":{""left"":2549,""right"":2859,""top"":2867,""bottom"":4670},""time"":1729913837515},{""box"":{""left"":2549,""right"":2859,""top"":2867,""bottom"":4670},""time"":1729913837565},{""box"":{""left"":2549,""right"":2859,""top"":2867,""bottom"":4670},""time"":1729913837598},{""box"":{""left"":2549,""right"":2859,""top"":2867,""bottom"":4670},""time"":1729913837633},{""box"":{""left"":2549,""right"":2859,""top"":2867,""bottom"":4670},""time"":1729913837670},{""box"":{""left"":2549,""right"":2859,""top"":2867,""bottom"":4670},""time"":1729913837702},{""box"":{""left"":2549,""right"":2859,""top"":2867,""bottom"":4670},""time"":1729913837776},{""box"":{""left"":2549,""right"":2859,""top"":2867,""bottom"":4670},""time"":1729913837851},{""box"":{""left"":2549,""right"":2859,""top"":2867,""bottom"":4670},""time"":1729913837895},{""box"":{""left"":2549,""right"":2859,""top"":2867,""bottom"":4670},""time"":1729913837990},{""box"":{""left"":2549,""right"":2859,""top"":2867,""bottom"":4670},""time"":1729913838034},{""box"":{""left"":2549,""right"":2859,""top"":2867,""bottom"":4670},""time"":1729913838096},{""box"":{""left"":2549,""right"":2859,""top"":2867,""bottom"":4670},""time"":1729913838140},{""box"":{""left"":2549,""right"":2859,""top"":2867,""bottom"":4670},""time"":1729913838175},{""box"":{""left"":2549,""right"":2859,""top"":2867,""bottom"":4670},""time"":1729913838233},{""box"":{""left"":2549,""right"":2859,""top"":2867,""bottom"":4670},""time"":1729913838367},{""box"":{""left"":2549,""right"":2859,""top"":2867,""bottom"":4670},""time"":1729913838401},{""box"":{""left"":2549,""right"":2859,""top"":2867,""bottom"":4670},""time"":1729913838447},{""box"":{""left"":2549,""right"":2859,""top"":2867,""bottom"":4670},""time"":1729913838548},{""box"":{""left"":2549,""right"":2859,""top"":2867,""bottom"":4670},""time"":1729913838619},{""box"":{""left"":2549,""right"":2859,""top"":2867,""bottom"":4670},""time"":1729913838688},{""box"":{""left"":2549,""right"":2859,""top"":2867,""bottom"":4670},""time"":1729913838721},{""box"":{""left"":2549,""right"":2859,""top"":2867,""bottom"":4670},""time"":1729913838764},{""box"":{""left"":2549,""right"":2859,""top"":2867,""bottom"":4670},""time"":1729913838856},{""box"":{""left"":2549,""right"":2859,""top"":2867,""bottom"":4670},""time"":1729913838925},{""box"":{""left"":2549,""right"":2859,""top"":2867,""bottom"":4670},""time"":1729913838989},{""box"":{""left"":2549,""right"":2859,""top"":2867,""bottom"":4670},""time"":1729913839077},{""box"":{""left"":2549,""right"":2859,""top"":2867,""bottom"":4670},""time"":1729913839124},{""box"":{""left"":2549,""right"":2859,""top"":2867,""bottom"":4670},""time"":1729913839168},{""box"":{""left"":2549,""right"":2859,""top"":2867,""bottom"":4670},""time"":1729913839261},{""box"":{""left"":2549,""right"":2859,""top"":2867,""bottom"":4670},""time"":1729913839396},{""box"":{""left"":2549,""right"":2859,""top"":2867,""bottom"":4670},""time"":1729913839467},{""box"":{""left"":2549,""right"":2859,""top"":2867,""bottom"":4670},""time"":1729913839512},{""box"":{""left"":2549,""right"":2859,""top"":2867,""bottom"":4670},""time"":1729913839694},{""box"":{""left"":2549,""right"":2859,""top"":2867,""bottom"":4670},""time"":1729913839763},{""box"":{""left"":2549,""right"":2859,""top"":2867,""bottom"":4670},""time"":1729913839833},{""box"":{""left"":2549,""right"":2859,""top"":2867,""bottom"":4670},""time"":1729913839960},{""box"":{""left"":2549,""right"":2859,""top"":2867,""bottom"":4670},""time"":1729913839971},{""box"":{""left"":2549,""right"":2859,""top"":2867,""bottom"":4670},""time"":1729913840045},{""box"":{""left"":2549,""right"":2859,""top"":2867,""bottom"":4670},""time"":1729913840096},{""box"":{""left"":2549,""right"":2859,""top"":2867,""bottom"":4670},""time"":1729913840143},{""box"":{""left"":2549,""right"":2859,""top"":2867,""bottom"":4670},""time"":1729913840192},{""box"":{""left"":2549,""right"":2859,""top"":2867,""bottom"":4670},""time"":1729913840239},{""box"":{""left"":2549,""right"":2859,""top"":2867,""bottom"":4670},""time"":1729913840287},{""box"":{""left"":2549,""right"":2859,""top"":2867,""bottom"":4670},""time"":1729913840336},{""box"":{""left"":2549,""right"":2859,""top"":2867,""bottom"":4670},""time"":1729913840384},{""box"":{""left"":2549,""right"":2859,""top"":2867,""bottom"":4670},""time"":1729913840431},{""box"":{""left"":2549,""right"":2859,""top"":2867,""bottom"":4670},""time"":1729913840478},{""box"":{""left"":2549,""right"":2859,""top"":2867,""bottom"":4670},""time"":1729913840516},{""box"":{""left"":2549,""right"":2859,""top"":2867,""bottom"":4670},""time"":1729913840527},{""box"":{""left"":2549,""right"":2859,""top"":2867,""bottom"":4670},""time"":1729913840636},{""box"":{""left"":2549,""right"":2859,""top"":2867,""bottom"":4670},""time"":1729913840700},{""box"":{""left"":2549,""right"":2859,""top"":2867,""bottom"":4670},""time"":1729913840772},{""box"":{""left"":2549,""right"":2859,""top"":2867,""bottom"":4670},""time"":1729913840837},{""box"":{""left"":2549,""right"":2859,""top"":2867,""bottom"":4670},""time"":1729913840871},{""box"":{""left"":2549,""right"":2859,""top"":2867,""bottom"":4670},""time"":1729913840943},{""box"":{""left"":2549,""right"":2859,""top"":2867,""bottom"":4670},""time"":1729913841043},{""box"":{""left"":2549,""right"":2859,""top"":2867,""bottom"":4670},""time"":1729913841137},{""box"":{""left"":2549,""right"":2859,""top"":2867,""bottom"":4670},""time"":1729913841271},{""box"":{""left"":2549,""right"":2859,""top"":2867,""bottom"":4670},""time"":1729913841378},{""box"":{""left"":2549,""right"":2859,""top"":2867,""bottom"":4670},""time"":1729913841473},{""box"":{""left"":2549,""right"":2859,""top"":2867,""bottom"":4670},""time"":1729913841577},{""box"":{""left"":2549,""right"":2859,""top"":2867,""bottom"":4670},""time"":1729913841632},{""box"":{""left"":2549,""right"":2859,""top"":2867,""bottom"":4670},""time"":1729913841688},{""box"":{""left"":2549,""right"":2859,""top"":2867,""bottom"":4670},""time"":1729913841808},{""box"":{""left"":2549,""right"":2859,""top"":2867,""bottom"":4670},""time"":1729913841864},{""box"":{""left"":2549,""right"":2859,""top"":2867,""bottom"":4670},""time"":1729913841916},{""box"":{""left"":2549,""right"":2859,""top"":2867,""bottom"":4670},""time"":1729913841967},{""box"":{""left"":2549,""right"":2859,""top"":2867,""bottom"":4670},""time"":1729913842019},{""box"":{""left"":2549,""right"":2859,""top"":2867,""bottom"":4670},""time"":1729913842070},{""box"":{""left"":2549,""right"":2859,""top"":2867,""bottom"":4670},""time"":1729913842127},{""box"":{""left"":2549,""right"":2859,""top"":2867,""bottom"":4670},""time"":1729913842182},{""box"":{""left"":2549,""right"":2859,""top"":2867,""bottom"":4670},""time"":1729913842239},{""box"":{""left"":2549,""right"":2859,""top"":2867,""bottom"":4670},""time"":1729913842297},{""box"":{""left"":2549,""right"":2859,""top"":2867,""bottom"":4670},""time"":1729913842352},{""box"":{""left"":2549,""right"":2859,""top"":2867,""bottom"":4670},""time"":1729913842444},{""box"":{""left"":2549,""right"":2859,""top"":2867,""bottom"":4670},""time"":1729913842481},{""box"":{""left"":2549,""right"":2859,""top"":2867,""bottom"":4670},""time"":1729913842548},{""box"":{""left"":2549,""right"":2859,""top"":2867,""bottom"":4670},""time"":1729913842620},{""box"":{""left"":2549,""right"":2859,""top"":2867,""bottom"":4670},""time"":1729913842679},{""box"":{""left"":2549,""right"":2859,""top"":2867,""bottom"":4670},""time"":1729913842789},{""box"":{""left"":2549,""right"":2859,""top"":2867,""bottom"":4670},""time"":1729913842952},{""box"":{""left"":2549,""right"":2859,""top"":2867,""bottom"":4670},""time"":1729913843057},{""box"":{""left"":2549,""right"":2859,""top"":2867,""bottom"":4670},""time"":1729913843109},{""box"":{""left"":2549,""right"":2859,""top"":2867,""bottom"":4670},""time"":1729913843209},{""box"":{""left"":2549,""right"":2859,""top"":2867,""bottom"":4670},""time"":1729913843303},{""box"":{""left"":2549,""right"":2859,""top"":2867,""bottom"":4670},""time"":1729913843389},{""box"":{""left"":2549,""right"":2859,""top"":2867,""bottom"":4670},""time"":1729913843422},{""box"":{""left"":2549,""right"":2859,""top"":2867,""bottom"":4670},""time"":1729913843479},{""box"":{""left"":2549,""right"":2859,""top"":2867,""bottom"":4670},""time"":1729913843656},{""box"":{""left"":2549,""right"":2859,""top"":2867,""bottom"":4670},""time"":1729913843778},{""box"":{""left"":2549,""right"":2859,""top"":2867,""bottom"":4670},""time"":1729913843853},{""box"":{""left"":2549,""right"":2859,""top"":2867,""bottom"":4670},""time"":1729913843933},{""box"":{""left"":2549,""right"":2859,""top"":2867,""bottom"":4670},""time"":1729913844063},{""box"":{""left"":2549,""right"":2859,""top"":2867,""bottom"":4670},""time"":1729913844195},{""box"":{""left"":2549,""right"":2859,""top"":2867,""bottom"":4670},""time"":1729913844265},{""box"":{""left"":2549,""right"":2859,""top"":2867,""bottom"":4670},""time"":1729913844407},{""box"":{""left"":2549,""right"":2859,""top"":2867,""bottom"":4670},""time"":1729913844476},{""box"":{""left"":2549,""right"":2859,""top"":2867,""bottom"":4670},""time"":1729913844538},{""box"":{""left"":2549,""right"":2859,""top"":2867,""bottom"":4670},""time"":1729913844576},{""box"":{""left"":2549,""right"":2859,""top"":2867,""bottom"":4670},""time"":1729913844661},{""box"":{""left"":2549,""right"":2859,""top"":2867,""bottom"":4670},""time"":1729913844752},{""box"":{""left"":2549,""right"":2859,""top"":2867,""bottom"":4670},""time"":1729913844865},{""box"":{""left"":2549,""right"":2859,""top"":2867,""bottom"":4670},""time"":1729913844989},{""box"":{""left"":2549,""right"":2859,""top"":2867,""bottom"":4670},""time"":1729913845066},{""box"":{""left"":2549,""right"":2859,""top"":2867,""bottom"":4670},""time"":1729913845168},{""box"":{""left"":2549,""right"":2859,""top"":2867,""bottom"":4670},""time"":1729913845231},{""box"":{""left"":2549,""right"":2859,""top"":2867,""bottom"":4670},""time"":1729913845266},{""box"":{""left"":2549,""right"":2859,""top"":2867,""bottom"":4670},""time"":1729913845519},{""box"":{""left"":2549,""right"":2859,""top"":2867,""bottom"":4670},""time"":1729913845602},{""box"":{""left"":2549,""right"":2859,""top"":2867,""bottom"":4670},""time"":1729913845662},{""box"":{""left"":2549,""right"":2859,""top"":2867,""bottom"":4670},""time"":1729913845751},{""box"":{""left"":2549,""right"":2859,""top"":2867,""bottom"":4670},""time"":1729913845832},{""box"":{""left"":2549,""right"":2859,""top"":2867,""bottom"":4670},""time"":1729913845927},{""box"":{""left"":2549,""right"":2859,""top"":2867,""bottom"":4670},""time"":1729913846001},{""box"":{""left"":2549,""right"":2859,""top"":2867,""bottom"":4670},""time"":1729913846096},{""box"":{""left"":2549,""right"":2859,""top"":2867,""bottom"":4670},""time"":1729913846211},{""box"":{""left"":2549,""right"":2859,""top"":2867,""bottom"":4670},""time"":1729913846307},{""box"":{""left"":2549,""right"":2859,""top"":2867,""bottom"":4670},""time"":1729913846440},{""box"":{""left"":2549,""right"":2859,""top"":2867,""bottom"":4670},""time"":1729913846572},{""box"":{""left"":2549,""right"":2859,""top"":2867,""bottom"":4670},""time"":1729913846662},{""box"":{""left"":2549,""right"":2859,""top"":2867,""bottom"":4670},""time"":1729913846743},{""box"":{""left"":2549,""right"":2859,""top"":2867,""bottom"":4670},""time"":1729913846858},{""box"":{""left"":2549,""right"":2859,""top"":2867,""bottom"":4670},""time"":1729913846978},{""box"":{""left"":2549,""right"":2859,""top"":2867,""bottom"":4670},""time"":1729913847029},{""box"":{""left"":2549,""right"":2859,""top"":2867,""bottom"":4670},""time"":1729913847040},{""box"":{""left"":2549,""right"":2859,""top"":2867,""bottom"":4670},""time"":1729913847121},{""box"":{""left"":2549,""right"":2859,""top"":2867,""bottom"":4670},""time"":1729913847235},{""box"":{""left"":2549,""right"":2859,""top"":2867,""bottom"":4670},""time"":1729913847355},{""box"":{""left"":2549,""right"":2859,""top"":2867,""bottom"":4670},""time"":1729913847466},{""box"":{""left"":2549,""right"":2859,""top"":2867,""bottom"":4670},""time"":1729913847642},{""box"":{""left"":2549,""right"":2859,""top"":2867,""bottom"":4670},""time"":1729913847676},{""box"":{""left"":2549,""right"":2859,""top"":2867,""bottom"":4670},""time"":1729913847775},{""box"":{""left"":2549,""right"":2859,""top"":2867,""bottom"":4670},""time"":1729913848276},{""box"":{""left"":2549,""right"":2859,""top"":2867,""bottom"":4670},""time"":1729913848311},{""box"":{""left"":2549,""right"":2859,""top"":2867,""bottom"":4670},""time"":1729913848396},{""box"":{""left"":2549,""right"":2859,""top"":2867,""bottom"":4670},""time"":1729913848409},{""box"":{""left"":2549,""right"":2859,""top"":2867,""bottom"":4670},""time"":1729913848468},{""box"":{""left"":2549,""right"":2859,""top"":2867,""bottom"":4670},""time"":1729913848490},{""box"":{""left"":2549,""right"":2859,""top"":2867,""bottom"":4670},""time"":1729913848616},{""box"":{""left"":2549,""right"":2859,""top"":2867,""bottom"":4670},""time"":1729913848738},{""box"":{""left"":2549,""right"":2859,""top"":2867,""bottom"":4670},""time"":1729913848862},{""box"":{""left"":2549,""right"":2859,""top"":2867,""bottom"":4670},""time"":1729913848895},{""box"":{""left"":2549,""right"":2859,""top"":2867,""bottom"":4670},""time"":1729913848994},{""box"":{""left"":2549,""right"":2859,""top"":2867,""bottom"":4670},""time"":1729913849066},{""box"":{""left"":2549,""right"":2859,""top"":2867,""bottom"":4670},""time"":1729913849110},{""box"":{""left"":2549,""right"":2859,""top"":2867,""bottom"":4670},""time"":1729913849217},{""box"":{""left"":2549,""right"":2859,""top"":2867,""bottom"":4670},""time"":1729913849274},{""box"":{""left"":2549,""right"":2859,""top"":2867,""bottom"":4670},""time"":1729913849296},{""box"":{""left"":2549,""right"":2859,""top"":2867,""bottom"":4670},""time"":1729913849355},{""box"":{""left"":2549,""right"":2859,""top"":2867,""bottom"":4670},""time"":1729913849405},{""box"":{""left"":2549,""right"":2859,""top"":2867,""bottom"":4670},""time"":1729913849671},{""box"":{""left"":2549,""right"":2859,""top"":2867,""bottom"":4670},""time"":1729913849759},{""box"":{""left"":2549,""right"":2859,""top"":2867,""bottom"":4670},""time"":1729913849848},{""box"":{""left"":2549,""right"":2859,""top"":2867,""bottom"":4670},""time"":1729913849937},{""box"":{""left"":2549,""right"":2859,""top"":2867,""bottom"":4670},""time"":1729913850015},{""box"":{""left"":2549,""right"":2859,""top"":2867,""bottom"":4670},""time"":1729913850048},{""box"":{""left"":2549,""right"":2859,""top"":2867,""bottom"":4670},""time"":1729913850137},{""box"":{""left"":2549,""right"":2859,""top"":2867,""bottom"":4670},""time"":1729913850225},{""box"":{""left"":2549,""right"":2859,""top"":2867,""bottom"":4670},""time"":1729913850316},{""box"":{""left"":2549,""right"":2859,""top"":2867,""bottom"":4670},""time"":1729913850420},{""box"":{""left"":2549,""right"":2859,""top"":2867,""bottom"":4670},""time"":1729913850511},{""box"":{""left"":2549,""right"":2859,""top"":2867,""bottom"":4670},""time"":1729913850606},{""box"":{""left"":2549,""right"":2859,""top"":2867,""bottom"":4670},""time"":1729913850701},{""box"":{""left"":2549,""right"":2859,""top"":2867,""bottom"":4670},""time"":1729913850794},{""box"":{""left"":2549,""right"":2859,""top"":2867,""bottom"":4670},""time"":1729913850894},{""box"":{""left"":2549,""right"":2859,""top"":2867,""bottom"":4670},""time"":1729913850985},{""box"":{""left"":2549,""right"":2859,""top"":2867,""bottom"":4670},""time"":1729913851076},{""box"":{""left"":2549,""right"":2859,""top"":2867,""bottom"":4670},""time"":1729913851168},{""box"":{""left"":2549,""right"":2859,""top"":2867,""bottom"":4670},""time"":1729913851257},{""box"":{""left"":2549,""right"":2859,""top"":2867,""bottom"":4670},""time"":1729913851348},{""box"":{""left"":2549,""right"":2859,""top"":2867,""bottom"":4670},""time"":1729913851429},{""box"":{""left"":2549,""right"":2859,""top"":2867,""bottom"":4670},""time"":1729913851463},{""box"":{""left"":2549,""right"":2859,""top"":2867,""bottom"":4670},""time"":1729913851533},{""box"":{""left"":2549,""right"":2859,""top"":2867,""bottom"":4670},""time"":1729913851623},{""box"":{""left"":2549,""right"":2859,""top"":2867,""bottom"":4670},""time"":1729913851712},{""box"":{""left"":2549,""right"":2859,""top"":2867,""bottom"":4670},""time"":1729913851804},{""box"":{""left"":2549,""right"":2859,""top"":2867,""bottom"":4670},""time"":1729913851899},{""box"":{""left"":2549,""right"":2859,""top"":2867,""bottom"":4670},""time"":1729913851994},{""box"":{""left"":2549,""right"":2859,""top"":2867,""bottom"":4670},""time"":1729913852089},{""box"":{""left"":2549,""right"":2859,""top"":2867,""bottom"":4670},""time"":1729913852252},{""box"":{""left"":2549,""right"":2859,""top"":2867,""bottom"":4670},""time"":1729913852349},{""box"":{""left"":2549,""right"":2859,""top"":2867,""bottom"":4670},""time"":1729913852441},{""box"":{""left"":2549,""right"":2859,""top"":2867,""bottom"":4670},""time"":1729913852520},{""box"":{""left"":2549,""right"":2859,""top"":2867,""bottom"":4670},""time"":1729913852714},{""box"":{""left"":2549,""right"":2859,""top"":2867,""bottom"":4670},""time"":1729913852912},{""box"":{""left"":2549,""right"":2859,""top"":2867,""bottom"":4670},""time"":1729913853001},{""box"":{""left"":2549,""right"":2859,""top"":2867,""bottom"":4670},""time"":1729913853060},{""box"":{""left"":2549,""right"":2859,""top"":2867,""bottom"":4670},""time"":1729913853170},{""box"":{""left"":2549,""right"":2859,""top"":2867,""bottom"":4670},""time"":1729913853240},{""box"":{""left"":2549,""right"":2859,""top"":2867,""bottom"":4670},""time"":1729913853309},{""box"":{""left"":2549,""right"":2859,""top"":2867,""bottom"":4670},""time"":1729913853379},{""box"":{""left"":2549,""right"":2859,""top"":2867,""bottom"":4670},""time"":1729913853507},{""box"":{""left"":2549,""right"":2859,""top"":2867,""bottom"":4670},""time"":1729913853574},{""box"":{""left"":2549,""right"":2859,""top"":2867,""bottom"":4670},""time"":1729913853665},{""box"":{""left"":2549,""right"":2859,""top"":2867,""bottom"":4670},""time"":1729913853757},{""box"":{""left"":2549,""right"":2859,""top"":2867,""bottom"":4670},""time"":1729913853848},{""box"":{""left"":2549,""right"":2859,""top"":2867,""bottom"":4670},""time"":1729913853952},{""box"":{""left"":2549,""right"":2859,""top"":2867,""bottom"":4670},""time"":1729913854047},{""box"":{""left"":2549,""right"":2859,""top"":2867,""bottom"":4670},""time"":1729913854151},{""box"":{""left"":2549,""right"":2859,""top"":2867,""bottom"":4670},""time"":1729913854249},{""box"":{""left"":2549,""right"":2859,""top"":2867,""bottom"":4670},""time"":1729913854318},{""box"":{""left"":2549,""right"":2859,""top"":2867,""bottom"":4670},""time"":1729913854352},{""box"":{""left"":2549,""right"":2859,""top"":2867,""bottom"":4670},""time"":1729913854425},{""box"":{""left"":2549,""right"":2859,""top"":2867,""bottom"":4670},""time"":1729913854488},{""box"":{""left"":2549,""right"":2859,""top"":2867,""bottom"":4670},""time"":1729913854523},{""box"":{""left"":2549,""right"":2859,""top"":2867,""bottom"":4670},""time"":1729913854599},{""box"":{""left"":2549,""right"":2859,""top"":2867,""bottom"":4670},""time"":1729913854726},{""box"":{""left"":2549,""right"":2859,""top"":2867,""bottom"":4670},""time"":1729913854841},{""box"":{""left"":2549,""right"":2859,""top"":2867,""bottom"":4670},""time"":1729913854962},{""box"":{""left"":2549,""right"":2859,""top"":2867,""bottom"":4670},""time"":1729913855049},{""box"":{""left"":2549,""right"":2859,""top"":2867,""bottom"":4670},""time"":1729913855134},{""box"":{""left"":2549,""right"":2859,""top"":2867,""bottom"":4670},""time"":1729913855221},{""box"":{""left"":2549,""right"":2859,""top"":2867,""bottom"":4670},""time"":1729913855310},{""box"":{""left"":2549,""right"":2859,""top"":2867,""bottom"":4670},""time"":1729913855398},{""box"":{""left"":2549,""right"":2859,""top"":2867,""bottom"":4670},""time"":1729913855431},{""box"":{""left"":2549,""right"":2859,""top"":2867,""bottom"":4670},""time"":1729913855534},{""box"":{""left"":2549,""right"":2859,""top"":2867,""bottom"":4670},""time"":1729913855647},{""box"":{""left"":2549,""right"":2859,""top"":2867,""bottom"":4670},""time"":1729913855746},{""box"":{""left"":2549,""right"":2859,""top"":2867,""bottom"":4670},""time"":1729913855792},{""box"":{""left"":2549,""right"":2859,""top"":2867,""bottom"":4670},""time"":1729913855854},{""box"":{""left"":2549,""right"":2859,""top"":2867,""bottom"":4670},""time"":1729913855889},{""box"":{""left"":2549,""right"":2859,""top"":2867,""bottom"":4670},""time"":1729913855982},{""box"":{""left"":2549,""right"":2859,""top"":2867,""bottom"":4670},""time"":1729913856033},{""box"":{""left"":2549,""right"":2859,""top"":2867,""bottom"":4670},""time"":1729913856077},{""box"":{""left"":2549,""right"":2859,""top"":2867,""bottom"":4670},""time"":1729913856114},{""box"":{""left"":2549,""right"":2859,""top"":2867,""bottom"":4670},""time"":1729913856155},{""box"":{""left"":2549,""right"":2859,""top"":2867,""bottom"":4670},""time"":1729913856254},{""box"":{""left"":2549,""right"":2859,""top"":2867,""bottom"":4670},""time"":1729913856276},{""box"":{""left"":2549,""right"":2859,""top"":2867,""bottom"":4670},""time"":1729913856351},{""box"":{""left"":2549,""right"":2859,""top"":2867,""bottom"":4670},""time"":1729913856532},{""box"":{""left"":2549,""right"":2859,""top"":2867,""bottom"":4670},""time"":1729913856620},{""box"":{""left"":2549,""right"":2859,""top"":2867,""bottom"":4670},""time"":1729913856654},{""box"":{""left"":2549,""right"":2859,""top"":2867,""bottom"":4670},""time"":1729913856763},{""box"":{""left"":2549,""right"":2859,""top"":2867,""bottom"":4670},""time"":1729913857087},{""box"":{""left"":2549,""right"":2859,""top"":2867,""bottom"":4670},""time"":1729913857120},{""box"":{""left"":2549,""right"":2859,""top"":2867,""bottom"":4670},""time"":1729913857230},{""box"":{""left"":2549,""right"":2859,""top"":2867,""bottom"":4670},""time"":1729913857357},{""box"":{""left"":2549,""right"":2859,""top"":2867,""bottom"":4670},""time"":1729913857430},{""box"":{""left"":2549,""right"":2859,""top"":2867,""bottom"":4670},""time"":1729913857542},{""box"":{""left"":2549,""right"":2859,""top"":2867,""bottom"":4670},""time"":1729913857714},{""box"":{""left"":2549,""right"":2859,""top"":2867,""bottom"":4670},""time"":1729913857770},{""box"":{""left"":2549,""right"":2859,""top"":2867,""bottom"":4670},""time"":1729913857860},{""box"":{""left"":2549,""right"":2859,""top"":2867,""bottom"":4670},""time"":1729913857949},{""box"":{""left"":2549,""right"":2859,""top"":2867,""bottom"":4670},""time"":1729913857994},{""box"":{""left"":2549,""right"":2859,""top"":2867,""bottom"":4670},""time"":1729913858030},{""box"":{""left"":2549,""right"":2859,""top"":2867,""bottom"":4670},""time"":1729913858084},{""box"":{""left"":2549,""right"":2859,""top"":2867,""bottom"":4670},""time"":1729913858117},{""box"":{""left"":2549,""right"":2859,""top"":2867,""bottom"":4670},""time"":1729913858180},{""box"":{""left"":2549,""right"":2859,""top"":2867,""bottom"":4670},""time"":1729913858262},{""box"":{""left"":2549,""right"":2859,""top"":2867,""bottom"":4670},""time"":1729913858355},{""box"":{""left"":2549,""right"":2859,""top"":2867,""bottom"":4670},""time"":1729913858464},{""box"":{""left"":2549,""right"":2859,""top"":2867,""bottom"":4670},""time"":1729913858597},{""box"":{""left"":2549,""right"":2859,""top"":2867,""bottom"":4670},""time"":1729913858673},{""box"":{""left"":2549,""right"":2859,""top"":2867,""bottom"":4670},""time"":1729913858718},{""box"":{""left"":2549,""right"":2859,""top"":2867,""bottom"":4670},""time"":1729913858829},{""box"":{""left"":2549,""right"":2859,""top"":2867,""bottom"":4670},""time"":1729913858951},{""box"":{""left"":2549,""right"":2859,""top"":2867,""bottom"":4670},""time"":1729913859064},{""box"":{""left"":2549,""right"":2859,""top"":2867,""bottom"":4670},""time"":1729913859143},{""box"":{""left"":2549,""right"":2859,""top"":2867,""bottom"":4670},""time"":1729913859187},{""box"":{""left"":2549,""right"":2859,""top"":2867,""bottom"":4670},""time"":1729913859263},{""box"":{""left"":2549,""right"":2859,""top"":2867,""bottom"":4670},""time"":1729913859308},{""box"":{""left"":2549,""right"":2859,""top"":2867,""bottom"":4670},""time"":1729913859360},{""box"":{""left"":2549,""right"":2859,""top"":2867,""bottom"":4670},""time"":1729913859468},{""box"":{""left"":2549,""right"":2859,""top"":2867,""bottom"":4670},""time"":1729913859581},{""box"":{""left"":2549,""right"":2859,""top"":2867,""bottom"":4670},""time"":1729913859667},{""box"":{""left"":2549,""right"":2859,""top"":2867,""bottom"":4670},""time"":1729913859779},{""box"":{""left"":2549,""right"":2859,""top"":2867,""bottom"":4670},""time"":1729913859834},{""box"":{""left"":2549,""right"":2859,""top"":2867,""bottom"":4670},""time"":1729913859868},{""box"":{""left"":2549,""right"":2859,""top"":2867,""bottom"":4670},""time"":1729913859971},{""box"":{""left"":2549,""right"":2859,""top"":2867,""bottom"":4670},""time"":1729913860005},{""box"":{""left"":2549,""right"":2859,""top"":2867,""bottom"":4670},""time"":1729913860122},{""box"":{""left"":2549,""right"":2859,""top"":2867,""bottom"":4670},""time"":1729913860213},{""box"":{""left"":2549,""right"":2859,""top"":2867,""bottom"":4670},""time"":1729913860310},{""box"":{""left"":2549,""right"":2859,""top"":2867,""bottom"":4670},""time"":1729913860407},{""box"":{""left"":2549,""right"":2859,""top"":2867,""bottom"":4670},""time"":1729913860485},{""box"":{""left"":2549,""right"":2859,""top"":2867,""bottom"":4670},""time"":1729913860564},{""box"":{""left"":2549,""right"":2859,""top"":2867,""bottom"":4670},""time"":1729913860641},{""box"":{""left"":2549,""right"":2859,""top"":2867,""bottom"":4670},""time"":1729913860794},{""box"":{""left"":2549,""right"":2859,""top"":2867,""bottom"":4670},""time"":1729913860964},{""box"":{""left"":2549,""right"":2859,""top"":2867,""bottom"":4670},""time"":1729913861060},{""box"":{""left"":2549,""right"":2859,""top"":2867,""bottom"":4670},""time"":1729913861142},{""box"":{""left"":2549,""right"":2859,""top"":2867,""bottom"":4670},""time"":1729913861228},{""box"":{""left"":2549,""right"":2859,""top"":2867,""bottom"":4670},""time"":1729913861325},{""box"":{""left"":2549,""right"":2859,""top"":2867,""bottom"":4670},""time"":1729913861423},{""box"":{""left"":2549,""right"":2859,""top"":2867,""bottom"":4670},""time"":1729913861520},{""box"":{""left"":2549,""right"":2859,""top"":2867,""bottom"":4670},""time"":1729913861607},{""box"":{""left"":2549,""right"":2859,""top"":2867,""bottom"":4670},""time"":1729913861699},{""box"":{""left"":2549,""right"":2859,""top"":2867,""bottom"":4670},""time"":1729913861759},{""box"":{""left"":2549,""right"":2859,""top"":2867,""bottom"":4670},""time"":1729913861869},{""box"":{""left"":2549,""right"":2859,""top"":2867,""bottom"":4670},""time"":1729913861978},{""box"":{""left"":2549,""right"":2859,""top"":2867,""bottom"":4670},""time"":1729913862088},{""box"":{""left"":2549,""right"":2859,""top"":2867,""bottom"":4670},""time"":1729913862192},{""box"":{""left"":2549,""right"":2859,""top"":2867,""bottom"":4670},""time"":1729913862290},{""box"":{""left"":2549,""right"":2859,""top"":2867,""bottom"":4670},""time"":1729913862392},{""box"":{""left"":2549,""right"":2859,""top"":2867,""bottom"":4670},""time"":1729913862502},{""box"":{""left"":2549,""right"":2859,""top"":2867,""bottom"":4670},""time"":1729913862619},{""box"":{""left"":2549,""right"":2859,""top"":2867,""bottom"":4670},""time"":1729913862725},{""box"":{""left"":2549,""right"":2859,""top"":2867,""bottom"":4670},""time"":1729913862835},{""box"":{""left"":2549,""right"":2859,""top"":2867,""bottom"":4670},""time"":1729913862952},{""box"":{""left"":2549,""right"":2859,""top"":2867,""bottom"":4670},""time"":1729913863070},{""box"":{""left"":2549,""right"":2859,""top"":2867,""bottom"":4670},""time"":1729913863186},{""box"":{""left"":2549,""right"":2859,""top"":2867,""bottom"":4670},""time"":1729913863410},{""box"":{""left"":2549,""right"":2859,""top"":2867,""bottom"":4670},""time"":1729913863527},{""box"":{""left"":2549,""right"":2859,""top"":2867,""bottom"":4670},""time"":1729913863665},{""box"":{""left"":2549,""right"":2859,""top"":2867,""bottom"":4670},""time"":1729913863752}",,,,,
57077,Face,2024-10-26 12:36:22,2024-10-26 12:36:24,"{""left"":4978,""right"":4891,""top"":5331,""bottom"":5430},{""box"":{""left"":5472,""right"":5629,""top"":5825,""bottom"":6180},""time"":1729913783071},{""box"":{""left"":5612,""right"":6030,""top"":5996,""bottom"":6562},""time"":1729913783318},{""box"":{""left"":5655,""right"":6240,""top"":6050,""bottom"":6794},""time"":1729913783412},{""box"":{""left"":5710,""right"":6391,""top"":6105,""bottom"":6962},""time"":1729913783517},{""box"":{""left"":6320,""right"":7196,""top"":6737,""bottom"":7836},""time"":1729913784034},{""box"":{""left"":7489,""right"":8454,""top"":7906,""bottom"":9093},""time"":1729913784741}","25,34",male,,,
57078,Person,2024-10-26 12:36:24,2024-10-26 12:36:31,"{""left"":2285,""right"":5487,""top"":2723,""bottom"":7570},{""box"":{""left"":2285,""right"":5487,""top"":2723,""bottom"":7570},""time"":1729913784647},{""box"":{""left"":2285,""right"":5487,""top"":2723,""bottom"":7570},""time"":1729913784752},{""box"":{""left"":2285,""right"":5487,""top"":2723,""bottom"":7570},""time"":1729913784858},{""box"":{""left"":2285,""right"":5487,""top"":2723,""bottom"":7570},""time"":1729913784964},{""box"":{""left"":2285,""right"":5487,""top"":2723,""bottom"":7570},""time"":1729913785058},{""box"":{""left"":2285,""right"":5487,""top"":2723,""bottom"":7570},""time"":1729913785289},{""box"":{""left"":2285,""right"":5487,""top"":2723,""bottom"":7570},""time"":1729913785491},{""box"":{""left"":2285,""right"":5487,""top"":2723,""bottom"":7570},""time"":1729913785586},{""box"":{""left"":2285,""right"":5487,""top"":2723,""bottom"":7570},""time"":1729913785683},{""box"":{""left"":2285,""right"":5487,""top"":2723,""bottom"":7570},""time"":1729913785758},{""box"":{""left"":2285,""right"":5487,""top"":2723,""bottom"":7570},""time"":1729913785907},{""box"":{""left"":2285,""right"":5487,""top"":2723,""bottom"":7570},""time"":1729913786084},{""box"":{""left"":2285,""right"":5487,""top"":2723,""bottom"":7570},""time"":1729913786189},{""box"":{""left"":2285,""right"":5487,""top"":2723,""bottom"":7570},""time"":1729913786286},{""box"":{""left"":2285,""right"":5487,""top"":2723,""bottom"":7570},""time"":1729913786463},{""box"":{""left"":2285,""right"":5487,""top"":2723,""bottom"":7570},""time"":1729913786539},{""box"":{""left"":2285,""right"":5487,""top"":2723,""bottom"":7570},""time"":1729913786613},{""box"":{""left"":2285,""right"":5487,""top"":2723,""bottom"":7570},""time"":1729913786698},{""box"":{""left"":2285,""right"":5487,""top"":2723,""bottom"":7570},""time"":1729913786783},{""box"":{""left"":2285,""right"":5487,""top"":2723,""bottom"":7570},""time"":1729913786868},{""box"":{""left"":2285,""right"":5487,""top"":2723,""bottom"":7570},""time"":1729913786952},{""box"":{""left"":2285,""right"":5487,""top"":2723,""bottom"":7570},""time"":1729913787037},{""box"":{""left"":2285,""right"":5487,""top"":2723,""bottom"":7570},""time"":1729913787385},{""box"":{""left"":2285,""right"":5487,""top"":2723,""bottom"":7570},""time"":1729913787470},{""box"":{""left"":2285,""right"":5487,""top"":2723,""bottom"":7570},""time"":1729913787555},{""box"":{""left"":2285,""right"":5487,""top"":2723,""bottom"":7570},""time"":1729913787652},{""box"":{""left"":2285,""right"":5487,""top"":2723,""bottom"":7570},""time"":1729913787789},{""box"":{""left"":2285,""right"":5487,""top"":2723,""bottom"":7570},""time"":1729913787895},{""box"":{""left"":2285,""right"":5487,""top"":2723,""bottom"":7570},""time"":1729913788069},{""box"":{""left"":2285,""right"":5487,""top"":2723,""bottom"":7570},""time"":1729913788184},{""box"":{""left"":2285,""right"":5487,""top"":2723,""bottom"":7570},""time"":1729913788269},{""box"":{""left"":2285,""right"":5487,""top"":2723,""bottom"":7570},""time"":1729913788579},{""box"":{""left"":2285,""right"":5487,""top"":2723,""bottom"":7570},""time"":1729913788677},{""box"":{""left"":2285,""right"":5487,""top"":2723,""bottom"":7570},""time"":1729913788772},{""box"":{""left"":2285,""right"":5487,""top"":2723,""bottom"":7570},""time"":1729913788954},{""box"":{""left"":2285,""right"":5487,""top"":2723,""bottom"":7570},""time"":1729913789207},{""box"":{""left"":2285,""right"":5487,""top"":2723,""bottom"":7570},""time"":1729913789305},{""box"":{""left"":2285,""right"":5487,""top"":2723,""bottom"":7570},""time"":1729913789402},{""box"":{""left"":2285,""right"":5487,""top"":2723,""bottom"":7570},""time"":1729913789497},{""box"":{""left"":2285,""right"":5487,""top"":2723,""bottom"":7570},""time"":1729913789614},{""box"":{""left"":2285,""right"":5487,""top"":2723,""bottom"":7570},""time"":1729913789730},{""box"":{""left"":2285,""right"":5487,""top"":2723,""bottom"":7570},""time"":1729913789810},{""box"":{""left"":2285,""right"":5487,""top"":2723,""bottom"":7570},""time"":1729913789908},{""box"":{""left"":2285,""right"":5487,""top"":2723,""bottom"":7570},""time"":1729913790006},{""box"":{""left"":2285,""right"":5487,""top"":2723,""bottom"":7570},""time"":1729913790122},{""box"":{""left"":2285,""right"":5487,""top"":2723,""bottom"":7570},""time"":1729913790221},{""box"":{""left"":2285,""right"":5487,""top"":2723,""bottom"":7570},""time"":1729913790338},{""box"":{""left"":2285,""right"":5487,""top"":2723,""bottom"":7570},""time"":1729913790492},{""box"":{""left"":2285,""right"":5487,""top"":2723,""bottom"":7570},""time"":1729913790590},{""box"":{""left"":2285,""right"":5487,""top"":2723,""bottom"":7570},""time"":1729913790763},{""box"":{""left"":2285,""right"":5487,""top"":2723,""bottom"":7570},""time"":1729913790998},{""box"":{""left"":2285,""right"":5487,""top"":2723,""bottom"":7570},""time"":1729913791154},{""box"":{""left"":2285,""right"":5487,""top"":2723,""bottom"":7570},""time"":1729913791505},{""box"":{""left"":2285,""right"":5487,""top"":2723,""bottom"":7570},""time"":1729913791712}",,,,,
57079,Person,2024-10-26 12:36:24,2024-10-26 12:36:37,"{""left"":2107,""right"":3852,""top"":2896,""bottom"":6957},{""box"":{""left"":2107,""right"":3852,""top"":2896,""bottom"":6957},""time"":1729913784762},{""box"":{""left"":2107,""right"":3852,""top"":2896,""bottom"":6957},""time"":1729913784868},{""box"":{""left"":2107,""right"":3852,""top"":2896,""bottom"":6957},""time"":1729913784974},{""box"":{""left"":2107,""right"":3852,""top"":2896,""bottom"":6957},""time"":1729913785300},{""box"":{""left"":2107,""right"":3852,""top"":2896,""bottom"":6957},""time"":1729913785501},{""box"":{""left"":2107,""right"":3852,""top"":2896,""bottom"":6957},""time"":1729913785597},{""box"":{""left"":2107,""right"":3852,""top"":2896,""bottom"":6957},""time"":1729913785769},{""box"":{""left"":2107,""right"":3852,""top"":2896,""bottom"":6957},""time"":1729913785917},{""box"":{""left"":2107,""right"":3852,""top"":2896,""bottom"":6957},""time"":1729913786094},{""box"":{""left"":2107,""right"":3852,""top"":2896,""bottom"":6957},""time"":1729913786200},{""box"":{""left"":2107,""right"":3852,""top"":2896,""bottom"":6957},""time"":1729913786296},{""box"":{""left"":2107,""right"":3852,""top"":2896,""bottom"":6957},""time"":1729913786474},{""box"":{""left"":2107,""right"":3852,""top"":2896,""bottom"":6957},""time"":1729913786624},{""box"":{""left"":2107,""right"":3852,""top"":2896,""bottom"":6957},""time"":1729913786709},{""box"":{""left"":2107,""right"":3852,""top"":2896,""bottom"":6957},""time"":1729913786794},{""box"":{""left"":2107,""right"":3852,""top"":2896,""bottom"":6957},""time"":1729913786878},{""box"":{""left"":2107,""right"":3852,""top"":2896,""bottom"":6957},""time"":1729913786963},{""box"":{""left"":2107,""right"":3852,""top"":2896,""bottom"":6957},""time"":1729913787048},{""box"":{""left"":2107,""right"":3852,""top"":2896,""bottom"":6957},""time"":1729913787396},{""box"":{""left"":2107,""right"":3852,""top"":2896,""bottom"":6957},""time"":1729913787481},{""box"":{""left"":2107,""right"":3852,""top"":2896,""bottom"":6957},""time"":1729913787566},{""box"":{""left"":2107,""right"":3852,""top"":2896,""bottom"":6957},""time"":1729913787663},{""box"":{""left"":2107,""right"":3852,""top"":2896,""bottom"":6957},""time"":1729913787800},{""box"":{""left"":2107,""right"":3852,""top"":2896,""bottom"":6957},""time"":1729913788079},{""box"":{""left"":2107,""right"":3852,""top"":2896,""bottom"":6957},""time"":1729913788194},{""box"":{""left"":2107,""right"":3852,""top"":2896,""bottom"":6957},""time"":1729913788279},{""box"":{""left"":2107,""right"":3852,""top"":2896,""bottom"":6957},""time"":1729913788413},{""box"":{""left"":2107,""right"":3852,""top"":2896,""bottom"":6957},""time"":1729913788589},{""box"":{""left"":2107,""right"":3852,""top"":2896,""bottom"":6957},""time"":1729913788687},{""box"":{""left"":2107,""right"":3852,""top"":2896,""bottom"":6957},""time"":1729913788782},{""box"":{""left"":2107,""right"":3852,""top"":2896,""bottom"":6957},""time"":1729913788965},{""box"":{""left"":2107,""right"":3852,""top"":2896,""bottom"":6957},""time"":1729913789219},{""box"":{""left"":2107,""right"":3852,""top"":2896,""bottom"":6957},""time"":1729913789317},{""box"":{""left"":2107,""right"":3852,""top"":2896,""bottom"":6957},""time"":1729913789413},{""box"":{""left"":2107,""right"":3852,""top"":2896,""bottom"":6957},""time"":1729913789509},{""box"":{""left"":2107,""right"":3852,""top"":2896,""bottom"":6957},""time"":1729913789625},{""box"":{""left"":2107,""right"":3852,""top"":2896,""bottom"":6957},""time"":1729913789820},{""box"":{""left"":2107,""right"":3852,""top"":2896,""bottom"":6957},""time"":1729913789918},{""box"":{""left"":2107,""right"":3852,""top"":2896,""bottom"":6957},""time"":1729913790016},{""box"":{""left"":2107,""right"":3852,""top"":2896,""bottom"":6957},""time"":1729913790133},{""box"":{""left"":2107,""right"":3852,""top"":2896,""bottom"":6957},""time"":1729913790232},{""box"":{""left"":2107,""right"":3852,""top"":2896,""bottom"":6957},""time"":1729913790348},{""box"":{""left"":2107,""right"":3852,""top"":2896,""bottom"":6957},""time"":1729913790502},{""box"":{""left"":2107,""right"":3852,""top"":2896,""bottom"":6957},""time"":1729913790600},{""box"":{""left"":2107,""right"":3852,""top"":2896,""bottom"":6957},""time"":1729913790773},{""box"":{""left"":2107,""right"":3852,""top"":2896,""bottom"":6957},""time"":1729913791165},{""box"":{""left"":2107,""right"":3852,""top"":2896,""bottom"":6957},""time"":1729913791885},{""box"":{""left"":2107,""right"":3852,""top"":2896,""bottom"":6957},""time"":1729913792027},{""box"":{""left"":2107,""right"":3852,""top"":2896,""bottom"":6957},""time"":1729913792115},{""box"":{""left"":2107,""right"":3852,""top"":2896,""bottom"":6957},""time"":1729913792306},{""box"":{""left"":2107,""right"":3852,""top"":2896,""bottom"":6957},""time"":1729913792422},{""box"":{""left"":2107,""right"":3852,""top"":2896,""bottom"":6957},""time"":1729913792538},{""box"":{""left"":2107,""right"":3852,""top"":2896,""bottom"":6957},""time"":1729913792645},{""box"":{""left"":2107,""right"":3852,""top"":2896,""bottom"":6957},""time"":1729913792752},{""box"":{""left"":2107,""right"":3852,""top"":2896,""bottom"":6957},""time"":1729913792858},{""box"":{""left"":2107,""right"":3852,""top"":2896,""bottom"":6957},""time"":1729913793135},{""box"":{""left"":2107,""right"":3852,""top"":2896,""bottom"":6957},""time"":1729913793241},{""box"":{""left"":2107,""right"":3852,""top"":2896,""bottom"":6957},""time"":1729913793436},{""box"":{""left"":2107,""right"":3852,""top"":2896,""bottom"":6957},""time"":1729913793623},{""box"":{""left"":2107,""right"":3852,""top"":2896,""bottom"":6957},""time"":1729913793730},{""box"":{""left"":2107,""right"":3852,""top"":2896,""bottom"":6957},""time"":1729913793827},{""box"":{""left"":2107,""right"":3852,""top"":2896,""bottom"":6957},""time"":1729913793934},{""box"":{""left"":2107,""right"":3852,""top"":2896,""bottom"":6957},""time"":1729913794020},{""box"":{""left"":2107,""right"":3852,""top"":2896,""bottom"":6957},""time"":1729913794107},{""box"":{""left"":2107,""right"":3852,""top"":2896,""bottom"":6957},""time"":1729913794257},{""box"":{""left"":2107,""right"":3852,""top"":2896,""bottom"":6957},""time"":1729913794466},{""box"":{""left"":2107,""right"":3852,""top"":2896,""bottom"":6957},""time"":1729913794553},{""box"":{""left"":2107,""right"":3852,""top"":2896,""bottom"":6957},""time"":1729913794942},{""box"":{""left"":2107,""right"":3852,""top"":2896,""bottom"":6957},""time"":1729913795804},{""box"":{""left"":2107,""right"":3852,""top"":2896,""bottom"":6957},""time"":1729913795996},{""box"":{""left"":2107,""right"":3852,""top"":2896,""bottom"":6957},""time"":1729913796304},{""box"":{""left"":2107,""right"":3852,""top"":2896,""bottom"":6957},""time"":1729913796487},{""box"":{""left"":2107,""right"":3852,""top"":2896,""bottom"":6957},""time"":1729913796711},{""box"":{""left"":2107,""right"":3852,""top"":2896,""bottom"":6957},""time"":1729913797044},{""box"":{""left"":2107,""right"":3852,""top"":2896,""bottom"":6957},""time"":1729913797249},{""box"":{""left"":2107,""right"":3852,""top"":2896,""bottom"":6957},""time"":1729913797354},{""box"":{""left"":2107,""right"":3852,""top"":2896,""bottom"":6957},""time"":1729913797429}",,,,,
57080,Person,2024-10-26 12:36:25,2024-10-26 12:36:38,"{""left"":2070,""right"":5621,""top"":2526,""bottom"":7100},{""box"":{""left"":2070,""right"":5621,""top"":2526,""bottom"":7100},""time"":1729913785512},{""box"":{""left"":2070,""right"":5621,""top"":2526,""bottom"":7100},""time"":1729913785928},{""box"":{""left"":2070,""right"":5621,""top"":2526,""bottom"":7100},""time"":1729913786104},{""box"":{""left"":2070,""right"":5621,""top"":2526,""bottom"":7100},""time"":1729913786210},{""box"":{""left"":2070,""right"":5621,""top"":2526,""bottom"":7100},""time"":1729913786307},{""box"":{""left"":2070,""right"":5621,""top"":2526,""bottom"":7100},""time"":1729913787673},{""box"":{""left"":2070,""right"":5621,""top"":2526,""bottom"":7100},""time"":1729913787810},{""box"":{""left"":2070,""right"":5621,""top"":2526,""bottom"":7100},""time"":1729913787905},{""box"":{""left"":2070,""right"":5621,""top"":2526,""bottom"":7100},""time"":1729913788089},{""box"":{""left"":2070,""right"":5621,""top"":2526,""bottom"":7100},""time"":1729913788423},{""box"":{""left"":2070,""right"":5621,""top"":2526,""bottom"":7100},""time"":1729913788599},{""box"":{""left"":2070,""right"":5621,""top"":2526,""bottom"":7100},""time"":1729913788697},{""box"":{""left"":2070,""right"":5621,""top"":2526,""bottom"":7100},""time"":1729913788976},{""box"":{""left"":2070,""right"":5621,""top"":2526,""bottom"":7100},""time"":1729913789229},{""box"":{""left"":2070,""right"":5621,""top"":2526,""bottom"":7100},""time"":1729913789327},{""box"":{""left"":2070,""right"":5621,""top"":2526,""bottom"":7100},""time"":1729913789424},{""box"":{""left"":2070,""right"":5621,""top"":2526,""bottom"":7100},""time"":1729913789519},{""box"":{""left"":2070,""right"":5621,""top"":2526,""bottom"":7100},""time"":1729913789635},{""box"":{""left"":2070,""right"":5621,""top"":2526,""bottom"":7100},""time"":1729913789830},{""box"":{""left"":2070,""right"":5621,""top"":2526,""bottom"":7100},""time"":1729913789928},{""box"":{""left"":2070,""right"":5621,""top"":2526,""bottom"":7100},""time"":1729913790026},{""box"":{""left"":2070,""right"":5621,""top"":2526,""bottom"":7100},""time"":1729913790143},{""box"":{""left"":2070,""right"":5621,""top"":2526,""bottom"":7100},""time"":1729913790242},{""box"":{""left"":2070,""right"":5621,""top"":2526,""bottom"":7100},""time"":1729913790358},{""box"":{""left"":2070,""right"":5621,""top"":2526,""bottom"":7100},""time"":1729913790512},{""box"":{""left"":2070,""right"":5621,""top"":2526,""bottom"":7100},""time"":1729913790611},{""box"":{""left"":2070,""right"":5621,""top"":2526,""bottom"":7100},""time"":1729913790784},{""box"":{""left"":2070,""right"":5621,""top"":2526,""bottom"":7100},""time"":1729913791175},{""box"":{""left"":2070,""right"":5621,""top"":2526,""bottom"":7100},""time"":1729913791895},{""box"":{""left"":2070,""right"":5621,""top"":2526,""bottom"":7100},""time"":1729913792037},{""box"":{""left"":2070,""right"":5621,""top"":2526,""bottom"":7100},""time"":1729913792126},{""box"":{""left"":2070,""right"":5621,""top"":2526,""bottom"":7100},""time"":1729913792316},{""box"":{""left"":2070,""right"":5621,""top"":2526,""bottom"":7100},""time"":1729913792432},{""box"":{""left"":2070,""right"":5621,""top"":2526,""bottom"":7100},""time"":1729913792549},{""box"":{""left"":2070,""right"":5621,""top"":2526,""bottom"":7100},""time"":1729913792656},{""box"":{""left"":2070,""right"":5621,""top"":2526,""bottom"":7100},""time"":1729913792762},{""box"":{""left"":2070,""right"":5621,""top"":2526,""bottom"":7100},""time"":1729913793145},{""box"":{""left"":2070,""right"":5621,""top"":2526,""bottom"":7100},""time"":1729913793634},{""box"":{""left"":2070,""right"":5621,""top"":2526,""bottom"":7100},""time"":1729913793740},{""box"":{""left"":2070,""right"":5621,""top"":2526,""bottom"":7100},""time"":1729913793838},{""box"":{""left"":2070,""right"":5621,""top"":2526,""bottom"":7100},""time"":1729913793945},{""box"":{""left"":2070,""right"":5621,""top"":2526,""bottom"":7100},""time"":1729913794030},{""box"":{""left"":2070,""right"":5621,""top"":2526,""bottom"":7100},""time"":1729913794117},{""box"":{""left"":2070,""right"":5621,""top"":2526,""bottom"":7100},""time"":1729913794267},{""box"":{""left"":2070,""right"":5621,""top"":2526,""bottom"":7100},""time"":1729913794477},{""box"":{""left"":2070,""right"":5621,""top"":2526,""bottom"":7100},""time"":1729913794564},{""box"":{""left"":2070,""right"":5621,""top"":2526,""bottom"":7100},""time"":1729913794953},{""box"":{""left"":2070,""right"":5621,""top"":2526,""bottom"":7100},""time"":1729913795815},{""box"":{""left"":2070,""right"":5621,""top"":2526,""bottom"":7100},""time"":1729913796314},{""box"":{""left"":2070,""right"":5621,""top"":2526,""bottom"":7100},""time"":1729913796498},{""box"":{""left"":2070,""right"":5621,""top"":2526,""bottom"":7100},""time"":1729913796722},{""box"":{""left"":2070,""right"":5621,""top"":2526,""bottom"":7100},""time"":1729913797054},{""box"":{""left"":2070,""right"":5621,""top"":2526,""bottom"":7100},""time"":1729913797365},{""box"":{""left"":2070,""right"":5621,""top"":2526,""bottom"":7100},""time"":1729913797705},{""box"":{""left"":2070,""right"":5621,""top"":2526,""bottom"":7100},""time"":1729913797772},{""box"":{""left"":2070,""right"":5621,""top"":2526,""bottom"":7100},""time"":1729913797907},{""box"":{""left"":2070,""right"":5621,""top"":2526,""bottom"":7100},""time"":1729913797970},{""box"":{""left"":2070,""right"":5621,""top"":2526,""bottom"":7100},""time"":1729913798176},{""box"":{""left"":2070,""right"":5621,""top"":2526,""bottom"":7100},""time"":1729913798258},{""box"":{""left"":2070,""right"":5621,""top"":2526,""bottom"":7100},""time"":1729913798311},{""box"":{""left"":2070,""right"":5621,""top"":2526,""bottom"":7100},""time"":1729913798354},{""box"":{""left"":2070,""right"":5621,""top"":2526,""bottom"":7100},""time"":1729913798407},{""box"":{""left"":2070,""right"":5621,""top"":2526,""bottom"":7100},""time"":1729913798700},{""box"":{""left"":2070,""right"":5621,""top"":2526,""bottom"":7100},""time"":1729913798725},{""box"":{""left"":2070,""right"":5621,""top"":2526,""bottom"":7100},""time"":1729913798778},{""box"":{""left"":2070,""right"":5621,""top"":2526,""bottom"":7100},""time"":1729913798846}",,,,,
57081,Person,2024-10-26 12:36:32,2024-10-26 12:36:32,"{""left"":9143,""right"":5687,""top"":9674,""bottom"":6967}",,,,,
57083,Person,2024-10-26 12:36:39,2024-10-26 12:36:50,"{""left"":5801,""right"":2613,""top"":6176,""bottom"":5012},{""box"":{""left"":5801,""right"":2613,""top"":6176,""bottom"":5012},""time"":1729913800076},{""box"":{""left"":5801,""right"":2613,""top"":6176,""bottom"":5012},""time"":1729913800178},{""box"":{""left"":5801,""right"":2613,""top"":6176,""bottom"":5012},""time"":1729913800487},{""box"":{""left"":5801,""right"":2613,""top"":6176,""bottom"":5012},""time"":1729913800775},{""box"":{""left"":5801,""right"":2613,""top"":6176,""bottom"":5012},""time"":1729913800856},{""box"":{""left"":5801,""right"":2613,""top"":6176,""bottom"":5012},""time"":1729913801017},{""box"":{""left"":5801,""right"":2613,""top"":6176,""bottom"":5012},""time"":1729913801151},{""box"":{""left"":5801,""right"":2613,""top"":6176,""bottom"":5012},""time"":1729913801396},{""box"":{""left"":5801,""right"":2613,""top"":6176,""bottom"":5012},""time"":1729913801495},{""box"":{""left"":5801,""right"":2613,""top"":6176,""bottom"":5012},""time"":1729913801559},{""box"":{""left"":5801,""right"":2613,""top"":6176,""bottom"":5012},""time"":1729913801622},{""box"":{""left"":5801,""right"":2613,""top"":6176,""bottom"":5012},""time"":1729913801688},{""box"":{""left"":5801,""right"":2613,""top"":6176,""bottom"":5012},""time"":1729913801751},{""box"":{""left"":5801,""right"":2613,""top"":6176,""bottom"":5012},""time"":1729913801836},{""box"":{""left"":5801,""right"":2613,""top"":6176,""bottom"":5012},""time"":1729913801900},{""box"":{""left"":5801,""right"":2613,""top"":6176,""bottom"":5012},""time"":1729913801963},{""box"":{""left"":5801,""right"":2613,""top"":6176,""bottom"":5012},""time"":1729913802028},{""box"":{""left"":5801,""right"":2613,""top"":6176,""bottom"":5012},""time"":1729913802091},{""box"":{""left"":5801,""right"":2613,""top"":6176,""bottom"":5012},""time"":1729913802155},{""box"":{""left"":5801,""right"":2613,""top"":6176,""bottom"":5012},""time"":1729913802219},{""box"":{""left"":5801,""right"":2613,""top"":6176,""bottom"":5012},""time"":1729913802283},{""box"":{""left"":5801,""right"":2613,""top"":6176,""bottom"":5012},""time"":1729913802346},{""box"":{""left"":5801,""right"":2613,""top"":6176,""bottom"":5012},""time"":1729913802410},{""box"":{""left"":5801,""right"":2613,""top"":6176,""bottom"":5012},""time"":1729913802474},{""box"":{""left"":5801,""right"":2613,""top"":6176,""bottom"":5012},""time"":1729913802538},{""box"":{""left"":5801,""right"":2613,""top"":6176,""bottom"":5012},""time"":1729913802614},{""box"":{""left"":5801,""right"":2613,""top"":6176,""bottom"":5012},""time"":1729913802793},{""box"":{""left"":5801,""right"":2613,""top"":6176,""bottom"":5012},""time"":1729913803092},{""box"":{""left"":5801,""right"":2613,""top"":6176,""bottom"":5012},""time"":1729913803207},{""box"":{""left"":5801,""right"":2613,""top"":6176,""bottom"":5012},""time"":1729913803507},{""box"":{""left"":5801,""right"":2613,""top"":6176,""bottom"":5012},""time"":1729913803665},{""box"":{""left"":5801,""right"":2613,""top"":6176,""bottom"":5012},""time"":1729913803751},{""box"":{""left"":5801,""right"":2613,""top"":6176,""bottom"":5012},""time"":1729913803826},{""box"":{""left"":5801,""right"":2613,""top"":6176,""bottom"":5012},""time"":1729913803901},{""box"":{""left"":5801,""right"":2613,""top"":6176,""bottom"":5012},""time"":1729913803987},{""box"":{""left"":5801,""right"":2613,""top"":6176,""bottom"":5012},""time"":1729913804062},{""box"":{""left"":5801,""right"":2613,""top"":6176,""bottom"":5012},""time"":1729913804128},{""box"":{""left"":5801,""right"":2613,""top"":6176,""bottom"":5012},""time"":1729913804235},{""box"":{""left"":5801,""right"":2613,""top"":6176,""bottom"":5012},""time"":1729913804309},{""box"":{""left"":5801,""right"":2613,""top"":6176,""bottom"":5012},""time"":1729913804386},{""box"":{""left"":5801,""right"":2613,""top"":6176,""bottom"":5012},""time"":1729913804460},{""box"":{""left"":5801,""right"":2613,""top"":6176,""bottom"":5012},""time"":1729913804517},{""box"":{""left"":5801,""right"":2613,""top"":6176,""bottom"":5012},""time"":1729913804592},{""box"":{""left"":5801,""right"":2613,""top"":6176,""bottom"":5012},""time"":1729913804648},{""box"":{""left"":5801,""right"":2613,""top"":6176,""bottom"":5012},""time"":1729913804786},{""box"":{""left"":5801,""right"":2613,""top"":6176,""bottom"":5012},""time"":1729913804882},{""box"":{""left"":5801,""right"":2613,""top"":6176,""bottom"":5012},""time"":1729913804968},{""box"":{""left"":5801,""right"":2613,""top"":6176,""bottom"":5012},""time"":1729913805044},{""box"":{""left"":5801,""right"":2613,""top"":6176,""bottom"":5012},""time"":1729913805118},{""box"":{""left"":5801,""right"":2613,""top"":6176,""bottom"":5012},""time"":1729913805215},{""box"":{""left"":5801,""right"":2613,""top"":6176,""bottom"":5012},""time"":1729913805291},{""box"":{""left"":5801,""right"":2613,""top"":6176,""bottom"":5012},""time"":1729913805355},{""box"":{""left"":5801,""right"":2613,""top"":6176,""bottom"":5012},""time"":1729913805446},{""box"":{""left"":5801,""right"":2613,""top"":6176,""bottom"":5012},""time"":1729913805511},{""box"":{""left"":5801,""right"":2613,""top"":6176,""bottom"":5012},""time"":1729913805568},{""box"":{""left"":5801,""right"":2613,""top"":6176,""bottom"":5012},""time"":1729913805655},{""box"":{""left"":5801,""right"":2613,""top"":6176,""bottom"":5012},""time"":1729913805720},{""box"":{""left"":5801,""right"":2613,""top"":6176,""bottom"":5012},""time"":1729913805837},{""box"":{""left"":5801,""right"":2613,""top"":6176,""bottom"":5012},""time"":1729913805949},{""box"":{""left"":5801,""right"":2613,""top"":6176,""bottom"":5012},""time"":1729913806014},{""box"":{""left"":5801,""right"":2613,""top"":6176,""bottom"":5012},""time"":1729913806100},{""box"":{""left"":5801,""right"":2613,""top"":6176,""bottom"":5012},""time"":1729913806176},{""box"":{""left"":5801,""right"":2613,""top"":6176,""bottom"":5012},""time"":1729913806263},{""box"":{""left"":5801,""right"":2613,""top"":6176,""bottom"":5012},""time"":1729913806345},{""box"":{""left"":5801,""right"":2613,""top"":6176,""bottom"":5012},""time"":1729913806529},{""box"":{""left"":5801,""right"":2613,""top"":6176,""bottom"":5012},""time"":1729913806617},{""box"":{""left"":5801,""right"":2613,""top"":6176,""bottom"":5012},""time"":1729913806700},{""box"":{""left"":5801,""right"":2613,""top"":6176,""bottom"":5012},""time"":1729913806894},{""box"":{""left"":5801,""right"":2613,""top"":6176,""bottom"":5012},""time"":1729913807033},{""box"":{""left"":5801,""right"":2613,""top"":6176,""bottom"":5012},""time"":1729913807735},{""box"":{""left"":5801,""right"":2613,""top"":6176,""bottom"":5012},""time"":1729913807825},{""box"":{""left"":5801,""right"":2613,""top"":6176,""bottom"":5012},""time"":1729913807972},{""box"":{""left"":5801,""right"":2613,""top"":6176,""bottom"":5012},""time"":1729913808081},{""box"":{""left"":5801,""right"":2613,""top"":6176,""bottom"":5012},""time"":1729913808210},{""box"":{""left"":5801,""right"":2613,""top"":6176,""bottom"":5012},""time"":1729913808293},{""box"":{""left"":5801,""right"":2613,""top"":6176,""bottom"":5012},""time"":1729913808424},{""box"":{""left"":5801,""right"":2613,""top"":6176,""bottom"":5012},""time"":1729913808507},{""box"":{""left"":5801,""right"":2613,""top"":6176,""bottom"":5012},""time"":1729913809172},{""box"":{""left"":5801,""right"":2613,""top"":6176,""bottom"":5012},""time"":1729913809432},{""box"":{""left"":5801,""right"":2613,""top"":6176,""bottom"":5012},""time"":1729913809587},{""box"":{""left"":5801,""right"":2613,""top"":6176,""bottom"":5012},""time"":1729913809690},{""box"":{""left"":5801,""right"":2613,""top"":6176,""bottom"":5012},""time"":1729913809787},{""box"":{""left"":5801,""right"":2613,""top"":6176,""bottom"":5012},""time"":1729913809866},{""box"":{""left"":5801,""right"":2613,""top"":6176,""bottom"":5012},""time"":1729913809969},{""box"":{""left"":5801,""right"":2613,""top"":6176,""bottom"":5012},""time"":1729913810047}",,,,,
57085,Person,2024-10-26 12:36:41,2024-10-26 12:37:07,"{""left"":9525,""right"":6559,""top"":10000,""bottom"":9483},{""box"":{""left"":9525,""right"":6559,""top"":10000,""bottom"":9483},""time"":1729913801910},{""box"":{""left"":9525,""right"":6559,""top"":10000,""bottom"":9483},""time"":1729913801974},{""box"":{""left"":9525,""right"":6559,""top"":10000,""bottom"":9483},""time"":1729913802038},{""box"":{""left"":9525,""right"":6559,""top"":10000,""bottom"":9483},""time"":1729913802101},{""box"":{""left"":9525,""right"":6559,""top"":10000,""bottom"":9483},""time"":1729913802166},{""box"":{""left"":9525,""right"":6559,""top"":10000,""bottom"":9483},""time"":1729913802293},{""box"":{""left"":9525,""right"":6559,""top"":10000,""bottom"":9483},""time"":1729913802484},{""box"":{""left"":9525,""right"":6559,""top"":10000,""bottom"":9483},""time"":1729913802549},{""box"":{""left"":9525,""right"":6559,""top"":10000,""bottom"":9483},""time"":1729913802624},{""box"":{""left"":9525,""right"":6559,""top"":10000,""bottom"":9483},""time"":1729913802803},{""box"":{""left"":9525,""right"":6559,""top"":10000,""bottom"":9483},""time"":1729913803102},{""box"":{""left"":9525,""right"":6559,""top"":10000,""bottom"":9483},""time"":1729913804245},{""box"":{""left"":9525,""right"":6559,""top"":10000,""bottom"":9483},""time"":1729913804396},{""box"":{""left"":9525,""right"":6559,""top"":10000,""bottom"":9483},""time"":1729913804528},{""box"":{""left"":9525,""right"":6559,""top"":10000,""bottom"":9483},""time"":1729913804658},{""box"":{""left"":9525,""right"":6559,""top"":10000,""bottom"":9483},""time"":1729913804796},{""box"":{""left"":9525,""right"":6559,""top"":10000,""bottom"":9483},""time"":1729913804893},{""box"":{""left"":9525,""right"":6559,""top"":10000,""bottom"":9483},""time"":1729913804978},{""box"":{""left"":9525,""right"":6559,""top"":10000,""bottom"":9483},""time"":1729913805054},{""box"":{""left"":9525,""right"":6559,""top"":10000,""bottom"":9483},""time"":1729913805130},{""box"":{""left"":9525,""right"":6559,""top"":10000,""bottom"":9483},""time"":1729913805225},{""box"":{""left"":9525,""right"":6559,""top"":10000,""bottom"":9483},""time"":1729913805301},{""box"":{""left"":9525,""right"":6559,""top"":10000,""bottom"":9483},""time"":1729913805365},{""box"":{""left"":9525,""right"":6559,""top"":10000,""bottom"":9483},""time"":1729913805579},{""box"":{""left"":9525,""right"":6559,""top"":10000,""bottom"":9483},""time"":1729913805848},{""box"":{""left"":9525,""right"":6559,""top"":10000,""bottom"":9483},""time"":1729913806274},{""box"":{""left"":9525,""right"":6559,""top"":10000,""bottom"":9483},""time"":1729913806355},{""box"":{""left"":9525,""right"":6559,""top"":10000,""bottom"":9483},""time"":1729913806627},{""box"":{""left"":9525,""right"":6559,""top"":10000,""bottom"":9483},""time"":1729913806710},{""box"":{""left"":9525,""right"":6559,""top"":10000,""bottom"":9483},""time"":1729913806904},{""box"":{""left"":9525,""right"":6559,""top"":10000,""bottom"":9483},""time"":1729913807043},{""box"":{""left"":9525,""right"":6559,""top"":10000,""bottom"":9483},""time"":1729913807836},{""box"":{""left"":9525,""right"":6559,""top"":10000,""bottom"":9483},""time"":1729913807983},{""box"":{""left"":9525,""right"":6559,""top"":10000,""bottom"":9483},""time"":1729913808092},{""box"":{""left"":9525,""right"":6559,""top"":10000,""bottom"":9483},""time"":1729913808220},{""box"":{""left"":9525,""right"":6559,""top"":10000,""bottom"":9483},""time"":1729913808304},{""box"":{""left"":9525,""right"":6559,""top"":10000,""bottom"":9483},""time"":1729913808434},{""box"":{""left"":9525,""right"":6559,""top"":10000,""bottom"":9483},""time"":1729913808519},{""box"":{""left"":9525,""right"":6559,""top"":10000,""bottom"":9483},""time"":1729913809183},{""box"":{""left"":9525,""right"":6559,""top"":10000,""bottom"":9483},""time"":1729913809442},{""box"":{""left"":9525,""right"":6559,""top"":10000,""bottom"":9483},""time"":1729913809597},{""box"":{""left"":9525,""right"":6559,""top"":10000,""bottom"":9483},""time"":1729913810320},{""box"":{""left"":9525,""right"":6559,""top"":10000,""bottom"":9483},""time"":1729913810715},{""box"":{""left"":9525,""right"":6559,""top"":10000,""bottom"":9483},""time"":1729913810811},{""box"":{""left"":9525,""right"":6559,""top"":10000,""bottom"":9483},""time"":1729913810876},{""box"":{""left"":9525,""right"":6559,""top"":10000,""bottom"":9483},""time"":1729913811056},{""box"":{""left"":9525,""right"":6559,""top"":10000,""bottom"":9483},""time"":1729913811133},{""box"":{""left"":9525,""right"":6559,""top"":10000,""bottom"":9483},""time"":1729913811219},{""box"":{""left"":9525,""right"":6559,""top"":10000,""bottom"":9483},""time"":1729913811934},{""box"":{""left"":9525,""right"":6559,""top"":10000,""bottom"":9483},""time"":1729913811988},{""box"":{""left"":9525,""right"":6559,""top"":10000,""bottom"":9483},""time"":1729913812237},{""box"":{""left"":9525,""right"":6559,""top"":10000,""bottom"":9483},""time"":1729913812281},{""box"":{""left"":9525,""right"":6559,""top"":10000,""bottom"":9483},""time"":1729913812357},{""box"":{""left"":9525,""right"":6559,""top"":10000,""bottom"":9483},""time"":1729913812519},{""box"":{""left"":9525,""right"":6559,""top"":10000,""bottom"":9483},""time"":1729913812561},{""box"":{""left"":9525,""right"":6559,""top"":10000,""bottom"":9483},""time"":1729913812593},{""box"":{""left"":9525,""right"":6559,""top"":10000,""bottom"":9483},""time"":1729913812635},{""box"":{""left"":9525,""right"":6559,""top"":10000,""bottom"":9483},""time"":1729913812690},{""box"":{""left"":9525,""right"":6559,""top"":10000,""bottom"":9483},""time"":1729913812732},{""box"":{""left"":9525,""right"":6559,""top"":10000,""bottom"":9483},""time"":1729913812775},{""box"":{""left"":9525,""right"":6559,""top"":10000,""bottom"":9483},""time"":1729913812819},{""box"":{""left"":9525,""right"":6559,""top"":10000,""bottom"":9483},""time"":1729913812861},{""box"":{""left"":9525,""right"":6559,""top"":10000,""bottom"":9483},""time"":1729913812905},{""box"":{""left"":9525,""right"":6559,""top"":10000,""bottom"":9483},""time"":1729913813176},{""box"":{""left"":9525,""right"":6559,""top"":10000,""bottom"":9483},""time"":1729913813211},{""box"":{""left"":9525,""right"":6559,""top"":10000,""bottom"":9483},""time"":1729913813242},{""box"":{""left"":9525,""right"":6559,""top"":10000,""bottom"":9483},""time"":1729913813873},{""box"":{""left"":9525,""right"":6559,""top"":10000,""bottom"":9483},""time"":1729913814385},{""box"":{""left"":9525,""right"":6559,""top"":10000,""bottom"":9483},""time"":1729913814440},{""box"":{""left"":9525,""right"":6559,""top"":10000,""bottom"":9483},""time"":1729913814588},{""box"":{""left"":9525,""right"":6559,""top"":10000,""bottom"":9483},""time"":1729913814643},{""box"":{""left"":9525,""right"":6559,""top"":10000,""bottom"":9483},""time"":1729913814680},{""box"":{""left"":9525,""right"":6559,""top"":10000,""bottom"":9483},""time"":1729913814734},{""box"":{""left"":9525,""right"":6559,""top"":10000,""bottom"":9483},""time"":1729913814810},{""box"":{""left"":9525,""right"":6559,""top"":10000,""bottom"":9483},""time"":1729913814863},{""box"":{""left"":9525,""right"":6559,""top"":10000,""bottom"":9483},""time"":1729913814928},{""box"":{""left"":9525,""right"":6559,""top"":10000,""bottom"":9483},""time"":1729913814981},{""box"":{""left"":9525,""right"":6559,""top"":10000,""bottom"":9483},""time"":1729913815056},{""box"":{""left"":9525,""right"":6559,""top"":10000,""bottom"":9483},""time"":1729913815117},{""box"":{""left"":9525,""right"":6559,""top"":10000,""bottom"":9483},""time"":1729913815171},{""box"":{""left"":9525,""right"":6559,""top"":10000,""bottom"":9483},""time"":1729913815217},{""box"":{""left"":9525,""right"":6559,""top"":10000,""bottom"":9483},""time"":1729913815329},{""box"":{""left"":9525,""right"":6559,""top"":10000,""bottom"":9483},""time"":1729913815442},{""box"":{""left"":9525,""right"":6559,""top"":10000,""bottom"":9483},""time"":1729913815608},{""box"":{""left"":9525,""right"":6559,""top"":10000,""bottom"":9483},""time"":1729913815634},{""box"":{""left"":9525,""right"":6559,""top"":10000,""bottom"":9483},""time"":1729913815687},{""box"":{""left"":9525,""right"":6559,""top"":10000,""bottom"":9483},""time"":1729913815837},{""box"":{""left"":9525,""right"":6559,""top"":10000,""bottom"":9483},""time"":1729913815890},{""box"":{""left"":9525,""right"":6559,""top"":10000,""bottom"":9483},""time"":1729913815936},{""box"":{""left"":9525,""right"":6559,""top"":10000,""bottom"":9483},""time"":1729913815989},{""box"":{""left"":9525,""right"":6559,""top"":10000,""bottom"":9483},""time"":1729913816038},{""box"":{""left"":9525,""right"":6559,""top"":10000,""bottom"":9483},""time"":1729913816091},{""box"":{""left"":9525,""right"":6559,""top"":10000,""bottom"":9483},""time"":1729913816463},{""box"":{""left"":9525,""right"":6559,""top"":10000,""bottom"":9483},""time"":1729913816537},{""box"":{""left"":9525,""right"":6559,""top"":10000,""bottom"":9483},""time"":1729913816581},{""box"":{""left"":9525,""right"":6559,""top"":10000,""bottom"":9483},""time"":1729913816623},{""box"":{""left"":9525,""right"":6559,""top"":10000,""bottom"":9483},""time"":1729913816667},{""box"":{""left"":9525,""right"":6559,""top"":10000,""bottom"":9483},""time"":1729913816730},{""box"":{""left"":9525,""right"":6559,""top"":10000,""bottom"":9483},""time"":1729913816774},{""box"":{""left"":9525,""right"":6559,""top"":10000,""bottom"":9483},""time"":1729913817022},{""box"":{""left"":9525,""right"":6559,""top"":10000,""bottom"":9483},""time"":1729913817076},{""box"":{""left"":9525,""right"":6559,""top"":10000,""bottom"":9483},""time"":1729913817200},{""box"":{""left"":9525,""right"":6559,""top"":10000,""bottom"":9483},""time"":1729913817254},{""box"":{""left"":9525,""right"":6559,""top"":10000,""bottom"":9483},""time"":1729913817311},{""box"":{""left"":9525,""right"":6559,""top"":10000,""bottom"":9483},""time"":1729913817364},{""box"":{""left"":9525,""right"":6559,""top"":10000,""bottom"":9483},""time"":1729913817399},{""box"":{""left"":9525,""right"":6559,""top"":10000,""bottom"":9483},""time"":1729913817452},{""box"":{""left"":9525,""right"":6559,""top"":10000,""bottom"":9483},""time"":1729913817517},{""box"":{""left"":9525,""right"":6559,""top"":10000,""bottom"":9483},""time"":1729913817571},{""box"":{""left"":9525,""right"":6559,""top"":10000,""bottom"":9483},""time"":1729913817660},{""box"":{""left"":9525,""right"":6559,""top"":10000,""bottom"":9483},""time"":1729913817781},{""box"":{""left"":9525,""right"":6559,""top"":10000,""bottom"":9483},""time"":1729913817820},{""box"":{""left"":9525,""right"":6559,""top"":10000,""bottom"":9483},""time"":1729913817862},{""box"":{""left"":9525,""right"":6559,""top"":10000,""bottom"":9483},""time"":1729913817906},{""box"":{""left"":9525,""right"":6559,""top"":10000,""bottom"":9483},""time"":1729913817960},{""box"":{""left"":9525,""right"":6559,""top"":10000,""bottom"":9483},""time"":1729913818122},{""box"":{""left"":9525,""right"":6559,""top"":10000,""bottom"":9483},""time"":1729913818175},{""box"":{""left"":9525,""right"":6559,""top"":10000,""bottom"":9483},""time"":1729913818240},{""box"":{""left"":9525,""right"":6559,""top"":10000,""bottom"":9483},""time"":1729913818296},{""box"":{""left"":9525,""right"":6559,""top"":10000,""bottom"":9483},""time"":1729913818349},{""box"":{""left"":9525,""right"":6559,""top"":10000,""bottom"":9483},""time"":1729913818404},{""box"":{""left"":9525,""right"":6559,""top"":10000,""bottom"":9483},""time"":1729913818479},{""box"":{""left"":9525,""right"":6559,""top"":10000,""bottom"":9483},""time"":1729913818533},{""box"":{""left"":9525,""right"":6559,""top"":10000,""bottom"":9483},""time"":1729913820033},{""box"":{""left"":9525,""right"":6559,""top"":10000,""bottom"":9483},""time"":1729913821127},{""box"":{""left"":9525,""right"":6559,""top"":10000,""bottom"":9483},""time"":1729913821182},{""box"":{""left"":9525,""right"":6559,""top"":10000,""bottom"":9483},""time"":1729913824097},{""box"":{""left"":9525,""right"":6559,""top"":10000,""bottom"":9483},""time"":1729913824140},{""box"":{""left"":9525,""right"":6559,""top"":10000,""bottom"":9483},""time"":1729913824486},{""box"":{""left"":9525,""right"":6559,""top"":10000,""bottom"":9483},""time"":1729913824649},{""box"":{""left"":9525,""right"":6559,""top"":10000,""bottom"":9483},""time"":1729913824703},{""box"":{""left"":9525,""right"":6559,""top"":10000,""bottom"":9483},""time"":1729913824794},{""box"":{""left"":9525,""right"":6559,""top"":10000,""bottom"":9483},""time"":1729913825306},{""box"":{""left"":9525,""right"":6559,""top"":10000,""bottom"":9483},""time"":1729913825383},{""box"":{""left"":9525,""right"":6559,""top"":10000,""bottom"":9483},""time"":1729913825438},{""box"":{""left"":9525,""right"":6559,""top"":10000,""bottom"":9483},""time"":1729913825556},{""box"":{""left"":9525,""right"":6559,""top"":10000,""bottom"":9483},""time"":1729913825611},{""box"":{""left"":9525,""right"":6559,""top"":10000,""bottom"":9483},""time"":1729913825667},{""box"":{""left"":9525,""right"":6559,""top"":10000,""bottom"":9483},""time"":1729913825754},{""box"":{""left"":9525,""right"":6559,""top"":10000,""bottom"":9483},""time"":1729913825807},{""box"":{""left"":9525,""right"":6559,""top"":10000,""bottom"":9483},""time"":1729913825899},{""box"":{""left"":9525,""right"":6559,""top"":10000,""bottom"":9483},""time"":1729913825986},{""box"":{""left"":9525,""right"":6559,""top"":10000,""bottom"":9483},""time"":1729913826042},{""box"":{""left"":9525,""right"":6559,""top"":10000,""bottom"":9483},""time"":1729913826456},{""box"":{""left"":9525,""right"":6559,""top"":10000,""bottom"":9483},""time"":1729913827002},{""box"":{""left"":9525,""right"":6559,""top"":10000,""bottom"":9483},""time"":1729913827366},{""box"":{""left"":9525,""right"":6559,""top"":10000,""bottom"":9483},""time"":1729913827491},{""box"":{""left"":9525,""right"":6559,""top"":10000,""bottom"":9483},""time"":1729913827909},{""box"":{""left"":9525,""right"":6559,""top"":10000,""bottom"":9483},""time"":1729913827975}",,,,,
57087,Person,2024-10-26 12:36:50,2024-10-26 12:37:08,"{""left"":1780,""right"":2873,""top"":2050,""bottom"":4379},{""box"":{""left"":1780,""right"":2873,""top"":2050,""bottom"":4379},""time"":1729913810887},{""box"":{""left"":1780,""right"":2873,""top"":2050,""bottom"":4379},""time"":1729913810981},{""box"":{""left"":1780,""right"":2873,""top"":2050,""bottom"":4379},""time"":1729913811144},{""box"":{""left"":1780,""right"":2873,""top"":2050,""bottom"":4379},""time"":1729913811230},{""box"":{""left"":1780,""right"":2873,""top"":2050,""bottom"":4379},""time"":1729913811999},{""box"":{""left"":1780,""right"":2873,""top"":2050,""bottom"":4379},""time"":1729913812144},{""box"":{""left"":1780,""right"":2873,""top"":2050,""bottom"":4379},""time"":1729913813254},{""box"":{""left"":1780,""right"":2873,""top"":2050,""bottom"":4379},""time"":1729913813318},{""box"":{""left"":1780,""right"":2873,""top"":2050,""bottom"":4379},""time"":1729913813404},{""box"":{""left"":1780,""right"":2873,""top"":2050,""bottom"":4379},""time"":1729913813469},{""box"":{""left"":1780,""right"":2873,""top"":2050,""bottom"":4379},""time"":1729913813607},{""box"":{""left"":1780,""right"":2873,""top"":2050,""bottom"":4379},""time"":1729913813677},{""box"":{""left"":1780,""right"":2873,""top"":2050,""bottom"":4379},""time"":1729913813885},{""box"":{""left"":1780,""right"":2873,""top"":2050,""bottom"":4379},""time"":1729913814165},{""box"":{""left"":1780,""right"":2873,""top"":2050,""bottom"":4379},""time"":1729913814450},{""box"":{""left"":1780,""right"":2873,""top"":2050,""bottom"":4379},""time"":1729913814653},{""box"":{""left"":1780,""right"":2873,""top"":2050,""bottom"":4379},""time"":1729913814745},{""box"":{""left"":1780,""right"":2873,""top"":2050,""bottom"":4379},""time"":1729913814873},{""box"":{""left"":1780,""right"":2873,""top"":2050,""bottom"":4379},""time"":1729913814991},{""box"":{""left"":1780,""right"":2873,""top"":2050,""bottom"":4379},""time"":1729913815181},{""box"":{""left"":1780,""right"":2873,""top"":2050,""bottom"":4379},""time"":1729913815697},{""box"":{""left"":1780,""right"":2873,""top"":2050,""bottom"":4379},""time"":1729913815776},{""box"":{""left"":1780,""right"":2873,""top"":2050,""bottom"":4379},""time"":1729913815901},{""box"":{""left"":1780,""right"":2873,""top"":2050,""bottom"":4379},""time"":1729913816000},{""box"":{""left"":1780,""right"":2873,""top"":2050,""bottom"":4379},""time"":1729913816103},{""box"":{""left"":1780,""right"":2873,""top"":2050,""bottom"":4379},""time"":1729913816243},{""box"":{""left"":1780,""right"":2873,""top"":2050,""bottom"":4379},""time"":1729913816473},{""box"":{""left"":1780,""right"":2873,""top"":2050,""bottom"":4379},""time"":1729913816591},{""box"":{""left"":1780,""right"":2873,""top"":2050,""bottom"":4379},""time"":1729913816677},{""box"":{""left"":1780,""right"":2873,""top"":2050,""bottom"":4379},""time"":1729913816784},{""box"":{""left"":1780,""right"":2873,""top"":2050,""bottom"":4379},""time"":1729913816851},{""box"":{""left"":1780,""right"":2873,""top"":2050,""bottom"":4379},""time"":1729913817087},{""box"":{""left"":1780,""right"":2873,""top"":2050,""bottom"":4379},""time"":1729913817264},{""box"":{""left"":1780,""right"":2873,""top"":2050,""bottom"":4379},""time"":1729913817374},{""box"":{""left"":1780,""right"":2873,""top"":2050,""bottom"":4379},""time"":1729913817463},{""box"":{""left"":1780,""right"":2873,""top"":2050,""bottom"":4379},""time"":1729913817581},{""box"":{""left"":1780,""right"":2873,""top"":2050,""bottom"":4379},""time"":1729913817670},{""box"":{""left"":1780,""right"":2873,""top"":2050,""bottom"":4379},""time"":1729913817873},{""box"":{""left"":1780,""right"":2873,""top"":2050,""bottom"":4379},""time"":1729913817970},{""box"":{""left"":1780,""right"":2873,""top"":2050,""bottom"":4379},""time"":1729913818078},{""box"":{""left"":1780,""right"":2873,""top"":2050,""bottom"":4379},""time"":1729913818187},{""box"":{""left"":1780,""right"":2873,""top"":2050,""bottom"":4379},""time"":1729913818307},{""box"":{""left"":1780,""right"":2873,""top"":2050,""bottom"":4379},""time"":1729913818414},{""box"":{""left"":1780,""right"":2873,""top"":2050,""bottom"":4379},""time"":1729913818543},{""box"":{""left"":1780,""right"":2873,""top"":2050,""bottom"":4379},""time"":1729913818651},{""box"":{""left"":1780,""right"":2873,""top"":2050,""bottom"":4379},""time"":1729913818748},{""box"":{""left"":1780,""right"":2873,""top"":2050,""bottom"":4379},""time"":1729913818847},{""box"":{""left"":1780,""right"":2873,""top"":2050,""bottom"":4379},""time"":1729913819129},{""box"":{""left"":1780,""right"":2873,""top"":2050,""bottom"":4379},""time"":1729913819215},{""box"":{""left"":1780,""right"":2873,""top"":2050,""bottom"":4379},""time"":1729913819333},{""box"":{""left"":1780,""right"":2873,""top"":2050,""bottom"":4379},""time"":1729913819422},{""box"":{""left"":1780,""right"":2873,""top"":2050,""bottom"":4379},""time"":1729913819502},{""box"":{""left"":1780,""right"":2873,""top"":2050,""bottom"":4379},""time"":1729913819642},{""box"":{""left"":1780,""right"":2873,""top"":2050,""bottom"":4379},""time"":1729913819772},{""box"":{""left"":1780,""right"":2873,""top"":2050,""bottom"":4379},""time"":1729913819848},{""box"":{""left"":1780,""right"":2873,""top"":2050,""bottom"":4379},""time"":1729913819915},{""box"":{""left"":1780,""right"":2873,""top"":2050,""bottom"":4379},""time"":1729913819967},{""box"":{""left"":1780,""right"":2873,""top"":2050,""bottom"":4379},""time"":1729913820043},{""box"":{""left"":1780,""right"":2873,""top"":2050,""bottom"":4379},""time"":1729913820116},{""box"":{""left"":1780,""right"":2873,""top"":2050,""bottom"":4379},""time"":1729913820169},{""box"":{""left"":1780,""right"":2873,""top"":2050,""bottom"":4379},""time"":1729913820334},{""box"":{""left"":1780,""right"":2873,""top"":2050,""bottom"":4379},""time"":1729913820492},{""box"":{""left"":1780,""right"":2873,""top"":2050,""bottom"":4379},""time"":1729913820546},{""box"":{""left"":1780,""right"":2873,""top"":2050,""bottom"":4379},""time"":1729913820577},{""box"":{""left"":1780,""right"":2873,""top"":2050,""bottom"":4379},""time"":1729913820632},{""box"":{""left"":1780,""right"":2873,""top"":2050,""bottom"":4379},""time"":1729913821067},{""box"":{""left"":1780,""right"":2873,""top"":2050,""bottom"":4379},""time"":1729913821138},{""box"":{""left"":1780,""right"":2873,""top"":2050,""bottom"":4379},""time"":1729913821192},{""box"":{""left"":1780,""right"":2873,""top"":2050,""bottom"":4379},""time"":1729913821250},{""box"":{""left"":1780,""right"":2873,""top"":2050,""bottom"":4379},""time"":1729913821317},{""box"":{""left"":1780,""right"":2873,""top"":2050,""bottom"":4379},""time"":1729913821360},{""box"":{""left"":1780,""right"":2873,""top"":2050,""bottom"":4379},""time"":1729913821449},{""box"":{""left"":1780,""right"":2873,""top"":2050,""bottom"":4379},""time"":1729913821525},{""box"":{""left"":1780,""right"":2873,""top"":2050,""bottom"":4379},""time"":1729913821568},{""box"":{""left"":1780,""right"":2873,""top"":2050,""bottom"":4379},""time"":1729913821657},{""box"":{""left"":1780,""right"":2873,""top"":2050,""bottom"":4379},""time"":1729913821755},{""box"":{""left"":1780,""right"":2873,""top"":2050,""bottom"":4379},""time"":1729913821989},{""box"":{""left"":1780,""right"":2873,""top"":2050,""bottom"":4379},""time"":1729913822123},{""box"":{""left"":1780,""right"":2873,""top"":2050,""bottom"":4379},""time"":1729913822221},{""box"":{""left"":1780,""right"":2873,""top"":2050,""bottom"":4379},""time"":1729913822289},{""box"":{""left"":1780,""right"":2873,""top"":2050,""bottom"":4379},""time"":1729913822379},{""box"":{""left"":1780,""right"":2873,""top"":2050,""bottom"":4379},""time"":1729913822467},{""box"":{""left"":1780,""right"":2873,""top"":2050,""bottom"":4379},""time"":1729913822522},{""box"":{""left"":1780,""right"":2873,""top"":2050,""bottom"":4379},""time"":1729913822564},{""box"":{""left"":1780,""right"":2873,""top"":2050,""bottom"":4379},""time"":1729913822862},{""box"":{""left"":1780,""right"":2873,""top"":2050,""bottom"":4379},""time"":1729913823048},{""box"":{""left"":1780,""right"":2873,""top"":2050,""bottom"":4379},""time"":1729913823091},{""box"":{""left"":1780,""right"":2873,""top"":2050,""bottom"":4379},""time"":1729913823156},{""box"":{""left"":1780,""right"":2873,""top"":2050,""bottom"":4379},""time"":1729913823199},{""box"":{""left"":1780,""right"":2873,""top"":2050,""bottom"":4379},""time"":1729913823288},{""box"":{""left"":1780,""right"":2873,""top"":2050,""bottom"":4379},""time"":1729913823343},{""box"":{""left"":1780,""right"":2873,""top"":2050,""bottom"":4379},""time"":1729913823385},{""box"":{""left"":1780,""right"":2873,""top"":2050,""bottom"":4379},""time"":1729913823482},{""box"":{""left"":1780,""right"":2873,""top"":2050,""bottom"":4379},""time"":1729913823560},{""box"":{""left"":1780,""right"":2873,""top"":2050,""bottom"":4379},""time"":1729913824030},{""box"":{""left"":1780,""right"":2873,""top"":2050,""bottom"":4379},""time"":1729913824108},{""box"":{""left"":1780,""right"":2873,""top"":2050,""bottom"":4379},""time"":1729913824150},{""box"":{""left"":1780,""right"":2873,""top"":2050,""bottom"":4379},""time"":1729913824222},{""box"":{""left"":1780,""right"":2873,""top"":2050,""bottom"":4379},""time"":1729913824294},{""box"":{""left"":1780,""right"":2873,""top"":2050,""bottom"":4379},""time"":1729913824357},{""box"":{""left"":1780,""right"":2873,""top"":2050,""bottom"":4379},""time"":1729913824412},{""box"":{""left"":1780,""right"":2873,""top"":2050,""bottom"":4379},""time"":1729913824499},{""box"":{""left"":1780,""right"":2873,""top"":2050,""bottom"":4379},""time"":1729913824570},{""box"":{""left"":1780,""right"":2873,""top"":2050,""bottom"":4379},""time"":1729913824659},{""box"":{""left"":1780,""right"":2873,""top"":2050,""bottom"":4379},""time"":1729913824713},{""box"":{""left"":1780,""right"":2873,""top"":2050,""bottom"":4379},""time"":1729913824751},{""box"":{""left"":1780,""right"":2873,""top"":2050,""bottom"":4379},""time"":1729913824804},{""box"":{""left"":1780,""right"":2873,""top"":2050,""bottom"":4379},""time"":1729913824923},{""box"":{""left"":1780,""right"":2873,""top"":2050,""bottom"":4379},""time"":1729913824963},{""box"":{""left"":1780,""right"":2873,""top"":2050,""bottom"":4379},""time"":1729913825263},{""box"":{""left"":1780,""right"":2873,""top"":2050,""bottom"":4379},""time"":1729913825317},{""box"":{""left"":1780,""right"":2873,""top"":2050,""bottom"":4379},""time"":1729913825393},{""box"":{""left"":1780,""right"":2873,""top"":2050,""bottom"":4379},""time"":1729913825448},{""box"":{""left"":1780,""right"":2873,""top"":2050,""bottom"":4379},""time"":1729913825512},{""box"":{""left"":1780,""right"":2873,""top"":2050,""bottom"":4379},""time"":1729913825567},{""box"":{""left"":1780,""right"":2873,""top"":2050,""bottom"":4379},""time"":1729913825622},{""box"":{""left"":1780,""right"":2873,""top"":2050,""bottom"":4379},""time"":1729913825677},{""box"":{""left"":1780,""right"":2873,""top"":2050,""bottom"":4379},""time"":1729913825764},{""box"":{""left"":1780,""right"":2873,""top"":2050,""bottom"":4379},""time"":1729913825818},{""box"":{""left"":1780,""right"":2873,""top"":2050,""bottom"":4379},""time"":1729913825856},{""box"":{""left"":1780,""right"":2873,""top"":2050,""bottom"":4379},""time"":1729913825910},{""box"":{""left"":1780,""right"":2873,""top"":2050,""bottom"":4379},""time"":1729913825997},{""box"":{""left"":1780,""right"":2873,""top"":2050,""bottom"":4379},""time"":1729913826052},{""box"":{""left"":1780,""right"":2873,""top"":2050,""bottom"":4379},""time"":1729913826413},{""box"":{""left"":1780,""right"":2873,""top"":2050,""bottom"":4379},""time"":1729913826467},{""box"":{""left"":1780,""right"":2873,""top"":2050,""bottom"":4379},""time"":1729913827012},{""box"":{""left"":1780,""right"":2873,""top"":2050,""bottom"":4379},""time"":1729913827144},{""box"":{""left"":1780,""right"":2873,""top"":2050,""bottom"":4379},""time"":1729913827265},{""box"":{""left"":1780,""right"":2873,""top"":2050,""bottom"":4379},""time"":1729913827376},{""box"":{""left"":1780,""right"":2873,""top"":2050,""bottom"":4379},""time"":1729913827431},{""box"":{""left"":1780,""right"":2873,""top"":2050,""bottom"":4379},""time"":1729913827503},{""box"":{""left"":1780,""right"":2873,""top"":2050,""bottom"":4379},""time"":1729913827539},{""box"":{""left"":1780,""right"":2873,""top"":2050,""bottom"":4379},""time"":1729913827593},{""box"":{""left"":1780,""right"":2873,""top"":2050,""bottom"":4379},""time"":1729913827679},{""box"":{""left"":1780,""right"":2873,""top"":2050,""bottom"":4379},""time"":1729913827779},{""box"":{""left"":1780,""right"":2873,""top"":2050,""bottom"":4379},""time"":1729913827834},{""box"":{""left"":1780,""right"":2873,""top"":2050,""bottom"":4379},""time"":1729913827920},{""box"":{""left"":1780,""right"":2873,""top"":2050,""bottom"":4379},""time"":1729913827985},{""box"":{""left"":1780,""right"":2873,""top"":2050,""bottom"":4379},""time"":1729913828032},{""box"":{""left"":1780,""right"":2873,""top"":2050,""bottom"":4379},""time"":1729913828085}",,,,,
57088,Person,2024-10-26 12:36:52,2024-10-26 12:36:55,"{""left"":1825,""right"":3040,""top"":2359,""bottom"":6462},{""box"":{""left"":1825,""right"":3040,""top"":2359,""bottom"":6462},""time"":1729913813265},{""box"":{""left"":1825,""right"":3040,""top"":2359,""bottom"":6462},""time"":1729913813328},{""box"":{""left"":1825,""right"":3040,""top"":2359,""bottom"":6462},""time"":1729913813414},{""box"":{""left"":1825,""right"":3040,""top"":2359,""bottom"":6462},""time"":1729913813479},{""box"":{""left"":1825,""right"":3040,""top"":2359,""bottom"":6462},""time"":1729913813617},{""box"":{""left"":1825,""right"":3040,""top"":2359,""bottom"":6462},""time"":1729913813687},{""box"":{""left"":1825,""right"":3040,""top"":2359,""bottom"":6462},""time"":1729913814176},{""box"":{""left"":1825,""right"":3040,""top"":2359,""bottom"":6462},""time"":1729913814460},{""box"":{""left"":1825,""right"":3040,""top"":2359,""bottom"":6462},""time"":1729913814755},{""box"":{""left"":1825,""right"":3040,""top"":2359,""bottom"":6462},""time"":1729913814883},{""box"":{""left"":1825,""right"":3040,""top"":2359,""bottom"":6462},""time"":1729913815003}",,,,,
57089,Person,2024-10-26 12:36:53,2024-10-26 12:37:28,"{""left"":1762,""right"":2375,""top"":1918,""bottom"":3447},{""box"":{""left"":1762,""right"":2375,""top"":1918,""bottom"":3447},""time"":1729913815786},{""box"":{""left"":1762,""right"":2375,""top"":1918,""bottom"":3447},""time"":1729913816011},{""box"":{""left"":1762,""right"":2375,""top"":1918,""bottom"":3447},""time"":1729913816114},{""box"":{""left"":1762,""right"":2375,""top"":1918,""bottom"":3447},""time"":1729913816254},{""box"":{""left"":1762,""right"":2375,""top"":1918,""bottom"":3447},""time"":1729913816484},{""box"":{""left"":1762,""right"":2375,""top"":1918,""bottom"":3447},""time"":1729913816601},{""box"":{""left"":1762,""right"":2375,""top"":1918,""bottom"":3447},""time"":1729913816687},{""box"":{""left"":1762,""right"":2375,""top"":1918,""bottom"":3447},""time"":1729913816794},{""box"":{""left"":1762,""right"":2375,""top"":1918,""bottom"":3447},""time"":1729913816861},{""box"":{""left"":1762,""right"":2375,""top"":1918,""bottom"":3447},""time"":1729913817097},{""box"":{""left"":1762,""right"":2375,""top"":1918,""bottom"":3447},""time"":1729913817473},{""box"":{""left"":1762,""right"":2375,""top"":1918,""bottom"":3447},""time"":1729913817593},{""box"":{""left"":1762,""right"":2375,""top"":1918,""bottom"":3447},""time"":1729913817681},{""box"":{""left"":1762,""right"":2375,""top"":1918,""bottom"":3447},""time"":1729913817883},{""box"":{""left"":1762,""right"":2375,""top"":1918,""bottom"":3447},""time"":1729913817980},{""box"":{""left"":1762,""right"":2375,""top"":1918,""bottom"":3447},""time"":1729913818090},{""box"":{""left"":1762,""right"":2375,""top"":1918,""bottom"":3447},""time"":1729913818197},{""box"":{""left"":1762,""right"":2375,""top"":1918,""bottom"":3447},""time"":1729913818317},{""box"":{""left"":1762,""right"":2375,""top"":1918,""bottom"":3447},""time"":1729913818424},{""box"":{""left"":1762,""right"":2375,""top"":1918,""bottom"":3447},""time"":1729913818553},{""box"":{""left"":1762,""right"":2375,""top"":1918,""bottom"":3447},""time"":1729913818661},{""box"":{""left"":1762,""right"":2375,""top"":1918,""bottom"":3447},""time"":1729913818857},{""box"":{""left"":1762,""right"":2375,""top"":1918,""bottom"":3447},""time"":1729913819140},{""box"":{""left"":1762,""right"":2375,""top"":1918,""bottom"":3447},""time"":1729913819345},{""box"":{""left"":1762,""right"":2375,""top"":1918,""bottom"":3447},""time"":1729913819432},{""box"":{""left"":1762,""right"":2375,""top"":1918,""bottom"":3447},""time"":1729913819512},{""box"":{""left"":1762,""right"":2375,""top"":1918,""bottom"":3447},""time"":1729913819654},{""box"":{""left"":1762,""right"":2375,""top"":1918,""bottom"":3447},""time"":1729913819979},{""box"":{""left"":1762,""right"":2375,""top"":1918,""bottom"":3447},""time"":1729913820179},{""box"":{""left"":1762,""right"":2375,""top"":1918,""bottom"":3447},""time"":1729913820556},{""box"":{""left"":1762,""right"":2375,""top"":1918,""bottom"":3447},""time"":1729913820642},{""box"":{""left"":1762,""right"":2375,""top"":1918,""bottom"":3447},""time"":1729913821203},{""box"":{""left"":1762,""right"":2375,""top"":1918,""bottom"":3447},""time"":1729913821370},{""box"":{""left"":1762,""right"":2375,""top"":1918,""bottom"":3447},""time"":1729913821460},{""box"":{""left"":1762,""right"":2375,""top"":1918,""bottom"":3447},""time"":1729913821580},{""box"":{""left"":1762,""right"":2375,""top"":1918,""bottom"":3447},""time"":1729913821668},{""box"":{""left"":1762,""right"":2375,""top"":1918,""bottom"":3447},""time"":1729913821765},{""box"":{""left"":1762,""right"":2375,""top"":1918,""bottom"":3447},""time"":1729913822001},{""box"":{""left"":1762,""right"":2375,""top"":1918,""bottom"":3447},""time"":1729913822134},{""box"":{""left"":1762,""right"":2375,""top"":1918,""bottom"":3447},""time"":1729913822232},{""box"":{""left"":1762,""right"":2375,""top"":1918,""bottom"":3447},""time"":1729913822301},{""box"":{""left"":1762,""right"":2375,""top"":1918,""bottom"":3447},""time"":1729913822389},{""box"":{""left"":1762,""right"":2375,""top"":1918,""bottom"":3447},""time"":1729913822478},{""box"":{""left"":1762,""right"":2375,""top"":1918,""bottom"":3447},""time"":1729913822575},{""box"":{""left"":1762,""right"":2375,""top"":1918,""bottom"":3447},""time"":1729913822872},{""box"":{""left"":1762,""right"":2375,""top"":1918,""bottom"":3447},""time"":1729913823101},{""box"":{""left"":1762,""right"":2375,""top"":1918,""bottom"":3447},""time"":1729913823209},{""box"":{""left"":1762,""right"":2375,""top"":1918,""bottom"":3447},""time"":1729913823298},{""box"":{""left"":1762,""right"":2375,""top"":1918,""bottom"":3447},""time"":1729913823396},{""box"":{""left"":1762,""right"":2375,""top"":1918,""bottom"":3447},""time"":1729913823493},{""box"":{""left"":1762,""right"":2375,""top"":1918,""bottom"":3447},""time"":1729913823570},{""box"":{""left"":1762,""right"":2375,""top"":1918,""bottom"":3447},""time"":1729913824041},{""box"":{""left"":1762,""right"":2375,""top"":1918,""bottom"":3447},""time"":1729913824162},{""box"":{""left"":1762,""right"":2375,""top"":1918,""bottom"":3447},""time"":1729913824422},{""box"":{""left"":1762,""right"":2375,""top"":1918,""bottom"":3447},""time"":1729913824723},{""box"":{""left"":1762,""right"":2375,""top"":1918,""bottom"":3447},""time"":1729913824815},{""box"":{""left"":1762,""right"":2375,""top"":1918,""bottom"":3447},""time"":1729913824935},{""box"":{""left"":1762,""right"":2375,""top"":1918,""bottom"":3447},""time"":1729913825327},{""box"":{""left"":1762,""right"":2375,""top"":1918,""bottom"":3447},""time"":1729913825459},{""box"":{""left"":1762,""right"":2375,""top"":1918,""bottom"":3447},""time"":1729913825577},{""box"":{""left"":1762,""right"":2375,""top"":1918,""bottom"":3447},""time"":1729913825688},{""box"":{""left"":1762,""right"":2375,""top"":1918,""bottom"":3447},""time"":1729913825830},{""box"":{""left"":1762,""right"":2375,""top"":1918,""bottom"":3447},""time"":1729913825920},{""box"":{""left"":1762,""right"":2375,""top"":1918,""bottom"":3447},""time"":1729913826063},{""box"":{""left"":1762,""right"":2375,""top"":1918,""bottom"":3447},""time"":1729913826479},{""box"":{""left"":1762,""right"":2375,""top"":1918,""bottom"":3447},""time"":1729913827155},{""box"":{""left"":1762,""right"":2375,""top"":1918,""bottom"":3447},""time"":1729913827222},{""box"":{""left"":1762,""right"":2375,""top"":1918,""bottom"":3447},""time"":1729913827276},{""box"":{""left"":1762,""right"":2375,""top"":1918,""bottom"":3447},""time"":1729913827323},{""box"":{""left"":1762,""right"":2375,""top"":1918,""bottom"":3447},""time"":1729913827387},{""box"":{""left"":1762,""right"":2375,""top"":1918,""bottom"":3447},""time"":1729913827448},{""box"":{""left"":1762,""right"":2375,""top"":1918,""bottom"":3447},""time"":1729913827550},{""box"":{""left"":1762,""right"":2375,""top"":1918,""bottom"":3447},""time"":1729913827605},{""box"":{""left"":1762,""right"":2375,""top"":1918,""bottom"":3447},""time"":1729913827636},{""box"":{""left"":1762,""right"":2375,""top"":1918,""bottom"":3447},""time"":1729913827689},{""box"":{""left"":1762,""right"":2375,""top"":1918,""bottom"":3447},""time"":1729913827789},{""box"":{""left"":1762,""right"":2375,""top"":1918,""bottom"":3447},""time"":1729913827844},{""box"":{""left"":1762,""right"":2375,""top"":1918,""bottom"":3447},""time"":1729913827932},{""box"":{""left"":1762,""right"":2375,""top"":1918,""bottom"":3447},""time"":1729913827996},{""box"":{""left"":1762,""right"":2375,""top"":1918,""bottom"":3447},""time"":1729913828042},{""box"":{""left"":1762,""right"":2375,""top"":1918,""bottom"":3447},""time"":1729913828096},{""box"":{""left"":1762,""right"":2375,""top"":1918,""bottom"":3447},""time"":1729913828202},{""box"":{""left"":1762,""right"":2375,""top"":1918,""bottom"":3447},""time"":1729913828246},{""box"":{""left"":1762,""right"":2375,""top"":1918,""bottom"":3447},""time"":1729913828390},{""box"":{""left"":1762,""right"":2375,""top"":1918,""bottom"":3447},""time"":1729913828562},{""box"":{""left"":1762,""right"":2375,""top"":1918,""bottom"":3447},""time"":1729913828618},{""box"":{""left"":1762,""right"":2375,""top"":1918,""bottom"":3447},""time"":1729913828681},{""box"":{""left"":1762,""right"":2375,""top"":1918,""bottom"":3447},""time"":1729913828724},{""box"":{""left"":1762,""right"":2375,""top"":1918,""bottom"":3447},""time"":1729913828804},{""box"":{""left"":1762,""right"":2375,""top"":1918,""bottom"":3447},""time"":1729913828868},{""box"":{""left"":1762,""right"":2375,""top"":1918,""bottom"":3447},""time"":1729913829003},{""box"":{""left"":1762,""right"":2375,""top"":1918,""bottom"":3447},""time"":1729913829080},{""box"":{""left"":1762,""right"":2375,""top"":1918,""bottom"":3447},""time"":1729913829168},{""box"":{""left"":1762,""right"":2375,""top"":1918,""bottom"":3447},""time"":1729913829224},{""box"":{""left"":1762,""right"":2375,""top"":1918,""bottom"":3447},""time"":1729913829329},{""box"":{""left"":1762,""right"":2375,""top"":1918,""bottom"":3447},""time"":1729913829400},{""box"":{""left"":1762,""right"":2375,""top"":1918,""bottom"":3447},""time"":1729913829445},{""box"":{""left"":1762,""right"":2375,""top"":1918,""bottom"":3447},""time"":1729913829498},{""box"":{""left"":1762,""right"":2375,""top"":1918,""bottom"":3447},""time"":1729913829563},{""box"":{""left"":1762,""right"":2375,""top"":1918,""bottom"":3447},""time"":1729913829606},{""box"":{""left"":1762,""right"":2375,""top"":1918,""bottom"":3447},""time"":1729913829667},{""box"":{""left"":1762,""right"":2375,""top"":1918,""bottom"":3447},""time"":1729913829732},{""box"":{""left"":1762,""right"":2375,""top"":1918,""bottom"":3447},""time"":1729913829870},{""box"":{""left"":1762,""right"":2375,""top"":1918,""bottom"":3447},""time"":1729913830003},{""box"":{""left"":1762,""right"":2375,""top"":1918,""bottom"":3447},""time"":1729913830064},{""box"":{""left"":1762,""right"":2375,""top"":1918,""bottom"":3447},""time"":1729913830107},{""box"":{""left"":1762,""right"":2375,""top"":1918,""bottom"":3447},""time"":1729913830211},{""box"":{""left"":1762,""right"":2375,""top"":1918,""bottom"":3447},""time"":1729913830362},{""box"":{""left"":1762,""right"":2375,""top"":1918,""bottom"":3447},""time"":1729913830854},{""box"":{""left"":1762,""right"":2375,""top"":1918,""bottom"":3447},""time"":1729913830909},{""box"":{""left"":1762,""right"":2375,""top"":1918,""bottom"":3447},""time"":1729913830999},{""box"":{""left"":1762,""right"":2375,""top"":1918,""bottom"":3447},""time"":1729913831052},{""box"":{""left"":1762,""right"":2375,""top"":1918,""bottom"":3447},""time"":1729913831108},{""box"":{""left"":1762,""right"":2375,""top"":1918,""bottom"":3447},""time"":1729913831172},{""box"":{""left"":1762,""right"":2375,""top"":1918,""bottom"":3447},""time"":1729913831217},{""box"":{""left"":1762,""right"":2375,""top"":1918,""bottom"":3447},""time"":1729913831320},{""box"":{""left"":1762,""right"":2375,""top"":1918,""bottom"":3447},""time"":1729913831368},{""box"":{""left"":1762,""right"":2375,""top"":1918,""bottom"":3447},""time"":1729913831477},{""box"":{""left"":1762,""right"":2375,""top"":1918,""bottom"":3447},""time"":1729913831538},{""box"":{""left"":1762,""right"":2375,""top"":1918,""bottom"":3447},""time"":1729913831592},{""box"":{""left"":1762,""right"":2375,""top"":1918,""bottom"":3447},""time"":1729913831705},{""box"":{""left"":1762,""right"":2375,""top"":1918,""bottom"":3447},""time"":1729913831836},{""box"":{""left"":1762,""right"":2375,""top"":1918,""bottom"":3447},""time"":1729913831950},{""box"":{""left"":1762,""right"":2375,""top"":1918,""bottom"":3447},""time"":1729913832000},{""box"":{""left"":1762,""right"":2375,""top"":1918,""bottom"":3447},""time"":1729913832053},{""box"":{""left"":1762,""right"":2375,""top"":1918,""bottom"":3447},""time"":1729913832146},{""box"":{""left"":1762,""right"":2375,""top"":1918,""bottom"":3447},""time"":1729913832219},{""box"":{""left"":1762,""right"":2375,""top"":1918,""bottom"":3447},""time"":1729913832273},{""box"":{""left"":1762,""right"":2375,""top"":1918,""bottom"":3447},""time"":1729913832369},{""box"":{""left"":1762,""right"":2375,""top"":1918,""bottom"":3447},""time"":1729913832442},{""box"":{""left"":1762,""right"":2375,""top"":1918,""bottom"":3447},""time"":1729913832495},{""box"":{""left"":1762,""right"":2375,""top"":1918,""bottom"":3447},""time"":1729913832557},{""box"":{""left"":1762,""right"":2375,""top"":1918,""bottom"":3447},""time"":1729913832669},{""box"":{""left"":1762,""right"":2375,""top"":1918,""bottom"":3447},""time"":1729913832757},{""box"":{""left"":1762,""right"":2375,""top"":1918,""bottom"":3447},""time"":1729913832882},{""box"":{""left"":1762,""right"":2375,""top"":1918,""bottom"":3447},""time"":1729913832936},{""box"":{""left"":1762,""right"":2375,""top"":1918,""bottom"":3447},""time"":1729913832981},{""box"":{""left"":1762,""right"":2375,""top"":1918,""bottom"":3447},""time"":1729913833014},{""box"":{""left"":1762,""right"":2375,""top"":1918,""bottom"":3447},""time"":1729913833069},{""box"":{""left"":1762,""right"":2375,""top"":1918,""bottom"":3447},""time"":1729913833324},{""box"":{""left"":1762,""right"":2375,""top"":1918,""bottom"":3447},""time"":1729913833499},{""box"":{""left"":1762,""right"":2375,""top"":1918,""bottom"":3447},""time"":1729913833542},{""box"":{""left"":1762,""right"":2375,""top"":1918,""bottom"":3447},""time"":1729913833612},{""box"":{""left"":1762,""right"":2375,""top"":1918,""bottom"":3447},""time"":1729913833657},{""box"":{""left"":1762,""right"":2375,""top"":1918,""bottom"":3447},""time"":1729913833719},{""box"":{""left"":1762,""right"":2375,""top"":1918,""bottom"":3447},""time"":1729913833792},{""box"":{""left"":1762,""right"":2375,""top"":1918,""bottom"":3447},""time"":1729913833835},{""box"":{""left"":1762,""right"":2375,""top"":1918,""bottom"":3447},""time"":1729913833912},{""box"":{""left"":1762,""right"":2375,""top"":1918,""bottom"":3447},""time"":1729913834011},{""box"":{""left"":1762,""right"":2375,""top"":1918,""bottom"":3447},""time"":1729913834143},{""box"":{""left"":1762,""right"":2375,""top"":1918,""bottom"":3447},""time"":1729913834198},{""box"":{""left"":1762,""right"":2375,""top"":1918,""bottom"":3447},""time"":1729913834241},{""box"":{""left"":1762,""right"":2375,""top"":1918,""bottom"":3447},""time"":1729913834330},{""box"":{""left"":1762,""right"":2375,""top"":1918,""bottom"":3447},""time"":1729913834428},{""box"":{""left"":1762,""right"":2375,""top"":1918,""bottom"":3447},""time"":1729913834527},{""box"":{""left"":1762,""right"":2375,""top"":1918,""bottom"":3447},""time"":1729913834626},{""box"":{""left"":1762,""right"":2375,""top"":1918,""bottom"":3447},""time"":1729913834724},{""box"":{""left"":1762,""right"":2375,""top"":1918,""bottom"":3447},""time"":1729913834885},{""box"":{""left"":1762,""right"":2375,""top"":1918,""bottom"":3447},""time"":1729913835036},{""box"":{""left"":1762,""right"":2375,""top"":1918,""bottom"":3447},""time"":1729913835158},{""box"":{""left"":1762,""right"":2375,""top"":1918,""bottom"":3447},""time"":1729913835247},{""box"":{""left"":1762,""right"":2375,""top"":1918,""bottom"":3447},""time"":1729913835327},{""box"":{""left"":1762,""right"":2375,""top"":1918,""bottom"":3447},""time"":1729913835416},{""box"":{""left"":1762,""right"":2375,""top"":1918,""bottom"":3447},""time"":1729913835496},{""box"":{""left"":1762,""right"":2375,""top"":1918,""bottom"":3447},""time"":1729913835565},{""box"":{""left"":1762,""right"":2375,""top"":1918,""bottom"":3447},""time"":1729913835644},{""box"":{""left"":1762,""right"":2375,""top"":1918,""bottom"":3447},""time"":1729913835700},{""box"":{""left"":1762,""right"":2375,""top"":1918,""bottom"":3447},""time"":1729913835807},{""box"":{""left"":1762,""right"":2375,""top"":1918,""bottom"":3447},""time"":1729913835883},{""box"":{""left"":1762,""right"":2375,""top"":1918,""bottom"":3447},""time"":1729913835949},{""box"":{""left"":1762,""right"":2375,""top"":1918,""bottom"":3447},""time"":1729913836412},{""box"":{""left"":1762,""right"":2375,""top"":1918,""bottom"":3447},""time"":1729913836526},{""box"":{""left"":1762,""right"":2375,""top"":1918,""bottom"":3447},""time"":1729913836593},{""box"":{""left"":1762,""right"":2375,""top"":1918,""bottom"":3447},""time"":1729913836659},{""box"":{""left"":1762,""right"":2375,""top"":1918,""bottom"":3447},""time"":1729913836748},{""box"":{""left"":1762,""right"":2375,""top"":1918,""bottom"":3447},""time"":1729913836801},{""box"":{""left"":1762,""right"":2375,""top"":1918,""bottom"":3447},""time"":1729913836857},{""box"":{""left"":1762,""right"":2375,""top"":1918,""bottom"":3447},""time"":1729913837009},{""box"":{""left"":1762,""right"":2375,""top"":1918,""bottom"":3447},""time"":1729913837111},{""box"":{""left"":1762,""right"":2375,""top"":1918,""bottom"":3447},""time"":1729913837210},{""box"":{""left"":1762,""right"":2375,""top"":1918,""bottom"":3447},""time"":1729913837320},{""box"":{""left"":1762,""right"":2375,""top"":1918,""bottom"":3447},""time"":1729913837410},{""box"":{""left"":1762,""right"":2375,""top"":1918,""bottom"":3447},""time"":1729913837472},{""box"":{""left"":1762,""right"":2375,""top"":1918,""bottom"":3447},""time"":1729913837526},{""box"":{""left"":1762,""right"":2375,""top"":1918,""bottom"":3447},""time"":1729913837608},{""box"":{""left"":1762,""right"":2375,""top"":1918,""bottom"":3447},""time"":1729913837786},{""box"":{""left"":1762,""right"":2375,""top"":1918,""bottom"":3447},""time"":1729913837862},{""box"":{""left"":1762,""right"":2375,""top"":1918,""bottom"":3447},""time"":1729913838045},{""box"":{""left"":1762,""right"":2375,""top"":1918,""bottom"":3447},""time"":1729913838107},{""box"":{""left"":1762,""right"":2375,""top"":1918,""bottom"":3447},""time"":1729913838152},{""box"":{""left"":1762,""right"":2375,""top"":1918,""bottom"":3447},""time"":1729913838244},{""box"":{""left"":1762,""right"":2375,""top"":1918,""bottom"":3447},""time"":1729913838289},{""box"":{""left"":1762,""right"":2375,""top"":1918,""bottom"":3447},""time"":1729913838378},{""box"":{""left"":1762,""right"":2375,""top"":1918,""bottom"":3447},""time"":1729913838515},{""box"":{""left"":1762,""right"":2375,""top"":1918,""bottom"":3447},""time"":1729913838560},{""box"":{""left"":1762,""right"":2375,""top"":1918,""bottom"":3447},""time"":1729913838630},{""box"":{""left"":1762,""right"":2375,""top"":1918,""bottom"":3447},""time"":1729913838777},{""box"":{""left"":1762,""right"":2375,""top"":1918,""bottom"":3447},""time"":1729913838866},{""box"":{""left"":1762,""right"":2375,""top"":1918,""bottom"":3447},""time"":1729913838999},{""box"":{""left"":1762,""right"":2375,""top"":1918,""bottom"":3447},""time"":1729913839090},{""box"":{""left"":1762,""right"":2375,""top"":1918,""bottom"":3447},""time"":1729913839135},{""box"":{""left"":1762,""right"":2375,""top"":1918,""bottom"":3447},""time"":1729913839179},{""box"":{""left"":1762,""right"":2375,""top"":1918,""bottom"":3447},""time"":1729913839217},{""box"":{""left"":1762,""right"":2375,""top"":1918,""bottom"":3447},""time"":1729913839272},{""box"":{""left"":1762,""right"":2375,""top"":1918,""bottom"":3447},""time"":1729913839408},{""box"":{""left"":1762,""right"":2375,""top"":1918,""bottom"":3447},""time"":1729913839523},{""box"":{""left"":1762,""right"":2375,""top"":1918,""bottom"":3447},""time"":1729913839600},{""box"":{""left"":1762,""right"":2375,""top"":1918,""bottom"":3447},""time"":1729913839705},{""box"":{""left"":1762,""right"":2375,""top"":1918,""bottom"":3447},""time"":1729913839800},{""box"":{""left"":1762,""right"":2375,""top"":1918,""bottom"":3447},""time"":1729913839845},{""box"":{""left"":1762,""right"":2375,""top"":1918,""bottom"":3447},""time"":1729913839919},{""box"":{""left"":1762,""right"":2375,""top"":1918,""bottom"":3447},""time"":1729913839982},{""box"":{""left"":1762,""right"":2375,""top"":1918,""bottom"":3447},""time"":1729913840058},{""box"":{""left"":1762,""right"":2375,""top"":1918,""bottom"":3447},""time"":1729913840107},{""box"":{""left"":1762,""right"":2375,""top"":1918,""bottom"":3447},""time"":1729913840154},{""box"":{""left"":1762,""right"":2375,""top"":1918,""bottom"":3447},""time"":1729913840203},{""box"":{""left"":1762,""right"":2375,""top"":1918,""bottom"":3447},""time"":1729913840250},{""box"":{""left"":1762,""right"":2375,""top"":1918,""bottom"":3447},""time"":1729913840298},{""box"":{""left"":1762,""right"":2375,""top"":1918,""bottom"":3447},""time"":1729913840347},{""box"":{""left"":1762,""right"":2375,""top"":1918,""bottom"":3447},""time"":1729913840395},{""box"":{""left"":1762,""right"":2375,""top"":1918,""bottom"":3447},""time"":1729913840442},{""box"":{""left"":1762,""right"":2375,""top"":1918,""bottom"":3447},""time"":1729913840490},{""box"":{""left"":1762,""right"":2375,""top"":1918,""bottom"":3447},""time"":1729913840538},{""box"":{""left"":1762,""right"":2375,""top"":1918,""bottom"":3447},""time"":1729913840646},{""box"":{""left"":1762,""right"":2375,""top"":1918,""bottom"":3447},""time"":1729913840711},{""box"":{""left"":1762,""right"":2375,""top"":1918,""bottom"":3447},""time"":1729913840783},{""box"":{""left"":1762,""right"":2375,""top"":1918,""bottom"":3447},""time"":1729913840881},{""box"":{""left"":1762,""right"":2375,""top"":1918,""bottom"":3447},""time"":1729913841054},{""box"":{""left"":1762,""right"":2375,""top"":1918,""bottom"":3447},""time"":1729913841148},{""box"":{""left"":1762,""right"":2375,""top"":1918,""bottom"":3447},""time"":1729913841226},{""box"":{""left"":1762,""right"":2375,""top"":1918,""bottom"":3447},""time"":1729913841282},{""box"":{""left"":1762,""right"":2375,""top"":1918,""bottom"":3447},""time"":1729913841500},{""box"":{""left"":1762,""right"":2375,""top"":1918,""bottom"":3447},""time"":1729913841554},{""box"":{""left"":1762,""right"":2375,""top"":1918,""bottom"":3447},""time"":1729913841588},{""box"":{""left"":1762,""right"":2375,""top"":1918,""bottom"":3447},""time"":1729913841611},{""box"":{""left"":1762,""right"":2375,""top"":1918,""bottom"":3447},""time"":1729913841643},{""box"":{""left"":1762,""right"":2375,""top"":1918,""bottom"":3447},""time"":1729913841666},{""box"":{""left"":1762,""right"":2375,""top"":1918,""bottom"":3447},""time"":1729913841700},{""box"":{""left"":1762,""right"":2375,""top"":1918,""bottom"":3447},""time"":1729913841723},{""box"":{""left"":1762,""right"":2375,""top"":1918,""bottom"":3447},""time"":1729913841787},{""box"":{""left"":1762,""right"":2375,""top"":1918,""bottom"":3447},""time"":1729913841819},{""box"":{""left"":1762,""right"":2375,""top"":1918,""bottom"":3447},""time"":1729913841842},{""box"":{""left"":1762,""right"":2375,""top"":1918,""bottom"":3447},""time"":1729913841876},{""box"":{""left"":1762,""right"":2375,""top"":1918,""bottom"":3447},""time"":1729913841894},{""box"":{""left"":1762,""right"":2375,""top"":1918,""bottom"":3447},""time"":1729913841927},{""box"":{""left"":1762,""right"":2375,""top"":1918,""bottom"":3447},""time"":1729913841945},{""box"":{""left"":1762,""right"":2375,""top"":1918,""bottom"":3447},""time"":1729913841978},{""box"":{""left"":1762,""right"":2375,""top"":1918,""bottom"":3447},""time"":1729913841997},{""box"":{""left"":1762,""right"":2375,""top"":1918,""bottom"":3447},""time"":1729913842030},{""box"":{""left"":1762,""right"":2375,""top"":1918,""bottom"":3447},""time"":1729913842048},{""box"":{""left"":1762,""right"":2375,""top"":1918,""bottom"":3447},""time"":1729913842081},{""box"":{""left"":1762,""right"":2375,""top"":1918,""bottom"":3447},""time"":1729913842104},{""box"":{""left"":1762,""right"":2375,""top"":1918,""bottom"":3447},""time"":1729913842138},{""box"":{""left"":1762,""right"":2375,""top"":1918,""bottom"":3447},""time"":1729913842161},{""box"":{""left"":1762,""right"":2375,""top"":1918,""bottom"":3447},""time"":1729913842193},{""box"":{""left"":1762,""right"":2375,""top"":1918,""bottom"":3447},""time"":1729913842216},{""box"":{""left"":1762,""right"":2375,""top"":1918,""bottom"":3447},""time"":1729913842250},{""box"":{""left"":1762,""right"":2375,""top"":1918,""bottom"":3447},""time"":1729913842273},{""box"":{""left"":1762,""right"":2375,""top"":1918,""bottom"":3447},""time"":1729913842320},{""box"":{""left"":1762,""right"":2375,""top"":1918,""bottom"":3447},""time"":1729913842365},{""box"":{""left"":1762,""right"":2375,""top"":1918,""bottom"":3447},""time"":1729913842455},{""box"":{""left"":1762,""right"":2375,""top"":1918,""bottom"":3447},""time"":1729913842526},{""box"":{""left"":1762,""right"":2375,""top"":1918,""bottom"":3447},""time"":1729913842558},{""box"":{""left"":1762,""right"":2375,""top"":1918,""bottom"":3447},""time"":1729913842690},{""box"":{""left"":1762,""right"":2375,""top"":1918,""bottom"":3447},""time"":1729913842756},{""box"":{""left"":1762,""right"":2375,""top"":1918,""bottom"":3447},""time"":1729913842800},{""box"":{""left"":1762,""right"":2375,""top"":1918,""bottom"":3447},""time"":1729913842865},{""box"":{""left"":1762,""right"":2375,""top"":1918,""bottom"":3447},""time"":1729913842918},{""box"":{""left"":1762,""right"":2375,""top"":1918,""bottom"":3447},""time"":1729913842963},{""box"":{""left"":1762,""right"":2375,""top"":1918,""bottom"":3447},""time"":1729913843120},{""box"":{""left"":1762,""right"":2375,""top"":1918,""bottom"":3447},""time"":1729913843220},{""box"":{""left"":1762,""right"":2375,""top"":1918,""bottom"":3447},""time"":1729913843314},{""box"":{""left"":1762,""right"":2375,""top"":1918,""bottom"":3447},""time"":1729913843507},{""box"":{""left"":1762,""right"":2375,""top"":1918,""bottom"":3447},""time"":1729913843571},{""box"":{""left"":1762,""right"":2375,""top"":1918,""bottom"":3447},""time"":1729913843634},{""box"":{""left"":1762,""right"":2375,""top"":1918,""bottom"":3447},""time"":1729913843667},{""box"":{""left"":1762,""right"":2375,""top"":1918,""bottom"":3447},""time"":1729913843690},{""box"":{""left"":1762,""right"":2375,""top"":1918,""bottom"":3447},""time"":1729913843789},{""box"":{""left"":1762,""right"":2375,""top"":1918,""bottom"":3447},""time"":1729913843821},{""box"":{""left"":1762,""right"":2375,""top"":1918,""bottom"":3447},""time"":1729913843864},{""box"":{""left"":1762,""right"":2375,""top"":1918,""bottom"":3447},""time"":1729913843944},{""box"":{""left"":1762,""right"":2375,""top"":1918,""bottom"":3447},""time"":1729913844031},{""box"":{""left"":1762,""right"":2375,""top"":1918,""bottom"":3447},""time"":1729913844076},{""box"":{""left"":1762,""right"":2375,""top"":1918,""bottom"":3447},""time"":1729913844161},{""box"":{""left"":1762,""right"":2375,""top"":1918,""bottom"":3447},""time"":1729913844206},{""box"":{""left"":1762,""right"":2375,""top"":1918,""bottom"":3447},""time"":1729913844278},{""box"":{""left"":1762,""right"":2375,""top"":1918,""bottom"":3447},""time"":1729913844329},{""box"":{""left"":1762,""right"":2375,""top"":1918,""bottom"":3447},""time"":1729913844420},{""box"":{""left"":1762,""right"":2375,""top"":1918,""bottom"":3447},""time"":1729913844487},{""box"":{""left"":1762,""right"":2375,""top"":1918,""bottom"":3447},""time"":1729913844550},{""box"":{""left"":1762,""right"":2375,""top"":1918,""bottom"":3447},""time"":1729913844586},{""box"":{""left"":1762,""right"":2375,""top"":1918,""bottom"":3447},""time"":1729913844637},{""box"":{""left"":1762,""right"":2375,""top"":1918,""bottom"":3447},""time"":1729913844672},{""box"":{""left"":1762,""right"":2375,""top"":1918,""bottom"":3447},""time"":1729913844720},{""box"":{""left"":1762,""right"":2375,""top"":1918,""bottom"":3447},""time"":1729913844764},{""box"":{""left"":1762,""right"":2375,""top"":1918,""bottom"":3447},""time"":1729913844876},{""box"":{""left"":1762,""right"":2375,""top"":1918,""bottom"":3447},""time"":1729913844916},{""box"":{""left"":1762,""right"":2375,""top"":1918,""bottom"":3447},""time"":1729913845002},{""box"":{""left"":1762,""right"":2375,""top"":1918,""bottom"":3447},""time"":1729913845178},{""box"":{""left"":1762,""right"":2375,""top"":1918,""bottom"":3447},""time"":1729913845277},{""box"":{""left"":1762,""right"":2375,""top"":1918,""bottom"":3447},""time"":1729913845363},{""box"":{""left"":1762,""right"":2375,""top"":1918,""bottom"":3447},""time"":1729913845419},{""box"":{""left"":1762,""right"":2375,""top"":1918,""bottom"":3447},""time"":1729913845530},{""box"":{""left"":1762,""right"":2375,""top"":1918,""bottom"":3447},""time"":1729913845708},{""box"":{""left"":1762,""right"":2375,""top"":1918,""bottom"":3447},""time"":1729913845763},{""box"":{""left"":1762,""right"":2375,""top"":1918,""bottom"":3447},""time"":1729913845843},{""box"":{""left"":1762,""right"":2375,""top"":1918,""bottom"":3447},""time"":1729913845894},{""box"":{""left"":1762,""right"":2375,""top"":1918,""bottom"":3447},""time"":1729913845938},{""box"":{""left"":1762,""right"":2375,""top"":1918,""bottom"":3447},""time"":1729913846012},{""box"":{""left"":1762,""right"":2375,""top"":1918,""bottom"":3447},""time"":1729913846064},{""box"":{""left"":1762,""right"":2375,""top"":1918,""bottom"":3447},""time"":1729913846109},{""box"":{""left"":1762,""right"":2375,""top"":1918,""bottom"":3447},""time"":1729913846222},{""box"":{""left"":1762,""right"":2375,""top"":1918,""bottom"":3447},""time"":1729913846318},{""box"":{""left"":1762,""right"":2375,""top"":1918,""bottom"":3447},""time"":1729913846406},{""box"":{""left"":1762,""right"":2375,""top"":1918,""bottom"":3447},""time"":1729913846451},{""box"":{""left"":1762,""right"":2375,""top"":1918,""bottom"":3447},""time"":1729913846539},{""box"":{""left"":1762,""right"":2375,""top"":1918,""bottom"":3447},""time"":1729913846583},{""box"":{""left"":1762,""right"":2375,""top"":1918,""bottom"":3447},""time"":1729913846640},{""box"":{""left"":1762,""right"":2375,""top"":1918,""bottom"":3447},""time"":1729913846673},{""box"":{""left"":1762,""right"":2375,""top"":1918,""bottom"":3447},""time"":1729913846756},{""box"":{""left"":1762,""right"":2375,""top"":1918,""bottom"":3447},""time"":1729913846869},{""box"":{""left"":1762,""right"":2375,""top"":1918,""bottom"":3447},""time"":1729913846955},{""box"":{""left"":1762,""right"":2375,""top"":1918,""bottom"":3447},""time"":1729913846989},{""box"":{""left"":1762,""right"":2375,""top"":1918,""bottom"":3447},""time"":1729913847051},{""box"":{""left"":1762,""right"":2375,""top"":1918,""bottom"":3447},""time"":1729913847099},{""box"":{""left"":1762,""right"":2375,""top"":1918,""bottom"":3447},""time"":1729913847132},{""box"":{""left"":1762,""right"":2375,""top"":1918,""bottom"":3447},""time"":1729913847213},{""box"":{""left"":1762,""right"":2375,""top"":1918,""bottom"":3447},""time"":1729913847246},{""box"":{""left"":1762,""right"":2375,""top"":1918,""bottom"":3447},""time"":1729913847333},{""box"":{""left"":1762,""right"":2375,""top"":1918,""bottom"":3447},""time"":1729913847368},{""box"":{""left"":1762,""right"":2375,""top"":1918,""bottom"":3447},""time"":1729913847442},{""box"":{""left"":1762,""right"":2375,""top"":1918,""bottom"":3447},""time"":1729913847477},{""box"":{""left"":1762,""right"":2375,""top"":1918,""bottom"":3447},""time"":1729913847552},{""box"":{""left"":1762,""right"":2375,""top"":1918,""bottom"":3447},""time"":1729913847586},{""box"":{""left"":1762,""right"":2375,""top"":1918,""bottom"":3447},""time"":1729913847653},{""box"":{""left"":1762,""right"":2375,""top"":1918,""bottom"":3447},""time"":1729913847751},{""box"":{""left"":1762,""right"":2375,""top"":1918,""bottom"":3447},""time"":1729913847786},{""box"":{""left"":1762,""right"":2375,""top"":1918,""bottom"":3447},""time"":1729913847873},{""box"":{""left"":1762,""right"":2375,""top"":1918,""bottom"":3447},""time"":1729913847912},{""box"":{""left"":1762,""right"":2375,""top"":1918,""bottom"":3447},""time"":1729913847944},{""box"":{""left"":1762,""right"":2375,""top"":1918,""bottom"":3447},""time"":1729913848059},{""box"":{""left"":1762,""right"":2375,""top"":1918,""bottom"":3447},""time"":1729913848112},{""box"":{""left"":1762,""right"":2375,""top"":1918,""bottom"":3447},""time"":1729913848145},{""box"":{""left"":1762,""right"":2375,""top"":1918,""bottom"":3447},""time"":1729913848287},{""box"":{""left"":1762,""right"":2375,""top"":1918,""bottom"":3447},""time"":1729913848322},{""box"":{""left"":1762,""right"":2375,""top"":1918,""bottom"":3447},""time"":1729913848420},{""box"":{""left"":1762,""right"":2375,""top"":1918,""bottom"":3447},""time"":1729913848479},{""box"":{""left"":1762,""right"":2375,""top"":1918,""bottom"":3447},""time"":1729913848501},{""box"":{""left"":1762,""right"":2375,""top"":1918,""bottom"":3447},""time"":1729913848627},{""box"":{""left"":1762,""right"":2375,""top"":1918,""bottom"":3447},""time"":1729913848873},{""box"":{""left"":1762,""right"":2375,""top"":1918,""bottom"":3447},""time"":1729913848906}",,,,,
57091,Person,2024-10-26 12:36:56,2024-10-26 12:37:28,"{""left"":5545,""right"":7950,""top"":6758,""bottom"":10000},{""box"":{""left"":5545,""right"":7950,""top"":6758,""bottom"":10000},""time"":1729913816124},{""box"":{""left"":5545,""right"":7950,""top"":6758,""bottom"":10000},""time"":1729913816264},{""box"":{""left"":5545,""right"":7950,""top"":6758,""bottom"":10000},""time"":1729913816494},{""box"":{""left"":5545,""right"":7950,""top"":6758,""bottom"":10000},""time"":1729913816698},{""box"":{""left"":5545,""right"":7950,""top"":6758,""bottom"":10000},""time"":1729913816804},{""box"":{""left"":5545,""right"":7950,""top"":6758,""bottom"":10000},""time"":1729913816871},{""box"":{""left"":5545,""right"":7950,""top"":6758,""bottom"":10000},""time"":1729913817107},{""box"":{""left"":5545,""right"":7950,""top"":6758,""bottom"":10000},""time"":1729913817483},{""box"":{""left"":5545,""right"":7950,""top"":6758,""bottom"":10000},""time"":1729913817603},{""box"":{""left"":5545,""right"":7950,""top"":6758,""bottom"":10000},""time"":1729913817692},{""box"":{""left"":5545,""right"":7950,""top"":6758,""bottom"":10000},""time"":1729913817992},{""box"":{""left"":5545,""right"":7950,""top"":6758,""bottom"":10000},""time"":1729913818100},{""box"":{""left"":5545,""right"":7950,""top"":6758,""bottom"":10000},""time"":1729913818208},{""box"":{""left"":5545,""right"":7950,""top"":6758,""bottom"":10000},""time"":1729913818327},{""box"":{""left"":5545,""right"":7950,""top"":6758,""bottom"":10000},""time"":1729913818435},{""box"":{""left"":5545,""right"":7950,""top"":6758,""bottom"":10000},""time"":1729913818564},{""box"":{""left"":5545,""right"":7950,""top"":6758,""bottom"":10000},""time"":1729913818673},{""box"":{""left"":5545,""right"":7950,""top"":6758,""bottom"":10000},""time"":1729913818869},{""box"":{""left"":5545,""right"":7950,""top"":6758,""bottom"":10000},""time"":1729913819356},{""box"":{""left"":5545,""right"":7950,""top"":6758,""bottom"":10000},""time"":1729913819522},{""box"":{""left"":5545,""right"":7950,""top"":6758,""bottom"":10000},""time"":1729913819664},{""box"":{""left"":5545,""right"":7950,""top"":6758,""bottom"":10000},""time"":1729913819990},{""box"":{""left"":5545,""right"":7950,""top"":6758,""bottom"":10000},""time"":1729913820191},{""box"":{""left"":5545,""right"":7950,""top"":6758,""bottom"":10000},""time"":1729913820566},{""box"":{""left"":5545,""right"":7950,""top"":6758,""bottom"":10000},""time"":1729913820652},{""box"":{""left"":5545,""right"":7950,""top"":6758,""bottom"":10000},""time"":1729913821213},{""box"":{""left"":5545,""right"":7950,""top"":6758,""bottom"":10000},""time"":1729913821382},{""box"":{""left"":5545,""right"":7950,""top"":6758,""bottom"":10000},""time"":1729913821470},{""box"":{""left"":5545,""right"":7950,""top"":6758,""bottom"":10000},""time"":1729913821590},{""box"":{""left"":5545,""right"":7950,""top"":6758,""bottom"":10000},""time"":1729913821680},{""box"":{""left"":5545,""right"":7950,""top"":6758,""bottom"":10000},""time"":1729913822011},{""box"":{""left"":5545,""right"":7950,""top"":6758,""bottom"":10000},""time"":1729913822144},{""box"":{""left"":5545,""right"":7950,""top"":6758,""bottom"":10000},""time"":1729913822312},{""box"":{""left"":5545,""right"":7950,""top"":6758,""bottom"":10000},""time"":1729913822401},{""box"":{""left"":5545,""right"":7950,""top"":6758,""bottom"":10000},""time"":1729913822488},{""box"":{""left"":5545,""right"":7950,""top"":6758,""bottom"":10000},""time"":1729913822585},{""box"":{""left"":5545,""right"":7950,""top"":6758,""bottom"":10000},""time"":1729913823112},{""box"":{""left"":5545,""right"":7950,""top"":6758,""bottom"":10000},""time"":1729913823220},{""box"":{""left"":5545,""right"":7950,""top"":6758,""bottom"":10000},""time"":1729913823308},{""box"":{""left"":5545,""right"":7950,""top"":6758,""bottom"":10000},""time"":1729913823406},{""box"":{""left"":5545,""right"":7950,""top"":6758,""bottom"":10000},""time"":1729913824051},{""box"":{""left"":5545,""right"":7950,""top"":6758,""bottom"":10000},""time"":1729913824825},{""box"":{""left"":5545,""right"":7950,""top"":6758,""bottom"":10000},""time"":1729913825339},{""box"":{""left"":5545,""right"":7950,""top"":6758,""bottom"":10000},""time"":1729913825469},{""box"":{""left"":5545,""right"":7950,""top"":6758,""bottom"":10000},""time"":1729913825698},{""box"":{""left"":5545,""right"":7950,""top"":6758,""bottom"":10000},""time"":1729913825932},{""box"":{""left"":5545,""right"":7950,""top"":6758,""bottom"":10000},""time"":1729913826073},{""box"":{""left"":5545,""right"":7950,""top"":6758,""bottom"":10000},""time"":1729913826489},{""box"":{""left"":5545,""right"":7950,""top"":6758,""bottom"":10000},""time"":1729913827286},{""box"":{""left"":5545,""right"":7950,""top"":6758,""bottom"":10000},""time"":1729913827399},{""box"":{""left"":5545,""right"":7950,""top"":6758,""bottom"":10000},""time"":1729913827615},{""box"":{""left"":5545,""right"":7950,""top"":6758,""bottom"":10000},""time"":1729913827701},{""box"":{""left"":5545,""right"":7950,""top"":6758,""bottom"":10000},""time"":1729913827855},{""box"":{""left"":5545,""right"":7950,""top"":6758,""bottom"":10000},""time"":1729913828106},{""box"":{""left"":5545,""right"":7950,""top"":6758,""bottom"":10000},""time"":1729913828257},{""box"":{""left"":5545,""right"":7950,""top"":6758,""bottom"":10000},""time"":1729913828401},{""box"":{""left"":5545,""right"":7950,""top"":6758,""bottom"":10000},""time"":1729913828574},{""box"":{""left"":5545,""right"":7950,""top"":6758,""bottom"":10000},""time"":1729913828735},{""box"":{""left"":5545,""right"":7950,""top"":6758,""bottom"":10000},""time"":1729913828814},{""box"":{""left"":5545,""right"":7950,""top"":6758,""bottom"":10000},""time"":1729913829179},{""box"":{""left"":5545,""right"":7950,""top"":6758,""bottom"":10000},""time"":1729913829340},{""box"":{""left"":5545,""right"":7950,""top"":6758,""bottom"":10000},""time"":1729913829455},{""box"":{""left"":5545,""right"":7950,""top"":6758,""bottom"":10000},""time"":1729913829618},{""box"":{""left"":5545,""right"":7950,""top"":6758,""bottom"":10000},""time"":1729913829881},{""box"":{""left"":5545,""right"":7950,""top"":6758,""bottom"":10000},""time"":1729913830013},{""box"":{""left"":5545,""right"":7950,""top"":6758,""bottom"":10000},""time"":1729913830117},{""box"":{""left"":5545,""right"":7950,""top"":6758,""bottom"":10000},""time"":1729913830222},{""box"":{""left"":5545,""right"":7950,""top"":6758,""bottom"":10000},""time"":1729913830372},{""box"":{""left"":5545,""right"":7950,""top"":6758,""bottom"":10000},""time"":1729913830865},{""box"":{""left"":5545,""right"":7950,""top"":6758,""bottom"":10000},""time"":1729913830920},{""box"":{""left"":5545,""right"":7950,""top"":6758,""bottom"":10000},""time"":1729913830954},{""box"":{""left"":5545,""right"":7950,""top"":6758,""bottom"":10000},""time"":1729913831009},{""box"":{""left"":5545,""right"":7950,""top"":6758,""bottom"":10000},""time"":1729913831063},{""box"":{""left"":5545,""right"":7950,""top"":6758,""bottom"":10000},""time"":1729913831118},{""box"":{""left"":5545,""right"":7950,""top"":6758,""bottom"":10000},""time"":1729913831227},{""box"":{""left"":5545,""right"":7950,""top"":6758,""bottom"":10000},""time"":1729913831275},{""box"":{""left"":5545,""right"":7950,""top"":6758,""bottom"":10000},""time"":1729913831331},{""box"":{""left"":5545,""right"":7950,""top"":6758,""bottom"":10000},""time"":1729913831379},{""box"":{""left"":5545,""right"":7950,""top"":6758,""bottom"":10000},""time"":1729913831434},{""box"":{""left"":5545,""right"":7950,""top"":6758,""bottom"":10000},""time"":1729913831488},{""box"":{""left"":5545,""right"":7950,""top"":6758,""bottom"":10000},""time"":1729913831549},{""box"":{""left"":5545,""right"":7950,""top"":6758,""bottom"":10000},""time"":1729913831602},{""box"":{""left"":5545,""right"":7950,""top"":6758,""bottom"":10000},""time"":1729913831715},{""box"":{""left"":5545,""right"":7950,""top"":6758,""bottom"":10000},""time"":1729913831847},{""box"":{""left"":5545,""right"":7950,""top"":6758,""bottom"":10000},""time"":1729913831907},{""box"":{""left"":5545,""right"":7950,""top"":6758,""bottom"":10000},""time"":1729913831960},{""box"":{""left"":5545,""right"":7950,""top"":6758,""bottom"":10000},""time"":1729913832010},{""box"":{""left"":5545,""right"":7950,""top"":6758,""bottom"":10000},""time"":1729913832064},{""box"":{""left"":5545,""right"":7950,""top"":6758,""bottom"":10000},""time"":1729913832156},{""box"":{""left"":5545,""right"":7950,""top"":6758,""bottom"":10000},""time"":1729913832230},{""box"":{""left"":5545,""right"":7950,""top"":6758,""bottom"":10000},""time"":1729913832283},{""box"":{""left"":5545,""right"":7950,""top"":6758,""bottom"":10000},""time"":1729913832326},{""box"":{""left"":5545,""right"":7950,""top"":6758,""bottom"":10000},""time"":1729913832380},{""box"":{""left"":5545,""right"":7950,""top"":6758,""bottom"":10000},""time"":1729913832452},{""box"":{""left"":5545,""right"":7950,""top"":6758,""bottom"":10000},""time"":1729913832507},{""box"":{""left"":5545,""right"":7950,""top"":6758,""bottom"":10000},""time"":1729913832767},{""box"":{""left"":5545,""right"":7950,""top"":6758,""bottom"":10000},""time"":1729913832837},{""box"":{""left"":5545,""right"":7950,""top"":6758,""bottom"":10000},""time"":1729913832893},{""box"":{""left"":5545,""right"":7950,""top"":6758,""bottom"":10000},""time"":1729913832991},{""box"":{""left"":5545,""right"":7950,""top"":6758,""bottom"":10000},""time"":1729913833025},{""box"":{""left"":5545,""right"":7950,""top"":6758,""bottom"":10000},""time"":1729913833080},{""box"":{""left"":5545,""right"":7950,""top"":6758,""bottom"":10000},""time"":1729913833335},{""box"":{""left"":5545,""right"":7950,""top"":6758,""bottom"":10000},""time"":1729913833396},{""box"":{""left"":5545,""right"":7950,""top"":6758,""bottom"":10000},""time"":1729913833554},{""box"":{""left"":5545,""right"":7950,""top"":6758,""bottom"":10000},""time"":1729913833623},{""box"":{""left"":5545,""right"":7950,""top"":6758,""bottom"":10000},""time"":1729913833729},{""box"":{""left"":5545,""right"":7950,""top"":6758,""bottom"":10000},""time"":1729913833869},{""box"":{""left"":5545,""right"":7950,""top"":6758,""bottom"":10000},""time"":1729913833923},{""box"":{""left"":5545,""right"":7950,""top"":6758,""bottom"":10000},""time"":1729913833968},{""box"":{""left"":5545,""right"":7950,""top"":6758,""bottom"":10000},""time"":1729913834021},{""box"":{""left"":5545,""right"":7950,""top"":6758,""bottom"":10000},""time"":1729913834066},{""box"":{""left"":5545,""right"":7950,""top"":6758,""bottom"":10000},""time"":1729913834099},{""box"":{""left"":5545,""right"":7950,""top"":6758,""bottom"":10000},""time"":1729913834153},{""box"":{""left"":5545,""right"":7950,""top"":6758,""bottom"":10000},""time"":1729913834252},{""box"":{""left"":5545,""right"":7950,""top"":6758,""bottom"":10000},""time"":1729913834287},{""box"":{""left"":5545,""right"":7950,""top"":6758,""bottom"":10000},""time"":1729913834340},{""box"":{""left"":5545,""right"":7950,""top"":6758,""bottom"":10000},""time"":1729913834385},{""box"":{""left"":5545,""right"":7950,""top"":6758,""bottom"":10000},""time"":1729913834439},{""box"":{""left"":5545,""right"":7950,""top"":6758,""bottom"":10000},""time"":1729913834484},{""box"":{""left"":5545,""right"":7950,""top"":6758,""bottom"":10000},""time"":1729913834537},{""box"":{""left"":5545,""right"":7950,""top"":6758,""bottom"":10000},""time"":1729913834582},{""box"":{""left"":5545,""right"":7950,""top"":6758,""bottom"":10000},""time"":1729913834636},{""box"":{""left"":5545,""right"":7950,""top"":6758,""bottom"":10000},""time"":1729913834681},{""box"":{""left"":5545,""right"":7950,""top"":6758,""bottom"":10000},""time"":1729913834734},{""box"":{""left"":5545,""right"":7950,""top"":6758,""bottom"":10000},""time"":1729913834779},{""box"":{""left"":5545,""right"":7950,""top"":6758,""bottom"":10000},""time"":1729913834841},{""box"":{""left"":5545,""right"":7950,""top"":6758,""bottom"":10000},""time"":1729913834896},{""box"":{""left"":5545,""right"":7950,""top"":6758,""bottom"":10000},""time"":1729913834928},{""box"":{""left"":5545,""right"":7950,""top"":6758,""bottom"":10000},""time"":1729913834991},{""box"":{""left"":5545,""right"":7950,""top"":6758,""bottom"":10000},""time"":1729913835047},{""box"":{""left"":5545,""right"":7950,""top"":6758,""bottom"":10000},""time"":1729913835126},{""box"":{""left"":5545,""right"":7950,""top"":6758,""bottom"":10000},""time"":1729913835168},{""box"":{""left"":5545,""right"":7950,""top"":6758,""bottom"":10000},""time"":1729913835203},{""box"":{""left"":5545,""right"":7950,""top"":6758,""bottom"":10000},""time"":1729913835257},{""box"":{""left"":5545,""right"":7950,""top"":6758,""bottom"":10000},""time"":1729913835338},{""box"":{""left"":5545,""right"":7950,""top"":6758,""bottom"":10000},""time"":1729913835371},{""box"":{""left"":5545,""right"":7950,""top"":6758,""bottom"":10000},""time"":1729913835426},{""box"":{""left"":5545,""right"":7950,""top"":6758,""bottom"":10000},""time"":1729913835506},{""box"":{""left"":5545,""right"":7950,""top"":6758,""bottom"":10000},""time"":1729913835575},{""box"":{""left"":5545,""right"":7950,""top"":6758,""bottom"":10000},""time"":1729913835601},{""box"":{""left"":5545,""right"":7950,""top"":6758,""bottom"":10000},""time"":1729913835655},{""box"":{""left"":5545,""right"":7950,""top"":6758,""bottom"":10000},""time"":1729913835712},{""box"":{""left"":5545,""right"":7950,""top"":6758,""bottom"":10000},""time"":1729913835905},{""box"":{""left"":5545,""right"":7950,""top"":6758,""bottom"":10000},""time"":1729913835959},{""box"":{""left"":5545,""right"":7950,""top"":6758,""bottom"":10000},""time"":1729913836369},{""box"":{""left"":5545,""right"":7950,""top"":6758,""bottom"":10000},""time"":1729913836424},{""box"":{""left"":5545,""right"":7950,""top"":6758,""bottom"":10000},""time"":1729913836537},{""box"":{""left"":5545,""right"":7950,""top"":6758,""bottom"":10000},""time"":1729913836603},{""box"":{""left"":5545,""right"":7950,""top"":6758,""bottom"":10000},""time"":1729913836670},{""box"":{""left"":5545,""right"":7950,""top"":6758,""bottom"":10000},""time"":1729913836692},{""box"":{""left"":5545,""right"":7950,""top"":6758,""bottom"":10000},""time"":1729913836758},{""box"":{""left"":5545,""right"":7950,""top"":6758,""bottom"":10000},""time"":1729913836812},{""box"":{""left"":5545,""right"":7950,""top"":6758,""bottom"":10000},""time"":1729913836867},{""box"":{""left"":5545,""right"":7950,""top"":6758,""bottom"":10000},""time"":1729913836911},{""box"":{""left"":5545,""right"":7950,""top"":6758,""bottom"":10000},""time"":1729913836966},{""box"":{""left"":5545,""right"":7950,""top"":6758,""bottom"":10000},""time"":1729913837020},{""box"":{""left"":5545,""right"":7950,""top"":6758,""bottom"":10000},""time"":1729913837057},{""box"":{""left"":5545,""right"":7950,""top"":6758,""bottom"":10000},""time"":1729913837121},{""box"":{""left"":5545,""right"":7950,""top"":6758,""bottom"":10000},""time"":1729913837166},{""box"":{""left"":5545,""right"":7950,""top"":6758,""bottom"":10000},""time"":1729913837220},{""box"":{""left"":5545,""right"":7950,""top"":6758,""bottom"":10000},""time"":1729913837266},{""box"":{""left"":5545,""right"":7950,""top"":6758,""bottom"":10000},""time"":1729913837330},{""box"":{""left"":5545,""right"":7950,""top"":6758,""bottom"":10000},""time"":1729913837421},{""box"":{""left"":5545,""right"":7950,""top"":6758,""bottom"":10000},""time"":1729913837536},{""box"":{""left"":5545,""right"":7950,""top"":6758,""bottom"":10000},""time"":1729913837619},{""box"":{""left"":5545,""right"":7950,""top"":6758,""bottom"":10000},""time"":1729913837743},{""box"":{""left"":5545,""right"":7950,""top"":6758,""bottom"":10000},""time"":1729913837797},{""box"":{""left"":5545,""right"":7950,""top"":6758,""bottom"":10000},""time"":1729913837872},{""box"":{""left"":5545,""right"":7950,""top"":6758,""bottom"":10000},""time"":1729913838001},{""box"":{""left"":5545,""right"":7950,""top"":6758,""bottom"":10000},""time"":1729913838057},{""box"":{""left"":5545,""right"":7950,""top"":6758,""bottom"":10000},""time"":1729913838163},{""box"":{""left"":5545,""right"":7950,""top"":6758,""bottom"":10000},""time"":1729913838254},{""box"":{""left"":5545,""right"":7950,""top"":6758,""bottom"":10000},""time"":1729913838299},{""box"":{""left"":5545,""right"":7950,""top"":6758,""bottom"":10000},""time"":1729913838390},{""box"":{""left"":5545,""right"":7950,""top"":6758,""bottom"":10000},""time"":1729913838571},{""box"":{""left"":5545,""right"":7950,""top"":6758,""bottom"":10000},""time"":1729913838641},{""box"":{""left"":5545,""right"":7950,""top"":6758,""bottom"":10000},""time"":1729913838732},{""box"":{""left"":5545,""right"":7950,""top"":6758,""bottom"":10000},""time"":1729913838787},{""box"":{""left"":5545,""right"":7950,""top"":6758,""bottom"":10000},""time"":1729913838879},{""box"":{""left"":5545,""right"":7950,""top"":6758,""bottom"":10000},""time"":1729913838954},{""box"":{""left"":5545,""right"":7950,""top"":6758,""bottom"":10000},""time"":1729913839010},{""box"":{""left"":5545,""right"":7950,""top"":6758,""bottom"":10000},""time"":1729913839100},{""box"":{""left"":5545,""right"":7950,""top"":6758,""bottom"":10000},""time"":1729913839191},{""box"":{""left"":5545,""right"":7950,""top"":6758,""bottom"":10000},""time"":1729913839228},{""box"":{""left"":5545,""right"":7950,""top"":6758,""bottom"":10000},""time"":1729913839282},{""box"":{""left"":5545,""right"":7950,""top"":6758,""bottom"":10000},""time"":1729913839363},{""box"":{""left"":5545,""right"":7950,""top"":6758,""bottom"":10000},""time"":1729913839419},{""box"":{""left"":5545,""right"":7950,""top"":6758,""bottom"":10000},""time"":1729913839478},{""box"":{""left"":5545,""right"":7950,""top"":6758,""bottom"":10000},""time"":1729913839534},{""box"":{""left"":5545,""right"":7950,""top"":6758,""bottom"":10000},""time"":1729913839661},{""box"":{""left"":5545,""right"":7950,""top"":6758,""bottom"":10000},""time"":1729913839717},{""box"":{""left"":5545,""right"":7950,""top"":6758,""bottom"":10000},""time"":1729913839856},{""box"":{""left"":5545,""right"":7950,""top"":6758,""bottom"":10000},""time"":1729913839992},{""box"":{""left"":5545,""right"":7950,""top"":6758,""bottom"":10000},""time"":1729913840035},{""box"":{""left"":5545,""right"":7950,""top"":6758,""bottom"":10000},""time"":1729913840068},{""box"":{""left"":5545,""right"":7950,""top"":6758,""bottom"":10000},""time"":1729913840085},{""box"":{""left"":5545,""right"":7950,""top"":6758,""bottom"":10000},""time"":1729913840117},{""box"":{""left"":5545,""right"":7950,""top"":6758,""bottom"":10000},""time"":1729913840132},{""box"":{""left"":5545,""right"":7950,""top"":6758,""bottom"":10000},""time"":1729913840166},{""box"":{""left"":5545,""right"":7950,""top"":6758,""bottom"":10000},""time"":1729913840181},{""box"":{""left"":5545,""right"":7950,""top"":6758,""bottom"":10000},""time"":1729913840213},{""box"":{""left"":5545,""right"":7950,""top"":6758,""bottom"":10000},""time"":1729913840228},{""box"":{""left"":5545,""right"":7950,""top"":6758,""bottom"":10000},""time"":1729913840260},{""box"":{""left"":5545,""right"":7950,""top"":6758,""bottom"":10000},""time"":1729913840276},{""box"":{""left"":5545,""right"":7950,""top"":6758,""bottom"":10000},""time"":1729913840309},{""box"":{""left"":5545,""right"":7950,""top"":6758,""bottom"":10000},""time"":1729913840323},{""box"":{""left"":5545,""right"":7950,""top"":6758,""bottom"":10000},""time"":1729913840358},{""box"":{""left"":5545,""right"":7950,""top"":6758,""bottom"":10000},""time"":1729913840372},{""box"":{""left"":5545,""right"":7950,""top"":6758,""bottom"":10000},""time"":1729913840406},{""box"":{""left"":5545,""right"":7950,""top"":6758,""bottom"":10000},""time"":1729913840421},{""box"":{""left"":5545,""right"":7950,""top"":6758,""bottom"":10000},""time"":1729913840453},{""box"":{""left"":5545,""right"":7950,""top"":6758,""bottom"":10000},""time"":1729913840467},{""box"":{""left"":5545,""right"":7950,""top"":6758,""bottom"":10000},""time"":1729913840501},{""box"":{""left"":5545,""right"":7950,""top"":6758,""bottom"":10000},""time"":1729913840548},{""box"":{""left"":5545,""right"":7950,""top"":6758,""bottom"":10000},""time"":1729913840614},{""box"":{""left"":5545,""right"":7950,""top"":6758,""bottom"":10000},""time"":1729913840676},{""box"":{""left"":5545,""right"":7950,""top"":6758,""bottom"":10000},""time"":1729913840794},{""box"":{""left"":5545,""right"":7950,""top"":6758,""bottom"":10000},""time"":1729913840892},{""box"":{""left"":5545,""right"":7950,""top"":6758,""bottom"":10000},""time"":1729913840922},{""box"":{""left"":5545,""right"":7950,""top"":6758,""bottom"":10000},""time"":1729913841065},{""box"":{""left"":5545,""right"":7950,""top"":6758,""bottom"":10000},""time"":1729913841237},{""box"":{""left"":5545,""right"":7950,""top"":6758,""bottom"":10000},""time"":1729913841292},{""box"":{""left"":5545,""right"":7950,""top"":6758,""bottom"":10000},""time"":1729913841322},{""box"":{""left"":5545,""right"":7950,""top"":6758,""bottom"":10000},""time"":1729913841392},{""box"":{""left"":5545,""right"":7950,""top"":6758,""bottom"":10000},""time"":1729913842376},{""box"":{""left"":5545,""right"":7950,""top"":6758,""bottom"":10000},""time"":1729913842569},{""box"":{""left"":5545,""right"":7950,""top"":6758,""bottom"":10000},""time"":1729913842701},{""box"":{""left"":5545,""right"":7950,""top"":6758,""bottom"":10000},""time"":1729913842767},{""box"":{""left"":5545,""right"":7950,""top"":6758,""bottom"":10000},""time"":1729913842810},{""box"":{""left"":5545,""right"":7950,""top"":6758,""bottom"":10000},""time"":1729913842973},{""box"":{""left"":5545,""right"":7950,""top"":6758,""bottom"":10000},""time"":1729913843131},{""box"":{""left"":5545,""right"":7950,""top"":6758,""bottom"":10000},""time"":1729913843231},{""box"":{""left"":5545,""right"":7950,""top"":6758,""bottom"":10000},""time"":1729913843270},{""box"":{""left"":5545,""right"":7950,""top"":6758,""bottom"":10000},""time"":1729913843324},{""box"":{""left"":5545,""right"":7950,""top"":6758,""bottom"":10000},""time"":1729913843832},{""box"":{""left"":5545,""right"":7950,""top"":6758,""bottom"":10000},""time"":1729913843877},{""box"":{""left"":5545,""right"":7950,""top"":6758,""bottom"":10000},""time"":1729913843955},{""box"":{""left"":5545,""right"":7950,""top"":6758,""bottom"":10000},""time"":1729913844086},{""box"":{""left"":5545,""right"":7950,""top"":6758,""bottom"":10000},""time"":1729913844173},{""box"":{""left"":5545,""right"":7950,""top"":6758,""bottom"":10000},""time"":1729913844217},{""box"":{""left"":5545,""right"":7950,""top"":6758,""bottom"":10000},""time"":1729913844289},{""box"":{""left"":5545,""right"":7950,""top"":6758,""bottom"":10000},""time"":1729913844498},{""box"":{""left"":5545,""right"":7950,""top"":6758,""bottom"":10000},""time"":1729913844597},{""box"":{""left"":5545,""right"":7950,""top"":6758,""bottom"":10000},""time"":1729913844682},{""box"":{""left"":5545,""right"":7950,""top"":6758,""bottom"":10000},""time"":1729913844775},{""box"":{""left"":5545,""right"":7950,""top"":6758,""bottom"":10000},""time"":1729913844887},{""box"":{""left"":5545,""right"":7950,""top"":6758,""bottom"":10000},""time"":1729913845012},{""box"":{""left"":5545,""right"":7950,""top"":6758,""bottom"":10000},""time"":1729913845077},{""box"":{""left"":5545,""right"":7950,""top"":6758,""bottom"":10000},""time"":1729913845189},{""box"":{""left"":5545,""right"":7950,""top"":6758,""bottom"":10000},""time"":1729913845288},{""box"":{""left"":5545,""right"":7950,""top"":6758,""bottom"":10000},""time"":1729913845374},{""box"":{""left"":5545,""right"":7950,""top"":6758,""bottom"":10000},""time"":1729913845430},{""box"":{""left"":5545,""right"":7950,""top"":6758,""bottom"":10000},""time"":1729913845540},{""box"":{""left"":5545,""right"":7950,""top"":6758,""bottom"":10000},""time"":1729913845719},{""box"":{""left"":5545,""right"":7950,""top"":6758,""bottom"":10000},""time"":1729913845774},{""box"":{""left"":5545,""right"":7950,""top"":6758,""bottom"":10000},""time"":1729913845905},{""box"":{""left"":5545,""right"":7950,""top"":6758,""bottom"":10000},""time"":1729913845949},{""box"":{""left"":5545,""right"":7950,""top"":6758,""bottom"":10000},""time"":1729913846023},{""box"":{""left"":5545,""right"":7950,""top"":6758,""bottom"":10000},""time"":1729913846119},{""box"":{""left"":5545,""right"":7950,""top"":6758,""bottom"":10000},""time"":1729913846233},{""box"":{""left"":5545,""right"":7950,""top"":6758,""bottom"":10000},""time"":1729913846330},{""box"":{""left"":5545,""right"":7950,""top"":6758,""bottom"":10000},""time"":1729913846462},{""box"":{""left"":5545,""right"":7950,""top"":6758,""bottom"":10000},""time"":1729913846550},{""box"":{""left"":5545,""right"":7950,""top"":6758,""bottom"":10000},""time"":1729913846593},{""box"":{""left"":5545,""right"":7950,""top"":6758,""bottom"":10000},""time"":1729913846684},{""box"":{""left"":5545,""right"":7950,""top"":6758,""bottom"":10000},""time"":1729913846766},{""box"":{""left"":5545,""right"":7950,""top"":6758,""bottom"":10000},""time"":1729913846879},{""box"":{""left"":5545,""right"":7950,""top"":6758,""bottom"":10000},""time"":1729913846999},{""box"":{""left"":5545,""right"":7950,""top"":6758,""bottom"":10000},""time"":1729913847063},{""box"":{""left"":5545,""right"":7950,""top"":6758,""bottom"":10000},""time"":1729913847142},{""box"":{""left"":5545,""right"":7950,""top"":6758,""bottom"":10000},""time"":1729913847257},{""box"":{""left"":5545,""right"":7950,""top"":6758,""bottom"":10000},""time"":1729913847378},{""box"":{""left"":5545,""right"":7950,""top"":6758,""bottom"":10000},""time"":1729913847488},{""box"":{""left"":5545,""right"":7950,""top"":6758,""bottom"":10000},""time"":1729913847597},{""box"":{""left"":5545,""right"":7950,""top"":6758,""bottom"":10000},""time"":1729913847687},{""box"":{""left"":5545,""right"":7950,""top"":6758,""bottom"":10000},""time"":1729913847797},{""box"":{""left"":5545,""right"":7950,""top"":6758,""bottom"":10000},""time"":1729913847955},{""box"":{""left"":5545,""right"":7950,""top"":6758,""bottom"":10000},""time"":1729913848071},{""box"":{""left"":5545,""right"":7950,""top"":6758,""bottom"":10000},""time"":1729913848156},{""box"":{""left"":5545,""right"":7950,""top"":6758,""bottom"":10000},""time"":1729913848333},{""box"":{""left"":5545,""right"":7950,""top"":6758,""bottom"":10000},""time"":1729913848431},{""box"":{""left"":5545,""right"":7950,""top"":6758,""bottom"":10000},""time"":1729913848514}",,,,,
57092,Person,2024-10-26 12:36:57,2024-10-26 12:36:57,"{""left"":5950,""right"":1885,""top"":6137,""bottom"":2697}",,,,,
57093,Person,2024-10-26 12:37:01,2024-10-26 12:37:06,"{""left"":1775,""right"":2507,""top"":1975,""bottom"":3876},{""box"":{""left"":1775,""right"":2507,""top"":1975,""bottom"":3876},""time"":1729913821482},{""box"":{""left"":1775,""right"":2507,""top"":1975,""bottom"":3876},""time"":1729913821600},{""box"":{""left"":1775,""right"":2507,""top"":1975,""bottom"":3876},""time"":1729913821690},{""box"":{""left"":1775,""right"":2507,""top"":1975,""bottom"":3876},""time"":1729913822022},{""box"":{""left"":1775,""right"":2507,""top"":1975,""bottom"":3876},""time"":1729913822155},{""box"":{""left"":1775,""right"":2507,""top"":1975,""bottom"":3876},""time"":1729913822322},{""box"":{""left"":1775,""right"":2507,""top"":1975,""bottom"":3876},""time"":1729913822411},{""box"":{""left"":1775,""right"":2507,""top"":1975,""bottom"":3876},""time"":1729913822500},{""box"":{""left"":1775,""right"":2507,""top"":1975,""bottom"":3876},""time"":1729913822597},{""box"":{""left"":1775,""right"":2507,""top"":1975,""bottom"":3876},""time"":1729913823122},{""box"":{""left"":1775,""right"":2507,""top"":1975,""bottom"":3876},""time"":1729913823230},{""box"":{""left"":1775,""right"":2507,""top"":1975,""bottom"":3876},""time"":1729913823416},{""box"":{""left"":1775,""right"":2507,""top"":1975,""bottom"":3876},""time"":1729913824173},{""box"":{""left"":1775,""right"":2507,""top"":1975,""bottom"":3876},""time"":1729913824433},{""box"":{""left"":1775,""right"":2507,""top"":1975,""bottom"":3876},""time"":1729913824837},{""box"":{""left"":1775,""right"":2507,""top"":1975,""bottom"":3876},""time"":1729913825350},{""box"":{""left"":1775,""right"":2507,""top"":1975,""bottom"":3876},""time"":1729913825479},{""box"":{""left"":1775,""right"":2507,""top"":1975,""bottom"":3876},""time"":1729913825708},{""box"":{""left"":1775,""right"":2507,""top"":1975,""bottom"":3876},""time"":1729913825943},{""box"":{""left"":1775,""right"":2507,""top"":1975,""bottom"":3876},""time"":1729913826083},{""box"":{""left"":1775,""right"":2507,""top"":1975,""bottom"":3876},""time"":1729913826500}",,,,,
57094,Person,2024-10-26 12:37:04,2024-10-26 12:37:28,"{""left"":2076,""right"":2734,""top"":2323,""bottom"":4129},{""box"":{""left"":2076,""right"":2734,""top"":2323,""bottom"":4129},""time"":1729913839811},{""box"":{""left"":2076,""right"":2734,""top"":2323,""bottom"":4129},""time"":1729913839866},{""box"":{""left"":2076,""right"":2734,""top"":2323,""bottom"":4129},""time"":1729913840003},{""box"":{""left"":2076,""right"":2734,""top"":2323,""bottom"":4129},""time"":1729913840559},{""box"":{""left"":2076,""right"":2734,""top"":2323,""bottom"":4129},""time"":1729913840740},{""box"":{""left"":2076,""right"":2734,""top"":2323,""bottom"":4129},""time"":1729913840806},{""box"":{""left"":2076,""right"":2734,""top"":2323,""bottom"":4129},""time"":1729913840985},{""box"":{""left"":2076,""right"":2734,""top"":2323,""bottom"":4129},""time"":1729913841075},{""box"":{""left"":2076,""right"":2734,""top"":2323,""bottom"":4129},""time"":1729913841161},{""box"":{""left"":2076,""right"":2734,""top"":2323,""bottom"":4129},""time"":1729913841333},{""box"":{""left"":2076,""right"":2734,""top"":2323,""bottom"":4129},""time"":1729913842331},{""box"":{""left"":2076,""right"":2734,""top"":2323,""bottom"":4129},""time"":1729913842386},{""box"":{""left"":2076,""right"":2734,""top"":2323,""bottom"":4129},""time"":1729913842928},{""box"":{""left"":2076,""right"":2734,""top"":2323,""bottom"":4129},""time"":1729913842984},{""box"":{""left"":2076,""right"":2734,""top"":2323,""bottom"":4129},""time"":1729913843242},{""box"":{""left"":2076,""right"":2734,""top"":2323,""bottom"":4129},""time"":1729913843281},{""box"":{""left"":2076,""right"":2734,""top"":2323,""bottom"":4129},""time"":1729913843335},{""box"":{""left"":2076,""right"":2734,""top"":2323,""bottom"":4129},""time"":1729913843400},{""box"":{""left"":2076,""right"":2734,""top"":2323,""bottom"":4129},""time"":1729913843912},{""box"":{""left"":2076,""right"":2734,""top"":2323,""bottom"":4129},""time"":1729913843965},{""box"":{""left"":2076,""right"":2734,""top"":2323,""bottom"":4129},""time"":1729913844042},{""box"":{""left"":2076,""right"":2734,""top"":2323,""bottom"":4129},""time"":1729913844097},{""box"":{""left"":2076,""right"":2734,""top"":2323,""bottom"":4129},""time"":1729913844227},{""box"":{""left"":2076,""right"":2734,""top"":2323,""bottom"":4129},""time"":1729913844299},{""box"":{""left"":2076,""right"":2734,""top"":2323,""bottom"":4129},""time"":1729913844509},{""box"":{""left"":2076,""right"":2734,""top"":2323,""bottom"":4129},""time"":1729913844608},{""box"":{""left"":2076,""right"":2734,""top"":2323,""bottom"":4129},""time"":1729913844693},{""box"":{""left"":2076,""right"":2734,""top"":2323,""bottom"":4129},""time"":1729913844730},{""box"":{""left"":2076,""right"":2734,""top"":2323,""bottom"":4129},""time"":1729913844786},{""box"":{""left"":2076,""right"":2734,""top"":2323,""bottom"":4129},""time"":1729913844897},{""box"":{""left"":2076,""right"":2734,""top"":2323,""bottom"":4129},""time"":1729913845023},{""box"":{""left"":2076,""right"":2734,""top"":2323,""bottom"":4129},""time"":1729913845088},{""box"":{""left"":2076,""right"":2734,""top"":2323,""bottom"":4129},""time"":1729913845200},{""box"":{""left"":2076,""right"":2734,""top"":2323,""bottom"":4129},""time"":1729913845242},{""box"":{""left"":2076,""right"":2734,""top"":2323,""bottom"":4129},""time"":1729913845298},{""box"":{""left"":2076,""right"":2734,""top"":2323,""bottom"":4129},""time"":1729913845385},{""box"":{""left"":2076,""right"":2734,""top"":2323,""bottom"":4129},""time"":1729913845440},{""box"":{""left"":2076,""right"":2734,""top"":2323,""bottom"":4129},""time"":1729913845551},{""box"":{""left"":2076,""right"":2734,""top"":2323,""bottom"":4129},""time"":1729913845580},{""box"":{""left"":2076,""right"":2734,""top"":2323,""bottom"":4129},""time"":1729913845641},{""box"":{""left"":2076,""right"":2734,""top"":2323,""bottom"":4129},""time"":1729913845729},{""box"":{""left"":2076,""right"":2734,""top"":2323,""bottom"":4129},""time"":1729913845785},{""box"":{""left"":2076,""right"":2734,""top"":2323,""bottom"":4129},""time"":1729913845959},{""box"":{""left"":2076,""right"":2734,""top"":2323,""bottom"":4129},""time"":1729913846034},{""box"":{""left"":2076,""right"":2734,""top"":2323,""bottom"":4129},""time"":1729913846075},{""box"":{""left"":2076,""right"":2734,""top"":2323,""bottom"":4129},""time"":1729913846130},{""box"":{""left"":2076,""right"":2734,""top"":2323,""bottom"":4129},""time"":1729913846243},{""box"":{""left"":2076,""right"":2734,""top"":2323,""bottom"":4129},""time"":1729913846286},{""box"":{""left"":2076,""right"":2734,""top"":2323,""bottom"":4129},""time"":1729913846341},{""box"":{""left"":2076,""right"":2734,""top"":2323,""bottom"":4129},""time"":1729913846417},{""box"":{""left"":2076,""right"":2734,""top"":2323,""bottom"":4129},""time"":1729913846473},{""box"":{""left"":2076,""right"":2734,""top"":2323,""bottom"":4129},""time"":1729913846604},{""box"":{""left"":2076,""right"":2734,""top"":2323,""bottom"":4129},""time"":1729913846694},{""box"":{""left"":2076,""right"":2734,""top"":2323,""bottom"":4129},""time"":1729913846777},{""box"":{""left"":2076,""right"":2734,""top"":2323,""bottom"":4129},""time"":1729913846890},{""box"":{""left"":2076,""right"":2734,""top"":2323,""bottom"":4129},""time"":1729913847010},{""box"":{""left"":2076,""right"":2734,""top"":2323,""bottom"":4129},""time"":1729913848592},{""box"":{""left"":2076,""right"":2734,""top"":2323,""bottom"":4129},""time"":1729913848640},{""box"":{""left"":2076,""right"":2734,""top"":2323,""bottom"":4129},""time"":1729913848715},{""box"":{""left"":2076,""right"":2734,""top"":2323,""bottom"":4129},""time"":1729913848749}",,,,,
57099,Person,2024-10-26 12:37:18,2024-10-26 12:37:44,"{""left"":1808,""right"":2866,""top"":2011,""bottom"":4241},{""box"":{""left"":1808,""right"":2866,""top"":2011,""bottom"":4241},""time"":1729913839294},{""box"":{""left"":1808,""right"":2866,""top"":2011,""bottom"":4241},""time"":1729913839429},{""box"":{""left"":1808,""right"":2866,""top"":2011,""bottom"":4241},""time"":1729913839545},{""box"":{""left"":1808,""right"":2866,""top"":2011,""bottom"":4241},""time"":1729913839877},{""box"":{""left"":1808,""right"":2866,""top"":2011,""bottom"":4241},""time"":1729913840014},{""box"":{""left"":1808,""right"":2866,""top"":2011,""bottom"":4241},""time"":1729913840569},{""box"":{""left"":1808,""right"":2866,""top"":2011,""bottom"":4241},""time"":1729913840816},{""box"":{""left"":1808,""right"":2866,""top"":2011,""bottom"":4241},""time"":1729913842397},{""box"":{""left"":1808,""right"":2866,""top"":2011,""bottom"":4241},""time"":1729913842580},{""box"":{""left"":1808,""right"":2866,""top"":2011,""bottom"":4241},""time"":1729913842712},{""box"":{""left"":1808,""right"":2866,""top"":2011,""bottom"":4241},""time"":1729913842822},{""box"":{""left"":1808,""right"":2866,""top"":2011,""bottom"":4241},""time"":1729913842994},{""box"":{""left"":1808,""right"":2866,""top"":2011,""bottom"":4241},""time"":1729913843142},{""box"":{""left"":1808,""right"":2866,""top"":2011,""bottom"":4241},""time"":1729913843345},{""box"":{""left"":1808,""right"":2866,""top"":2011,""bottom"":4241},""time"":1729913843887},{""box"":{""left"":1808,""right"":2866,""top"":2011,""bottom"":4241},""time"":1729913843977},{""box"":{""left"":1808,""right"":2866,""top"":2011,""bottom"":4241},""time"":1729913844108},{""box"":{""left"":1808,""right"":2866,""top"":2011,""bottom"":4241},""time"":1729913844796},{""box"":{""left"":1808,""right"":2866,""top"":2011,""bottom"":4241},""time"":1729913845098},{""box"":{""left"":1808,""right"":2866,""top"":2011,""bottom"":4241},""time"":1729913845308},{""box"":{""left"":1808,""right"":2866,""top"":2011,""bottom"":4241},""time"":1729913845451},{""box"":{""left"":1808,""right"":2866,""top"":2011,""bottom"":4241},""time"":1729913845795},{""box"":{""left"":1808,""right"":2866,""top"":2011,""bottom"":4241},""time"":1729913846141},{""box"":{""left"":1808,""right"":2866,""top"":2011,""bottom"":4241},""time"":1729913846352},{""box"":{""left"":1808,""right"":2866,""top"":2011,""bottom"":4241},""time"":1729913846483},{""box"":{""left"":1808,""right"":2866,""top"":2011,""bottom"":4241},""time"":1729913846788},{""box"":{""left"":1808,""right"":2866,""top"":2011,""bottom"":4241},""time"":1729913846900},{""box"":{""left"":1808,""right"":2866,""top"":2011,""bottom"":4241},""time"":1729913847074},{""box"":{""left"":1808,""right"":2866,""top"":2011,""bottom"":4241},""time"":1729913847153},{""box"":{""left"":1808,""right"":2866,""top"":2011,""bottom"":4241},""time"":1729913847269},{""box"":{""left"":1808,""right"":2866,""top"":2011,""bottom"":4241},""time"":1729913847389},{""box"":{""left"":1808,""right"":2866,""top"":2011,""bottom"":4241},""time"":1729913847498},{""box"":{""left"":1808,""right"":2866,""top"":2011,""bottom"":4241},""time"":1729913847608},{""box"":{""left"":1808,""right"":2866,""top"":2011,""bottom"":4241},""time"":1729913847698},{""box"":{""left"":1808,""right"":2866,""top"":2011,""bottom"":4241},""time"":1729913847808},{""box"":{""left"":1808,""right"":2866,""top"":2011,""bottom"":4241},""time"":1729913847966},{""box"":{""left"":1808,""right"":2866,""top"":2011,""bottom"":4241},""time"":1729913848082},{""box"":{""left"":1808,""right"":2866,""top"":2011,""bottom"":4241},""time"":1729913848166},{""box"":{""left"":1808,""right"":2866,""top"":2011,""bottom"":4241},""time"":1729913848344},{""box"":{""left"":1808,""right"":2866,""top"":2011,""bottom"":4241},""time"":1729913848442},{""box"":{""left"":1808,""right"":2866,""top"":2011,""bottom"":4241},""time"":1729913848524},{""box"":{""left"":1808,""right"":2866,""top"":2011,""bottom"":4241},""time"":1729913848650},{""box"":{""left"":1808,""right"":2866,""top"":2011,""bottom"":4241},""time"":1729913848760},{""box"":{""left"":1808,""right"":2866,""top"":2011,""bottom"":4241},""time"":1729913848917},{""box"":{""left"":1808,""right"":2866,""top"":2011,""bottom"":4241},""time"":1729913849005},{""box"":{""left"":1808,""right"":2866,""top"":2011,""bottom"":4241},""time"":1729913849121},{""box"":{""left"":1808,""right"":2866,""top"":2011,""bottom"":4241},""time"":1729913849228},{""box"":{""left"":1808,""right"":2866,""top"":2011,""bottom"":4241},""time"":1729913849416},{""box"":{""left"":1808,""right"":2866,""top"":2011,""bottom"":4241},""time"":1729913849560},{""box"":{""left"":1808,""right"":2866,""top"":2011,""bottom"":4241},""time"":1729913849594},{""box"":{""left"":1808,""right"":2866,""top"":2011,""bottom"":4241},""time"":1729913849649},{""box"":{""left"":1808,""right"":2866,""top"":2011,""bottom"":4241},""time"":1729913849682},{""box"":{""left"":1808,""right"":2866,""top"":2011,""bottom"":4241},""time"":1729913849738},{""box"":{""left"":1808,""right"":2866,""top"":2011,""bottom"":4241},""time"":1729913849770},{""box"":{""left"":1808,""right"":2866,""top"":2011,""bottom"":4241},""time"":1729913849826},{""box"":{""left"":1808,""right"":2866,""top"":2011,""bottom"":4241},""time"":1729913849859},{""box"":{""left"":1808,""right"":2866,""top"":2011,""bottom"":4241},""time"":1729913849915},{""box"":{""left"":1808,""right"":2866,""top"":2011,""bottom"":4241},""time"":1729913849948},{""box"":{""left"":1808,""right"":2866,""top"":2011,""bottom"":4241},""time"":1729913850026},{""box"":{""left"":1808,""right"":2866,""top"":2011,""bottom"":4241},""time"":1729913850059},{""box"":{""left"":1808,""right"":2866,""top"":2011,""bottom"":4241},""time"":1729913850115},{""box"":{""left"":1808,""right"":2866,""top"":2011,""bottom"":4241},""time"":1729913850148},{""box"":{""left"":1808,""right"":2866,""top"":2011,""bottom"":4241},""time"":1729913850204},{""box"":{""left"":1808,""right"":2866,""top"":2011,""bottom"":4241},""time"":1729913850237},{""box"":{""left"":1808,""right"":2866,""top"":2011,""bottom"":4241},""time"":1729913850292},{""box"":{""left"":1808,""right"":2866,""top"":2011,""bottom"":4241},""time"":1729913850327},{""box"":{""left"":1808,""right"":2866,""top"":2011,""bottom"":4241},""time"":1729913850398},{""box"":{""left"":1808,""right"":2866,""top"":2011,""bottom"":4241},""time"":1729913850431},{""box"":{""left"":1808,""right"":2866,""top"":2011,""bottom"":4241},""time"":1729913850489},{""box"":{""left"":1808,""right"":2866,""top"":2011,""bottom"":4241},""time"":1729913850523},{""box"":{""left"":1808,""right"":2866,""top"":2011,""bottom"":4241},""time"":1729913850583},{""box"":{""left"":1808,""right"":2866,""top"":2011,""bottom"":4241},""time"":1729913850617},{""box"":{""left"":1808,""right"":2866,""top"":2011,""bottom"":4241},""time"":1729913850678},{""box"":{""left"":1808,""right"":2866,""top"":2011,""bottom"":4241},""time"":1729913850712},{""box"":{""left"":1808,""right"":2866,""top"":2011,""bottom"":4241},""time"":1729913850772},{""box"":{""left"":1808,""right"":2866,""top"":2011,""bottom"":4241},""time"":1729913850807},{""box"":{""left"":1808,""right"":2866,""top"":2011,""bottom"":4241},""time"":1729913850872},{""box"":{""left"":1808,""right"":2866,""top"":2011,""bottom"":4241},""time"":1729913850905},{""box"":{""left"":1808,""right"":2866,""top"":2011,""bottom"":4241},""time"":1729913850963},{""box"":{""left"":1808,""right"":2866,""top"":2011,""bottom"":4241},""time"":1729913850996},{""box"":{""left"":1808,""right"":2866,""top"":2011,""bottom"":4241},""time"":1729913851054},{""box"":{""left"":1808,""right"":2866,""top"":2011,""bottom"":4241},""time"":1729913851088},{""box"":{""left"":1808,""right"":2866,""top"":2011,""bottom"":4241},""time"":1729913851146},{""box"":{""left"":1808,""right"":2866,""top"":2011,""bottom"":4241},""time"":1729913851179},{""box"":{""left"":1808,""right"":2866,""top"":2011,""bottom"":4241},""time"":1729913851235},{""box"":{""left"":1808,""right"":2866,""top"":2011,""bottom"":4241},""time"":1729913851268},{""box"":{""left"":1808,""right"":2866,""top"":2011,""bottom"":4241},""time"":1729913851326},{""box"":{""left"":1808,""right"":2866,""top"":2011,""bottom"":4241},""time"":1729913851359},{""box"":{""left"":1808,""right"":2866,""top"":2011,""bottom"":4241},""time"":1729913851440},{""box"":{""left"":1808,""right"":2866,""top"":2011,""bottom"":4241},""time"":1729913851510},{""box"":{""left"":1808,""right"":2866,""top"":2011,""bottom"":4241},""time"":1729913851545},{""box"":{""left"":1808,""right"":2866,""top"":2011,""bottom"":4241},""time"":1729913851601},{""box"":{""left"":1808,""right"":2866,""top"":2011,""bottom"":4241},""time"":1729913851636},{""box"":{""left"":1808,""right"":2866,""top"":2011,""bottom"":4241},""time"":1729913851690},{""box"":{""left"":1808,""right"":2866,""top"":2011,""bottom"":4241},""time"":1729913851723},{""box"":{""left"":1808,""right"":2866,""top"":2011,""bottom"":4241},""time"":1729913851782},{""box"":{""left"":1808,""right"":2866,""top"":2011,""bottom"":4241},""time"":1729913851815},{""box"":{""left"":1808,""right"":2866,""top"":2011,""bottom"":4241},""time"":1729913851877},{""box"":{""left"":1808,""right"":2866,""top"":2011,""bottom"":4241},""time"":1729913851910},{""box"":{""left"":1808,""right"":2866,""top"":2011,""bottom"":4241},""time"":1729913851972},{""box"":{""left"":1808,""right"":2866,""top"":2011,""bottom"":4241},""time"":1729913852005},{""box"":{""left"":1808,""right"":2866,""top"":2011,""bottom"":4241},""time"":1729913852067},{""box"":{""left"":1808,""right"":2866,""top"":2011,""bottom"":4241},""time"":1729913852100},{""box"":{""left"":1808,""right"":2866,""top"":2011,""bottom"":4241},""time"":1729913852230},{""box"":{""left"":1808,""right"":2866,""top"":2011,""bottom"":4241},""time"":1729913852263},{""box"":{""left"":1808,""right"":2866,""top"":2011,""bottom"":4241},""time"":1729913852325},{""box"":{""left"":1808,""right"":2866,""top"":2011,""bottom"":4241},""time"":1729913852360},{""box"":{""left"":1808,""right"":2866,""top"":2011,""bottom"":4241},""time"":1729913852419},{""box"":{""left"":1808,""right"":2866,""top"":2011,""bottom"":4241},""time"":1729913852452},{""box"":{""left"":1808,""right"":2866,""top"":2011,""bottom"":4241},""time"":1729913852531},{""box"":{""left"":1808,""right"":2866,""top"":2011,""bottom"":4241},""time"":1729913852690},{""box"":{""left"":1808,""right"":2866,""top"":2011,""bottom"":4241},""time"":1729913852725},{""box"":{""left"":1808,""right"":2866,""top"":2011,""bottom"":4241},""time"":1729913852890},{""box"":{""left"":1808,""right"":2866,""top"":2011,""bottom"":4241},""time"":1729913852923},{""box"":{""left"":1808,""right"":2866,""top"":2011,""bottom"":4241},""time"":1729913852979},{""box"":{""left"":1808,""right"":2866,""top"":2011,""bottom"":4241},""time"":1729913853012},{""box"":{""left"":1808,""right"":2866,""top"":2011,""bottom"":4241},""time"":1729913853072},{""box"":{""left"":1808,""right"":2866,""top"":2011,""bottom"":4241},""time"":1729913853148},{""box"":{""left"":1808,""right"":2866,""top"":2011,""bottom"":4241},""time"":1729913853183},{""box"":{""left"":1808,""right"":2866,""top"":2011,""bottom"":4241},""time"":1729913853218},{""box"":{""left"":1808,""right"":2866,""top"":2011,""bottom"":4241},""time"":1729913853251},{""box"":{""left"":1808,""right"":2866,""top"":2011,""bottom"":4241},""time"":1729913853287},{""box"":{""left"":1808,""right"":2866,""top"":2011,""bottom"":4241},""time"":1729913853320},{""box"":{""left"":1808,""right"":2866,""top"":2011,""bottom"":4241},""time"":1729913853357},{""box"":{""left"":1808,""right"":2866,""top"":2011,""bottom"":4241},""time"":1729913853390},{""box"":{""left"":1808,""right"":2866,""top"":2011,""bottom"":4241},""time"":1729913853485},{""box"":{""left"":1808,""right"":2866,""top"":2011,""bottom"":4241},""time"":1729913853518},{""box"":{""left"":1808,""right"":2866,""top"":2011,""bottom"":4241},""time"":1729913853585},{""box"":{""left"":1808,""right"":2866,""top"":2011,""bottom"":4241},""time"":1729913853679},{""box"":{""left"":1808,""right"":2866,""top"":2011,""bottom"":4241},""time"":1729913853770},{""box"":{""left"":1808,""right"":2866,""top"":2011,""bottom"":4241},""time"":1729913853859},{""box"":{""left"":1808,""right"":2866,""top"":2011,""bottom"":4241},""time"":1729913853963},{""box"":{""left"":1808,""right"":2866,""top"":2011,""bottom"":4241},""time"":1729913854058},{""box"":{""left"":1808,""right"":2866,""top"":2011,""bottom"":4241},""time"":1729913854127},{""box"":{""left"":1808,""right"":2866,""top"":2011,""bottom"":4241},""time"":1729913854162},{""box"":{""left"":1808,""right"":2866,""top"":2011,""bottom"":4241},""time"":1729913854227},{""box"":{""left"":1808,""right"":2866,""top"":2011,""bottom"":4241},""time"":1729913854260},{""box"":{""left"":1808,""right"":2866,""top"":2011,""bottom"":4241},""time"":1729913854500},{""box"":{""left"":1808,""right"":2866,""top"":2011,""bottom"":4241},""time"":1729913854611},{""box"":{""left"":1808,""right"":2866,""top"":2011,""bottom"":4241},""time"":1729913854693},{""box"":{""left"":1808,""right"":2866,""top"":2011,""bottom"":4241},""time"":1729913854739},{""box"":{""left"":1808,""right"":2866,""top"":2011,""bottom"":4241},""time"":1729913854852},{""box"":{""left"":1808,""right"":2866,""top"":2011,""bottom"":4241},""time"":1729913854940},{""box"":{""left"":1808,""right"":2866,""top"":2011,""bottom"":4241},""time"":1729913854974},{""box"":{""left"":1808,""right"":2866,""top"":2011,""bottom"":4241},""time"":1729913855025},{""box"":{""left"":1808,""right"":2866,""top"":2011,""bottom"":4241},""time"":1729913855060},{""box"":{""left"":1808,""right"":2866,""top"":2011,""bottom"":4241},""time"":1729913855112},{""box"":{""left"":1808,""right"":2866,""top"":2011,""bottom"":4241},""time"":1729913855146},{""box"":{""left"":1808,""right"":2866,""top"":2011,""bottom"":4241},""time"":1729913855199},{""box"":{""left"":1808,""right"":2866,""top"":2011,""bottom"":4241},""time"":1729913855232},{""box"":{""left"":1808,""right"":2866,""top"":2011,""bottom"":4241},""time"":1729913855321},{""box"":{""left"":1808,""right"":2866,""top"":2011,""bottom"":4241},""time"":1729913855409},{""box"":{""left"":1808,""right"":2866,""top"":2011,""bottom"":4241},""time"":1729913855443},{""box"":{""left"":1808,""right"":2866,""top"":2011,""bottom"":4241},""time"":1729913855501},{""box"":{""left"":1808,""right"":2866,""top"":2011,""bottom"":4241},""time"":1729913855545},{""box"":{""left"":1808,""right"":2866,""top"":2011,""bottom"":4241},""time"":1729913855658},{""box"":{""left"":1808,""right"":2866,""top"":2011,""bottom"":4241},""time"":1729913855758},{""box"":{""left"":1808,""right"":2866,""top"":2011,""bottom"":4241},""time"":1729913855804},{""box"":{""left"":1808,""right"":2866,""top"":2011,""bottom"":4241},""time"":1729913855865},{""box"":{""left"":1808,""right"":2866,""top"":2011,""bottom"":4241},""time"":1729913855901},{""box"":{""left"":1808,""right"":2866,""top"":2011,""bottom"":4241},""time"":1729913855949},{""box"":{""left"":1808,""right"":2866,""top"":2011,""bottom"":4241},""time"":1729913856127},{""box"":{""left"":1808,""right"":2866,""top"":2011,""bottom"":4241},""time"":1729913856166},{""box"":{""left"":1808,""right"":2866,""top"":2011,""bottom"":4241},""time"":1729913856287},{""box"":{""left"":1808,""right"":2866,""top"":2011,""bottom"":4241},""time"":1729913856362},{""box"":{""left"":1808,""right"":2866,""top"":2011,""bottom"":4241},""time"":1729913856412},{""box"":{""left"":1808,""right"":2866,""top"":2011,""bottom"":4241},""time"":1729913856498},{""box"":{""left"":1808,""right"":2866,""top"":2011,""bottom"":4241},""time"":1729913856544},{""box"":{""left"":1808,""right"":2866,""top"":2011,""bottom"":4241},""time"":1729913856665},{""box"":{""left"":1808,""right"":2866,""top"":2011,""bottom"":4241},""time"":1729913856774},{""box"":{""left"":1808,""right"":2866,""top"":2011,""bottom"":4241},""time"":1729913856836},{""box"":{""left"":1808,""right"":2866,""top"":2011,""bottom"":4241},""time"":1729913856917},{""box"":{""left"":1808,""right"":2866,""top"":2011,""bottom"":4241},""time"":1729913856999},{""box"":{""left"":1808,""right"":2866,""top"":2011,""bottom"":4241},""time"":1729913857132},{""box"":{""left"":1808,""right"":2866,""top"":2011,""bottom"":4241},""time"":1729913857197},{""box"":{""left"":1808,""right"":2866,""top"":2011,""bottom"":4241},""time"":1729913857241},{""box"":{""left"":1808,""right"":2866,""top"":2011,""bottom"":4241},""time"":1729913857334},{""box"":{""left"":1808,""right"":2866,""top"":2011,""bottom"":4241},""time"":1729913857441},{""box"":{""left"":1808,""right"":2866,""top"":2011,""bottom"":4241},""time"":1729913857553},{""box"":{""left"":1808,""right"":2866,""top"":2011,""bottom"":4241},""time"":1729913857616},{""box"":{""left"":1808,""right"":2866,""top"":2011,""bottom"":4241},""time"":1729913857690},{""box"":{""left"":1808,""right"":2866,""top"":2011,""bottom"":4241},""time"":1729913857725},{""box"":{""left"":1808,""right"":2866,""top"":2011,""bottom"":4241},""time"":1729913857781},{""box"":{""left"":1808,""right"":2866,""top"":2011,""bottom"":4241},""time"":1729913857871},{""box"":{""left"":1808,""right"":2866,""top"":2011,""bottom"":4241},""time"":1729913857960},{""box"":{""left"":1808,""right"":2866,""top"":2011,""bottom"":4241},""time"":1729913858128},{""box"":{""left"":1808,""right"":2866,""top"":2011,""bottom"":4241},""time"":1729913858192},{""box"":{""left"":1808,""right"":2866,""top"":2011,""bottom"":4241},""time"":1729913858273},{""box"":{""left"":1808,""right"":2866,""top"":2011,""bottom"":4241},""time"":1729913858366},{""box"":{""left"":1808,""right"":2866,""top"":2011,""bottom"":4241},""time"":1729913858475},{""box"":{""left"":1808,""right"":2866,""top"":2011,""bottom"":4241},""time"":1729913858608},{""box"":{""left"":1808,""right"":2866,""top"":2011,""bottom"":4241},""time"":1729913858729},{""box"":{""left"":1808,""right"":2866,""top"":2011,""bottom"":4241},""time"":1729913858842},{""box"":{""left"":1808,""right"":2866,""top"":2011,""bottom"":4241},""time"":1729913858962},{""box"":{""left"":1808,""right"":2866,""top"":2011,""bottom"":4241},""time"":1729913859199},{""box"":{""left"":1808,""right"":2866,""top"":2011,""bottom"":4241},""time"":1729913859371},{""box"":{""left"":1808,""right"":2866,""top"":2011,""bottom"":4241},""time"":1729913859479},{""box"":{""left"":1808,""right"":2866,""top"":2011,""bottom"":4241},""time"":1729913859678},{""box"":{""left"":1808,""right"":2866,""top"":2011,""bottom"":4241},""time"":1729913859879},{""box"":{""left"":1808,""right"":2866,""top"":2011,""bottom"":4241},""time"":1729913860016},{""box"":{""left"":1808,""right"":2866,""top"":2011,""bottom"":4241},""time"":1729913860133},{""box"":{""left"":1808,""right"":2866,""top"":2011,""bottom"":4241},""time"":1729913860224},{""box"":{""left"":1808,""right"":2866,""top"":2011,""bottom"":4241},""time"":1729913860321},{""box"":{""left"":1808,""right"":2866,""top"":2011,""bottom"":4241},""time"":1729913860418},{""box"":{""left"":1808,""right"":2866,""top"":2011,""bottom"":4241},""time"":1729913860496},{""box"":{""left"":1808,""right"":2866,""top"":2011,""bottom"":4241},""time"":1729913860575},{""box"":{""left"":1808,""right"":2866,""top"":2011,""bottom"":4241},""time"":1729913860652},{""box"":{""left"":1808,""right"":2866,""top"":2011,""bottom"":4241},""time"":1729913860805},{""box"":{""left"":1808,""right"":2866,""top"":2011,""bottom"":4241},""time"":1729913860975},{""box"":{""left"":1808,""right"":2866,""top"":2011,""bottom"":4241},""time"":1729913861071},{""box"":{""left"":1808,""right"":2866,""top"":2011,""bottom"":4241},""time"":1729913861240},{""box"":{""left"":1808,""right"":2866,""top"":2011,""bottom"":4241},""time"":1729913861337},{""box"":{""left"":1808,""right"":2866,""top"":2011,""bottom"":4241},""time"":1729913861434},{""box"":{""left"":1808,""right"":2866,""top"":2011,""bottom"":4241},""time"":1729913861532},{""box"":{""left"":1808,""right"":2866,""top"":2011,""bottom"":4241},""time"":1729913861619},{""box"":{""left"":1808,""right"":2866,""top"":2011,""bottom"":4241},""time"":1729913861710},{""box"":{""left"":1808,""right"":2866,""top"":2011,""bottom"":4241},""time"":1729913861771},{""box"":{""left"":1808,""right"":2866,""top"":2011,""bottom"":4241},""time"":1729913861880},{""box"":{""left"":1808,""right"":2866,""top"":2011,""bottom"":4241},""time"":1729913861990},{""box"":{""left"":1808,""right"":2866,""top"":2011,""bottom"":4241},""time"":1729913862100},{""box"":{""left"":1808,""right"":2866,""top"":2011,""bottom"":4241},""time"":1729913862203},{""box"":{""left"":1808,""right"":2866,""top"":2011,""bottom"":4241},""time"":1729913862404},{""box"":{""left"":1808,""right"":2866,""top"":2011,""bottom"":4241},""time"":1729913862513},{""box"":{""left"":1808,""right"":2866,""top"":2011,""bottom"":4241},""time"":1729913862630},{""box"":{""left"":1808,""right"":2866,""top"":2011,""bottom"":4241},""time"":1729913862736},{""box"":{""left"":1808,""right"":2866,""top"":2011,""bottom"":4241},""time"":1729913862847},{""box"":{""left"":1808,""right"":2866,""top"":2011,""bottom"":4241},""time"":1729913862964},{""box"":{""left"":1808,""right"":2866,""top"":2011,""bottom"":4241},""time"":1729913863081},{""box"":{""left"":1808,""right"":2866,""top"":2011,""bottom"":4241},""time"":1729913863198},{""box"":{""left"":1808,""right"":2866,""top"":2011,""bottom"":4241},""time"":1729913863325},{""box"":{""left"":1808,""right"":2866,""top"":2011,""bottom"":4241},""time"":1729913863422},{""box"":{""left"":1808,""right"":2866,""top"":2011,""bottom"":4241},""time"":1729913863539},{""box"":{""left"":1808,""right"":2866,""top"":2011,""bottom"":4241},""time"":1729913863764},{""box"":{""left"":1808,""right"":2866,""top"":2011,""bottom"":4241},""time"":1729913863869},{""box"":{""left"":1808,""right"":2866,""top"":2011,""bottom"":4241},""time"":1729913864009},{""box"":{""left"":1808,""right"":2866,""top"":2011,""bottom"":4241},""time"":1729913864112},{""box"":{""left"":1808,""right"":2866,""top"":2011,""bottom"":4241},""time"":1729913864215},{""box"":{""left"":1808,""right"":2866,""top"":2011,""bottom"":4241},""time"":1729913864325},{""box"":{""left"":1808,""right"":2866,""top"":2011,""bottom"":4241},""time"":1729913864416}",,,,,
57100,Person,2024-10-26 12:37:17,2024-10-26 12:37:28,"{""left"":9260,""right"":6164,""top"":9985,""bottom"":9643},{""box"":{""left"":9260,""right"":6164,""top"":9985,""bottom"":9643},""time"":1729913838072},{""box"":{""left"":9260,""right"":6164,""top"":9985,""bottom"":9643},""time"":1729913838320},{""box"":{""left"":9260,""right"":6164,""top"":9985,""bottom"":9643},""time"":1729913838808},{""box"":{""left"":9260,""right"":6164,""top"":9985,""bottom"":9643},""time"":1729913839031},{""box"":{""left"":9260,""right"":6164,""top"":9985,""bottom"":9643},""time"":1729913839440},{""box"":{""left"":9260,""right"":6164,""top"":9985,""bottom"":9643},""time"":1729913839555},{""box"":{""left"":9260,""right"":6164,""top"":9985,""bottom"":9643},""time"":1729913839887},{""box"":{""left"":9260,""right"":6164,""top"":9985,""bottom"":9643},""time"":1729913840024},{""box"":{""left"":9260,""right"":6164,""top"":9985,""bottom"":9643},""time"":1729913840580},{""box"":{""left"":9260,""right"":6164,""top"":9985,""bottom"":9643},""time"":1729913840827},{""box"":{""left"":9260,""right"":6164,""top"":9985,""bottom"":9643},""time"":1729913842407},{""box"":{""left"":9260,""right"":6164,""top"":9985,""bottom"":9643},""time"":1729913842724},{""box"":{""left"":9260,""right"":6164,""top"":9985,""bottom"":9643},""time"":1729913842833},{""box"":{""left"":9260,""right"":6164,""top"":9985,""bottom"":9643},""time"":1729913843005},{""box"":{""left"":9260,""right"":6164,""top"":9985,""bottom"":9643},""time"":1729913843154},{""box"":{""left"":9260,""right"":6164,""top"":9985,""bottom"":9643},""time"":1729913843357},{""box"":{""left"":9260,""right"":6164,""top"":9985,""bottom"":9643},""time"":1729913843988},{""box"":{""left"":9260,""right"":6164,""top"":9985,""bottom"":9643},""time"":1729913844118},{""box"":{""left"":9260,""right"":6164,""top"":9985,""bottom"":9643},""time"":1729913844807},{""box"":{""left"":9260,""right"":6164,""top"":9985,""bottom"":9643},""time"":1729913845110},{""box"":{""left"":9260,""right"":6164,""top"":9985,""bottom"":9643},""time"":1729913845320},{""box"":{""left"":9260,""right"":6164,""top"":9985,""bottom"":9643},""time"":1729913845461},{""box"":{""left"":9260,""right"":6164,""top"":9985,""bottom"":9643},""time"":1729913846151},{""box"":{""left"":9260,""right"":6164,""top"":9985,""bottom"":9643},""time"":1729913846362},{""box"":{""left"":9260,""right"":6164,""top"":9985,""bottom"":9643},""time"":1729913846494},{""box"":{""left"":9260,""right"":6164,""top"":9985,""bottom"":9643},""time"":1729913846798},{""box"":{""left"":9260,""right"":6164,""top"":9985,""bottom"":9643},""time"":1729913846911},{""box"":{""left"":9260,""right"":6164,""top"":9985,""bottom"":9643},""time"":1729913847165},{""box"":{""left"":9260,""right"":6164,""top"":9985,""bottom"":9643},""time"":1729913847280},{""box"":{""left"":9260,""right"":6164,""top"":9985,""bottom"":9643},""time"":1729913848179}",,,,,
57101,Person,2024-10-26 12:37:19,2024-10-26 12:37:59,"{""left"":1975,""right"":2479,""top"":2218,""bottom"":3759},{""box"":{""left"":1975,""right"":2479,""top"":2218,""bottom"":3759},""time"":1729913840591},{""box"":{""left"":1975,""right"":2479,""top"":2218,""bottom"":3759},""time"":1729913842417},{""box"":{""left"":1975,""right"":2479,""top"":2218,""bottom"":3759},""time"":1729913842734},{""box"":{""left"":1975,""right"":2479,""top"":2218,""bottom"":3759},""time"":1729913842843},{""box"":{""left"":1975,""right"":2479,""top"":2218,""bottom"":3759},""time"":1729913843015},{""box"":{""left"":1975,""right"":2479,""top"":2218,""bottom"":3759},""time"":1729913843164},{""box"":{""left"":1975,""right"":2479,""top"":2218,""bottom"":3759},""time"":1729913843368},{""box"":{""left"":1975,""right"":2479,""top"":2218,""bottom"":3759},""time"":1729913843998},{""box"":{""left"":1975,""right"":2479,""top"":2218,""bottom"":3759},""time"":1729913844128},{""box"":{""left"":1975,""right"":2479,""top"":2218,""bottom"":3759},""time"":1729913844817},{""box"":{""left"":1975,""right"":2479,""top"":2218,""bottom"":3759},""time"":1729913845121},{""box"":{""left"":1975,""right"":2479,""top"":2218,""bottom"":3759},""time"":1729913845331},{""box"":{""left"":1975,""right"":2479,""top"":2218,""bottom"":3759},""time"":1729913845472},{""box"":{""left"":1975,""right"":2479,""top"":2218,""bottom"":3759},""time"":1729913846162},{""box"":{""left"":1975,""right"":2479,""top"":2218,""bottom"":3759},""time"":1729913846373},{""box"":{""left"":1975,""right"":2479,""top"":2218,""bottom"":3759},""time"":1729913846504},{""box"":{""left"":1975,""right"":2479,""top"":2218,""bottom"":3759},""time"":1729913846808},{""box"":{""left"":1975,""right"":2479,""top"":2218,""bottom"":3759},""time"":1729913846921},{""box"":{""left"":1975,""right"":2479,""top"":2218,""bottom"":3759},""time"":1729913847175},{""box"":{""left"":1975,""right"":2479,""top"":2218,""bottom"":3759},""time"":1729913847290},{""box"":{""left"":1975,""right"":2479,""top"":2218,""bottom"":3759},""time"":1729913847400},{""box"":{""left"":1975,""right"":2479,""top"":2218,""bottom"":3759},""time"":1729913847509},{""box"":{""left"":1975,""right"":2479,""top"":2218,""bottom"":3759},""time"":1729913847618},{""box"":{""left"":1975,""right"":2479,""top"":2218,""bottom"":3759},""time"":1729913847709},{""box"":{""left"":1975,""right"":2479,""top"":2218,""bottom"":3759},""time"":1729913847818},{""box"":{""left"":1975,""right"":2479,""top"":2218,""bottom"":3759},""time"":1729913847978},{""box"":{""left"":1975,""right"":2479,""top"":2218,""bottom"":3759},""time"":1729913848189},{""box"":{""left"":1975,""right"":2479,""top"":2218,""bottom"":3759},""time"":1729913848354},{""box"":{""left"":1975,""right"":2479,""top"":2218,""bottom"":3759},""time"":1729913848452},{""box"":{""left"":1975,""right"":2479,""top"":2218,""bottom"":3759},""time"":1729913848535},{""box"":{""left"":1975,""right"":2479,""top"":2218,""bottom"":3759},""time"":1729913848661},{""box"":{""left"":1975,""right"":2479,""top"":2218,""bottom"":3759},""time"":1729913848770},{""box"":{""left"":1975,""right"":2479,""top"":2218,""bottom"":3759},""time"":1729913848928},{""box"":{""left"":1975,""right"":2479,""top"":2218,""bottom"":3759},""time"":1729913849016},{""box"":{""left"":1975,""right"":2479,""top"":2218,""bottom"":3759},""time"":1729913849131},{""box"":{""left"":1975,""right"":2479,""top"":2218,""bottom"":3759},""time"":1729913849238},{""box"":{""left"":1975,""right"":2479,""top"":2218,""bottom"":3759},""time"":1729913849309},{""box"":{""left"":1975,""right"":2479,""top"":2218,""bottom"":3759},""time"":1729913849428},{""box"":{""left"":1975,""right"":2479,""top"":2218,""bottom"":3759},""time"":1729913849605},{""box"":{""left"":1975,""right"":2479,""top"":2218,""bottom"":3759},""time"":1729913849694},{""box"":{""left"":1975,""right"":2479,""top"":2218,""bottom"":3759},""time"":1729913849781},{""box"":{""left"":1975,""right"":2479,""top"":2218,""bottom"":3759},""time"":1729913849870},{""box"":{""left"":1975,""right"":2479,""top"":2218,""bottom"":3759},""time"":1729913849958},{""box"":{""left"":1975,""right"":2479,""top"":2218,""bottom"":3759},""time"":1729913850069},{""box"":{""left"":1975,""right"":2479,""top"":2218,""bottom"":3759},""time"":1729913850158},{""box"":{""left"":1975,""right"":2479,""top"":2218,""bottom"":3759},""time"":1729913850247},{""box"":{""left"":1975,""right"":2479,""top"":2218,""bottom"":3759},""time"":1729913850338},{""box"":{""left"":1975,""right"":2479,""top"":2218,""bottom"":3759},""time"":1729913850442},{""box"":{""left"":1975,""right"":2479,""top"":2218,""bottom"":3759},""time"":1729913850533},{""box"":{""left"":1975,""right"":2479,""top"":2218,""bottom"":3759},""time"":1729913850628},{""box"":{""left"":1975,""right"":2479,""top"":2218,""bottom"":3759},""time"":1729913850723},{""box"":{""left"":1975,""right"":2479,""top"":2218,""bottom"":3759},""time"":1729913850818},{""box"":{""left"":1975,""right"":2479,""top"":2218,""bottom"":3759},""time"":1729913850917},{""box"":{""left"":1975,""right"":2479,""top"":2218,""bottom"":3759},""time"":1729913851007},{""box"":{""left"":1975,""right"":2479,""top"":2218,""bottom"":3759},""time"":1729913851098},{""box"":{""left"":1975,""right"":2479,""top"":2218,""bottom"":3759},""time"":1729913851190},{""box"":{""left"":1975,""right"":2479,""top"":2218,""bottom"":3759},""time"":1729913851279},{""box"":{""left"":1975,""right"":2479,""top"":2218,""bottom"":3759},""time"":1729913851370},{""box"":{""left"":1975,""right"":2479,""top"":2218,""bottom"":3759},""time"":1729913851474},{""box"":{""left"":1975,""right"":2479,""top"":2218,""bottom"":3759},""time"":1729913851555},{""box"":{""left"":1975,""right"":2479,""top"":2218,""bottom"":3759},""time"":1729913851646},{""box"":{""left"":1975,""right"":2479,""top"":2218,""bottom"":3759},""time"":1729913851735},{""box"":{""left"":1975,""right"":2479,""top"":2218,""bottom"":3759},""time"":1729913851825},{""box"":{""left"":1975,""right"":2479,""top"":2218,""bottom"":3759},""time"":1729913851920},{""box"":{""left"":1975,""right"":2479,""top"":2218,""bottom"":3759},""time"":1729913852015},{""box"":{""left"":1975,""right"":2479,""top"":2218,""bottom"":3759},""time"":1729913852111},{""box"":{""left"":1975,""right"":2479,""top"":2218,""bottom"":3759},""time"":1729913852274},{""box"":{""left"":1975,""right"":2479,""top"":2218,""bottom"":3759},""time"":1729913852371},{""box"":{""left"":1975,""right"":2479,""top"":2218,""bottom"":3759},""time"":1729913852463},{""box"":{""left"":1975,""right"":2479,""top"":2218,""bottom"":3759},""time"":1729913852542},{""box"":{""left"":1975,""right"":2479,""top"":2218,""bottom"":3759},""time"":1729913852736},{""box"":{""left"":1975,""right"":2479,""top"":2218,""bottom"":3759},""time"":1729913852933},{""box"":{""left"":1975,""right"":2479,""top"":2218,""bottom"":3759},""time"":1729913853084},{""box"":{""left"":1975,""right"":2479,""top"":2218,""bottom"":3759},""time"":1729913853563},{""box"":{""left"":1975,""right"":2479,""top"":2218,""bottom"":3759},""time"":1729913853596},{""box"":{""left"":1975,""right"":2479,""top"":2218,""bottom"":3759},""time"":1729913853653},{""box"":{""left"":1975,""right"":2479,""top"":2218,""bottom"":3759},""time"":1729913853690},{""box"":{""left"":1975,""right"":2479,""top"":2218,""bottom"":3759},""time"":1729913853746},{""box"":{""left"":1975,""right"":2479,""top"":2218,""bottom"":3759},""time"":1729913853781},{""box"":{""left"":1975,""right"":2479,""top"":2218,""bottom"":3759},""time"":1729913853835},{""box"":{""left"":1975,""right"":2479,""top"":2218,""bottom"":3759},""time"":1729913853872},{""box"":{""left"":1975,""right"":2479,""top"":2218,""bottom"":3759},""time"":1729913853941},{""box"":{""left"":1975,""right"":2479,""top"":2218,""bottom"":3759},""time"":1729913853975},{""box"":{""left"":1975,""right"":2479,""top"":2218,""bottom"":3759},""time"":1729913854036},{""box"":{""left"":1975,""right"":2479,""top"":2218,""bottom"":3759},""time"":1729913854069},{""box"":{""left"":1975,""right"":2479,""top"":2218,""bottom"":3759},""time"":1729913854173},{""box"":{""left"":1975,""right"":2479,""top"":2218,""bottom"":3759},""time"":1729913854271},{""box"":{""left"":1975,""right"":2479,""top"":2218,""bottom"":3759},""time"":1729913854329},{""box"":{""left"":1975,""right"":2479,""top"":2218,""bottom"":3759},""time"":1729913854621},{""box"":{""left"":1975,""right"":2479,""top"":2218,""bottom"":3759},""time"":1729913854704},{""box"":{""left"":1975,""right"":2479,""top"":2218,""bottom"":3759},""time"":1729913854750},{""box"":{""left"":1975,""right"":2479,""top"":2218,""bottom"":3759},""time"":1729913854863},{""box"":{""left"":1975,""right"":2479,""top"":2218,""bottom"":3759},""time"":1729913854984},{""box"":{""left"":1975,""right"":2479,""top"":2218,""bottom"":3759},""time"":1729913855071},{""box"":{""left"":1975,""right"":2479,""top"":2218,""bottom"":3759},""time"":1729913855158},{""box"":{""left"":1975,""right"":2479,""top"":2218,""bottom"":3759},""time"":1729913855243},{""box"":{""left"":1975,""right"":2479,""top"":2218,""bottom"":3759},""time"":1729913855286},{""box"":{""left"":1975,""right"":2479,""top"":2218,""bottom"":3759},""time"":1729913855332},{""box"":{""left"":1975,""right"":2479,""top"":2218,""bottom"":3759},""time"":1729913855453},{""box"":{""left"":1975,""right"":2479,""top"":2218,""bottom"":3759},""time"":1729913855512},{""box"":{""left"":1975,""right"":2479,""top"":2218,""bottom"":3759},""time"":1729913855556},{""box"":{""left"":1975,""right"":2479,""top"":2218,""bottom"":3759},""time"":1729913855669},{""box"":{""left"":1975,""right"":2479,""top"":2218,""bottom"":3759},""time"":1729913855769},{""box"":{""left"":1975,""right"":2479,""top"":2218,""bottom"":3759},""time"":1729913855814},{""box"":{""left"":1975,""right"":2479,""top"":2218,""bottom"":3759},""time"":1729913855960},{""box"":{""left"":1975,""right"":2479,""top"":2218,""bottom"":3759},""time"":1729913856138},{""box"":{""left"":1975,""right"":2479,""top"":2218,""bottom"":3759},""time"":1729913856177},{""box"":{""left"":1975,""right"":2479,""top"":2218,""bottom"":3759},""time"":1729913856340},{""box"":{""left"":1975,""right"":2479,""top"":2218,""bottom"":3759},""time"":1729913856373},{""box"":{""left"":1975,""right"":2479,""top"":2218,""bottom"":3759},""time"":1729913856554},{""box"":{""left"":1975,""right"":2479,""top"":2218,""bottom"":3759},""time"":1729913856632},{""box"":{""left"":1975,""right"":2479,""top"":2218,""bottom"":3759},""time"":1729913856676},{""box"":{""left"":1975,""right"":2479,""top"":2218,""bottom"":3759},""time"":1729913856785},{""box"":{""left"":1975,""right"":2479,""top"":2218,""bottom"":3759},""time"":1729913857098},{""box"":{""left"":1975,""right"":2479,""top"":2218,""bottom"":3759},""time"":1729913857142},{""box"":{""left"":1975,""right"":2479,""top"":2218,""bottom"":3759},""time"":1729913857252},{""box"":{""left"":1975,""right"":2479,""top"":2218,""bottom"":3759},""time"":1729913857452},{""box"":{""left"":1975,""right"":2479,""top"":2218,""bottom"":3759},""time"":1729913857564},{""box"":{""left"":1975,""right"":2479,""top"":2218,""bottom"":3759},""time"":1729913857748},{""box"":{""left"":1975,""right"":2479,""top"":2218,""bottom"":3759},""time"":1729913857792},{""box"":{""left"":1975,""right"":2479,""top"":2218,""bottom"":3759},""time"":1729913857838},{""box"":{""left"":1975,""right"":2479,""top"":2218,""bottom"":3759},""time"":1729913857882},{""box"":{""left"":1975,""right"":2479,""top"":2218,""bottom"":3759},""time"":1729913857927},{""box"":{""left"":1975,""right"":2479,""top"":2218,""bottom"":3759},""time"":1729913858095},{""box"":{""left"":1975,""right"":2479,""top"":2218,""bottom"":3759},""time"":1729913858157},{""box"":{""left"":1975,""right"":2479,""top"":2218,""bottom"":3759},""time"":1729913858227},{""box"":{""left"":1975,""right"":2479,""top"":2218,""bottom"":3759},""time"":1729913858320},{""box"":{""left"":1975,""right"":2479,""top"":2218,""bottom"":3759},""time"":1729913858377},{""box"":{""left"":1975,""right"":2479,""top"":2218,""bottom"":3759},""time"":1729913858486},{""box"":{""left"":1975,""right"":2479,""top"":2218,""bottom"":3759},""time"":1729913858564},{""box"":{""left"":1975,""right"":2479,""top"":2218,""bottom"":3759},""time"":1729913858619},{""box"":{""left"":1975,""right"":2479,""top"":2218,""bottom"":3759},""time"":1729913858685},{""box"":{""left"":1975,""right"":2479,""top"":2218,""bottom"":3759},""time"":1729913858741},{""box"":{""left"":1975,""right"":2479,""top"":2218,""bottom"":3759},""time"":1729913858807},{""box"":{""left"":1975,""right"":2479,""top"":2218,""bottom"":3759},""time"":1729913858973},{""box"":{""left"":1975,""right"":2479,""top"":2218,""bottom"":3759},""time"":1729913859031},{""box"":{""left"":1975,""right"":2479,""top"":2218,""bottom"":3759},""time"":1729913859075},{""box"":{""left"":1975,""right"":2479,""top"":2218,""bottom"":3759},""time"":1729913859154},{""box"":{""left"":1975,""right"":2479,""top"":2218,""bottom"":3759},""time"":1729913859209},{""box"":{""left"":1975,""right"":2479,""top"":2218,""bottom"":3759},""time"":1729913859275},{""box"":{""left"":1975,""right"":2479,""top"":2218,""bottom"":3759},""time"":1729913859382},{""box"":{""left"":1975,""right"":2479,""top"":2218,""bottom"":3759},""time"":1729913859442},{""box"":{""left"":1975,""right"":2479,""top"":2218,""bottom"":3759},""time"":1729913859490},{""box"":{""left"":1975,""right"":2479,""top"":2218,""bottom"":3759},""time"":1729913859632},{""box"":{""left"":1975,""right"":2479,""top"":2218,""bottom"":3759},""time"":1729913859689},{""box"":{""left"":1975,""right"":2479,""top"":2218,""bottom"":3759},""time"":1729913859890},{""box"":{""left"":1975,""right"":2479,""top"":2218,""bottom"":3759},""time"":1729913860027},{""box"":{""left"":1975,""right"":2479,""top"":2218,""bottom"":3759},""time"":1729913860145},{""box"":{""left"":1975,""right"":2479,""top"":2218,""bottom"":3759},""time"":1729913860235},{""box"":{""left"":1975,""right"":2479,""top"":2218,""bottom"":3759},""time"":1729913860332},{""box"":{""left"":1975,""right"":2479,""top"":2218,""bottom"":3759},""time"":1729913860385},{""box"":{""left"":1975,""right"":2479,""top"":2218,""bottom"":3759},""time"":1729913860462},{""box"":{""left"":1975,""right"":2479,""top"":2218,""bottom"":3759},""time"":1729913860540},{""box"":{""left"":1975,""right"":2479,""top"":2218,""bottom"":3759},""time"":1729913860619},{""box"":{""left"":1975,""right"":2479,""top"":2218,""bottom"":3759},""time"":1729913860816},{""box"":{""left"":1975,""right"":2479,""top"":2218,""bottom"":3759},""time"":1729913860953},{""box"":{""left"":1975,""right"":2479,""top"":2218,""bottom"":3759},""time"":1729913860986},{""box"":{""left"":1975,""right"":2479,""top"":2218,""bottom"":3759},""time"":1729913861082},{""box"":{""left"":1975,""right"":2479,""top"":2218,""bottom"":3759},""time"":1729913861215},{""box"":{""left"":1975,""right"":2479,""top"":2218,""bottom"":3759},""time"":1729913861250},{""box"":{""left"":1975,""right"":2479,""top"":2218,""bottom"":3759},""time"":1729913861314},{""box"":{""left"":1975,""right"":2479,""top"":2218,""bottom"":3759},""time"":1729913861348},{""box"":{""left"":1975,""right"":2479,""top"":2218,""bottom"":3759},""time"":1729913861411},{""box"":{""left"":1975,""right"":2479,""top"":2218,""bottom"":3759},""time"":1729913861446},{""box"":{""left"":1975,""right"":2479,""top"":2218,""bottom"":3759},""time"":1729913861508},{""box"":{""left"":1975,""right"":2479,""top"":2218,""bottom"":3759},""time"":1729913861543},{""box"":{""left"":1975,""right"":2479,""top"":2218,""bottom"":3759},""time"":1729913861596},{""box"":{""left"":1975,""right"":2479,""top"":2218,""bottom"":3759},""time"":1729913861630},{""box"":{""left"":1975,""right"":2479,""top"":2218,""bottom"":3759},""time"":1729913861782},{""box"":{""left"":1975,""right"":2479,""top"":2218,""bottom"":3759},""time"":1729913861892},{""box"":{""left"":1975,""right"":2479,""top"":2218,""bottom"":3759},""time"":1729913862001},{""box"":{""left"":1975,""right"":2479,""top"":2218,""bottom"":3759},""time"":1729913862111},{""box"":{""left"":1975,""right"":2479,""top"":2218,""bottom"":3759},""time"":1729913862214},{""box"":{""left"":1975,""right"":2479,""top"":2218,""bottom"":3759},""time"":1729913862357},{""box"":{""left"":1975,""right"":2479,""top"":2218,""bottom"":3759},""time"":1729913862415},{""box"":{""left"":1975,""right"":2479,""top"":2218,""bottom"":3759},""time"":1729913862525},{""box"":{""left"":1975,""right"":2479,""top"":2218,""bottom"":3759},""time"":1729913862642},{""box"":{""left"":1975,""right"":2479,""top"":2218,""bottom"":3759},""time"":1729913862748},{""box"":{""left"":1975,""right"":2479,""top"":2218,""bottom"":3759},""time"":1729913862858},{""box"":{""left"":1975,""right"":2479,""top"":2218,""bottom"":3759},""time"":1729913862975},{""box"":{""left"":1975,""right"":2479,""top"":2218,""bottom"":3759},""time"":1729913863058},{""box"":{""left"":1975,""right"":2479,""top"":2218,""bottom"":3759},""time"":1729913863093},{""box"":{""left"":1975,""right"":2479,""top"":2218,""bottom"":3759},""time"":1729913863171},{""box"":{""left"":1975,""right"":2479,""top"":2218,""bottom"":3759},""time"":1729913863209},{""box"":{""left"":1975,""right"":2479,""top"":2218,""bottom"":3759},""time"":1729913863290},{""box"":{""left"":1975,""right"":2479,""top"":2218,""bottom"":3759},""time"":1729913863336},{""box"":{""left"":1975,""right"":2479,""top"":2218,""bottom"":3759},""time"":1729913863399},{""box"":{""left"":1975,""right"":2479,""top"":2218,""bottom"":3759},""time"":1729913863433},{""box"":{""left"":1975,""right"":2479,""top"":2218,""bottom"":3759},""time"":1729913863512},{""box"":{""left"":1975,""right"":2479,""top"":2218,""bottom"":3759},""time"":1729913863550},{""box"":{""left"":1975,""right"":2479,""top"":2218,""bottom"":3759},""time"":1729913863642},{""box"":{""left"":1975,""right"":2479,""top"":2218,""bottom"":3759},""time"":1729913863776},{""box"":{""left"":1975,""right"":2479,""top"":2218,""bottom"":3759},""time"":1729913863843},{""box"":{""left"":1975,""right"":2479,""top"":2218,""bottom"":3759},""time"":1729913863880},{""box"":{""left"":1975,""right"":2479,""top"":2218,""bottom"":3759},""time"":1729913863963},{""box"":{""left"":1975,""right"":2479,""top"":2218,""bottom"":3759},""time"":1729913864020},{""box"":{""left"":1975,""right"":2479,""top"":2218,""bottom"":3759},""time"":1729913864089},{""box"":{""left"":1975,""right"":2479,""top"":2218,""bottom"":3759},""time"":1729913864124},{""box"":{""left"":1975,""right"":2479,""top"":2218,""bottom"":3759},""time"":1729913864169},{""box"":{""left"":1975,""right"":2479,""top"":2218,""bottom"":3759},""time"":1729913864227},{""box"":{""left"":1975,""right"":2479,""top"":2218,""bottom"":3759},""time"":1729913864302},{""box"":{""left"":1975,""right"":2479,""top"":2218,""bottom"":3759},""time"":1729913864336},{""box"":{""left"":1975,""right"":2479,""top"":2218,""bottom"":3759},""time"":1729913864382},{""box"":{""left"":1975,""right"":2479,""top"":2218,""bottom"":3759},""time"":1729913864427},{""box"":{""left"":1975,""right"":2479,""top"":2218,""bottom"":3759},""time"":1729913864503},{""box"":{""left"":1975,""right"":2479,""top"":2218,""bottom"":3759},""time"":1729913864514},{""box"":{""left"":1975,""right"":2479,""top"":2218,""bottom"":3759},""time"":1729913864579},{""box"":{""left"":1975,""right"":2479,""top"":2218,""bottom"":3759},""time"":1729913864625},{""box"":{""left"":1975,""right"":2479,""top"":2218,""bottom"":3759},""time"":1729913864679},{""box"":{""left"":1975,""right"":2479,""top"":2218,""bottom"":3759},""time"":1729913864725},{""box"":{""left"":1975,""right"":2479,""top"":2218,""bottom"":3759},""time"":1729913864775},{""box"":{""left"":1975,""right"":2479,""top"":2218,""bottom"":3759},""time"":1729913864837},{""box"":{""left"":1975,""right"":2479,""top"":2218,""bottom"":3759},""time"":1729913864852},{""box"":{""left"":1975,""right"":2479,""top"":2218,""bottom"":3759},""time"":1729913864927},{""box"":{""left"":1975,""right"":2479,""top"":2218,""bottom"":3759},""time"":1729913864950},{""box"":{""left"":1975,""right"":2479,""top"":2218,""bottom"":3759},""time"":1729913865041},{""box"":{""left"":1975,""right"":2479,""top"":2218,""bottom"":3759},""time"":1729913865064},{""box"":{""left"":1975,""right"":2479,""top"":2218,""bottom"":3759},""time"":1729913865103},{""box"":{""left"":1975,""right"":2479,""top"":2218,""bottom"":3759},""time"":1729913865126},{""box"":{""left"":1975,""right"":2479,""top"":2218,""bottom"":3759},""time"":1729913865202},{""box"":{""left"":1975,""right"":2479,""top"":2218,""bottom"":3759},""time"":1729913865282},{""box"":{""left"":1975,""right"":2479,""top"":2218,""bottom"":3759},""time"":1729913865341},{""box"":{""left"":1975,""right"":2479,""top"":2218,""bottom"":3759},""time"":1729913865372},{""box"":{""left"":1975,""right"":2479,""top"":2218,""bottom"":3759},""time"":1729913865395},{""box"":{""left"":1975,""right"":2479,""top"":2218,""bottom"":3759},""time"":1729913865490},{""box"":{""left"":1975,""right"":2479,""top"":2218,""bottom"":3759},""time"":1729913865513},{""box"":{""left"":1975,""right"":2479,""top"":2218,""bottom"":3759},""time"":1729913865613},{""box"":{""left"":1975,""right"":2479,""top"":2218,""bottom"":3759},""time"":1729913865636},{""box"":{""left"":1975,""right"":2479,""top"":2218,""bottom"":3759},""time"":1729913865736},{""box"":{""left"":1975,""right"":2479,""top"":2218,""bottom"":3759},""time"":1729913865759},{""box"":{""left"":1975,""right"":2479,""top"":2218,""bottom"":3759},""time"":1729913865830},{""box"":{""left"":1975,""right"":2479,""top"":2218,""bottom"":3759},""time"":1729913865864},{""box"":{""left"":1975,""right"":2479,""top"":2218,""bottom"":3759},""time"":1729913865935},{""box"":{""left"":1975,""right"":2479,""top"":2218,""bottom"":3759},""time"":1729913865958},{""box"":{""left"":1975,""right"":2479,""top"":2218,""bottom"":3759},""time"":1729913866059},{""box"":{""left"":1975,""right"":2479,""top"":2218,""bottom"":3759},""time"":1729913866093},{""box"":{""left"":1975,""right"":2479,""top"":2218,""bottom"":3759},""time"":1729913866193},{""box"":{""left"":1975,""right"":2479,""top"":2218,""bottom"":3759},""time"":1729913866216},{""box"":{""left"":1975,""right"":2479,""top"":2218,""bottom"":3759},""time"":1729913866316},{""box"":{""left"":1975,""right"":2479,""top"":2218,""bottom"":3759},""time"":1729913866339},{""box"":{""left"":1975,""right"":2479,""top"":2218,""bottom"":3759},""time"":1729913866414},{""box"":{""left"":1975,""right"":2479,""top"":2218,""bottom"":3759},""time"":1729913866428},{""box"":{""left"":1975,""right"":2479,""top"":2218,""bottom"":3759},""time"":1729913866519},{""box"":{""left"":1975,""right"":2479,""top"":2218,""bottom"":3759},""time"":1729913866590},{""box"":{""left"":1975,""right"":2479,""top"":2218,""bottom"":3759},""time"":1729913866624},{""box"":{""left"":1975,""right"":2479,""top"":2218,""bottom"":3759},""time"":1729913866725},{""box"":{""left"":1975,""right"":2479,""top"":2218,""bottom"":3759},""time"":1729913866762},{""box"":{""left"":1975,""right"":2479,""top"":2218,""bottom"":3759},""time"":1729913866777},{""box"":{""left"":1975,""right"":2479,""top"":2218,""bottom"":3759},""time"":1729913866879},{""box"":{""left"":1975,""right"":2479,""top"":2218,""bottom"":3759},""time"":1729913866908},{""box"":{""left"":1975,""right"":2479,""top"":2218,""bottom"":3759},""time"":1729913867010},{""box"":{""left"":1975,""right"":2479,""top"":2218,""bottom"":3759},""time"":1729913867048},{""box"":{""left"":1975,""right"":2479,""top"":2218,""bottom"":3759},""time"":1729913867149},{""box"":{""left"":1975,""right"":2479,""top"":2218,""bottom"":3759},""time"":1729913867173},{""box"":{""left"":1975,""right"":2479,""top"":2218,""bottom"":3759},""time"":1729913867238},{""box"":{""left"":1975,""right"":2479,""top"":2218,""bottom"":3759},""time"":1729913867287},{""box"":{""left"":1975,""right"":2479,""top"":2218,""bottom"":3759},""time"":1729913867381},{""box"":{""left"":1975,""right"":2479,""top"":2218,""bottom"":3759},""time"":1729913867476},{""box"":{""left"":1975,""right"":2479,""top"":2218,""bottom"":3759},""time"":1729913867573},{""box"":{""left"":1975,""right"":2479,""top"":2218,""bottom"":3759},""time"":1729913867662},{""box"":{""left"":1975,""right"":2479,""top"":2218,""bottom"":3759},""time"":1729913867762},{""box"":{""left"":1975,""right"":2479,""top"":2218,""bottom"":3759},""time"":1729913867881},{""box"":{""left"":1975,""right"":2479,""top"":2218,""bottom"":3759},""time"":1729913867964},{""box"":{""left"":1975,""right"":2479,""top"":2218,""bottom"":3759},""time"":1729913868058},{""box"":{""left"":1975,""right"":2479,""top"":2218,""bottom"":3759},""time"":1729913868153},{""box"":{""left"":1975,""right"":2479,""top"":2218,""bottom"":3759},""time"":1729913868252},{""box"":{""left"":1975,""right"":2479,""top"":2218,""bottom"":3759},""time"":1729913868315},{""box"":{""left"":1975,""right"":2479,""top"":2218,""bottom"":3759},""time"":1729913868339},{""box"":{""left"":1975,""right"":2479,""top"":2218,""bottom"":3759},""time"":1729913868454},{""box"":{""left"":1975,""right"":2479,""top"":2218,""bottom"":3759},""time"":1729913868548},{""box"":{""left"":1975,""right"":2479,""top"":2218,""bottom"":3759},""time"":1729913868635},{""box"":{""left"":1975,""right"":2479,""top"":2218,""bottom"":3759},""time"":1729913868658},{""box"":{""left"":1975,""right"":2479,""top"":2218,""bottom"":3759},""time"":1729913868762},{""box"":{""left"":1975,""right"":2479,""top"":2218,""bottom"":3759},""time"":1729913868797},{""box"":{""left"":1975,""right"":2479,""top"":2218,""bottom"":3759},""time"":1729913868903},{""box"":{""left"":1975,""right"":2479,""top"":2218,""bottom"":3759},""time"":1729913868926},{""box"":{""left"":1975,""right"":2479,""top"":2218,""bottom"":3759},""time"":1729913869025},{""box"":{""left"":1975,""right"":2479,""top"":2218,""bottom"":3759},""time"":1729913869072},{""box"":{""left"":1975,""right"":2479,""top"":2218,""bottom"":3759},""time"":1729913869096},{""box"":{""left"":1975,""right"":2479,""top"":2218,""bottom"":3759},""time"":1729913869202},{""box"":{""left"":1975,""right"":2479,""top"":2218,""bottom"":3759},""time"":1729913869225},{""box"":{""left"":1975,""right"":2479,""top"":2218,""bottom"":3759},""time"":1729913869331},{""box"":{""left"":1975,""right"":2479,""top"":2218,""bottom"":3759},""time"":1729913869366},{""box"":{""left"":1975,""right"":2479,""top"":2218,""bottom"":3759},""time"":1729913869495},{""box"":{""left"":1975,""right"":2479,""top"":2218,""bottom"":3759},""time"":1729913869598},{""box"":{""left"":1975,""right"":2479,""top"":2218,""bottom"":3759},""time"":1729913869689},{""box"":{""left"":1975,""right"":2479,""top"":2218,""bottom"":3759},""time"":1729913869714},{""box"":{""left"":1975,""right"":2479,""top"":2218,""bottom"":3759},""time"":1729913869825},{""box"":{""left"":1975,""right"":2479,""top"":2218,""bottom"":3759},""time"":1729913869860},{""box"":{""left"":1975,""right"":2479,""top"":2218,""bottom"":3759},""time"":1729913869964},{""box"":{""left"":1975,""right"":2479,""top"":2218,""bottom"":3759},""time"":1729913869988},{""box"":{""left"":1975,""right"":2479,""top"":2218,""bottom"":3759},""time"":1729913870094},{""box"":{""left"":1975,""right"":2479,""top"":2218,""bottom"":3759},""time"":1729913870132},{""box"":{""left"":1975,""right"":2479,""top"":2218,""bottom"":3759},""time"":1729913870242},{""box"":{""left"":1975,""right"":2479,""top"":2218,""bottom"":3759},""time"":1729913870266},{""box"":{""left"":1975,""right"":2479,""top"":2218,""bottom"":3759},""time"":1729913870370},{""box"":{""left"":1975,""right"":2479,""top"":2218,""bottom"":3759},""time"":1729913870394},{""box"":{""left"":1975,""right"":2479,""top"":2218,""bottom"":3759},""time"":1729913870500},{""box"":{""left"":1975,""right"":2479,""top"":2218,""bottom"":3759},""time"":1729913870523},{""box"":{""left"":1975,""right"":2479,""top"":2218,""bottom"":3759},""time"":1729913870637},{""box"":{""left"":1975,""right"":2479,""top"":2218,""bottom"":3759},""time"":1729913870721},{""box"":{""left"":1975,""right"":2479,""top"":2218,""bottom"":3759},""time"":1729913870744},{""box"":{""left"":1975,""right"":2479,""top"":2218,""bottom"":3759},""time"":1729913870846},{""box"":{""left"":1975,""right"":2479,""top"":2218,""bottom"":3759},""time"":1729913870908},{""box"":{""left"":1975,""right"":2479,""top"":2218,""bottom"":3759},""time"":1729913870951},{""box"":{""left"":1975,""right"":2479,""top"":2218,""bottom"":3759},""time"":1729913871022},{""box"":{""left"":1975,""right"":2479,""top"":2218,""bottom"":3759},""time"":1729913871046},{""box"":{""left"":1975,""right"":2479,""top"":2218,""bottom"":3759},""time"":1729913871150},{""box"":{""left"":1975,""right"":2479,""top"":2218,""bottom"":3759},""time"":1729913871210},{""box"":{""left"":1975,""right"":2479,""top"":2218,""bottom"":3759},""time"":1729913871233},{""box"":{""left"":1975,""right"":2479,""top"":2218,""bottom"":3759},""time"":1729913871299},{""box"":{""left"":1975,""right"":2479,""top"":2218,""bottom"":3759},""time"":1729913871336},{""box"":{""left"":1975,""right"":2479,""top"":2218,""bottom"":3759},""time"":1729913871380},{""box"":{""left"":1975,""right"":2479,""top"":2218,""bottom"":3759},""time"":1729913871404},{""box"":{""left"":1975,""right"":2479,""top"":2218,""bottom"":3759},""time"":1729913871506},{""box"":{""left"":1975,""right"":2479,""top"":2218,""bottom"":3759},""time"":1729913871555},{""box"":{""left"":1975,""right"":2479,""top"":2218,""bottom"":3759},""time"":1729913871648},{""box"":{""left"":1975,""right"":2479,""top"":2218,""bottom"":3759},""time"":1729913871730},{""box"":{""left"":1975,""right"":2479,""top"":2218,""bottom"":3759},""time"":1729913871791},{""box"":{""left"":1975,""right"":2479,""top"":2218,""bottom"":3759},""time"":1729913871840},{""box"":{""left"":1975,""right"":2479,""top"":2218,""bottom"":3759},""time"":1729913871863},{""box"":{""left"":1975,""right"":2479,""top"":2218,""bottom"":3759},""time"":1729913871943},{""box"":{""left"":1975,""right"":2479,""top"":2218,""bottom"":3759},""time"":1729913871955},{""box"":{""left"":1975,""right"":2479,""top"":2218,""bottom"":3759},""time"":1729913872011},{""box"":{""left"":1975,""right"":2479,""top"":2218,""bottom"":3759},""time"":1729913872034},{""box"":{""left"":1975,""right"":2479,""top"":2218,""bottom"":3759},""time"":1729913872137},{""box"":{""left"":1975,""right"":2479,""top"":2218,""bottom"":3759},""time"":1729913872160},{""box"":{""left"":1975,""right"":2479,""top"":2218,""bottom"":3759},""time"":1729913872214},{""box"":{""left"":1975,""right"":2479,""top"":2218,""bottom"":3759},""time"":1729913872237},{""box"":{""left"":1975,""right"":2479,""top"":2218,""bottom"":3759},""time"":1729913872340},{""box"":{""left"":1975,""right"":2479,""top"":2218,""bottom"":3759},""time"":1729913872363},{""box"":{""left"":1975,""right"":2479,""top"":2218,""bottom"":3759},""time"":1729913872417},{""box"":{""left"":1975,""right"":2479,""top"":2218,""bottom"":3759},""time"":1729913872461},{""box"":{""left"":1975,""right"":2479,""top"":2218,""bottom"":3759},""time"":1729913872520},{""box"":{""left"":1975,""right"":2479,""top"":2218,""bottom"":3759},""time"":1729913872580},{""box"":{""left"":1975,""right"":2479,""top"":2218,""bottom"":3759},""time"":1729913872594},{""box"":{""left"":1975,""right"":2479,""top"":2218,""bottom"":3759},""time"":1729913872697},{""box"":{""left"":1975,""right"":2479,""top"":2218,""bottom"":3759},""time"":1729913872712},{""box"":{""left"":1975,""right"":2479,""top"":2218,""bottom"":3759},""time"":1729913872813},{""box"":{""left"":1975,""right"":2479,""top"":2218,""bottom"":3759},""time"":1729913872848},{""box"":{""left"":1975,""right"":2479,""top"":2218,""bottom"":3759},""time"":1729913873074},{""box"":{""left"":1975,""right"":2479,""top"":2218,""bottom"":3759},""time"":1729913873098},{""box"":{""left"":1975,""right"":2479,""top"":2218,""bottom"":3759},""time"":1729913873168},{""box"":{""left"":1975,""right"":2479,""top"":2218,""bottom"":3759},""time"":1729913873183},{""box"":{""left"":1975,""right"":2479,""top"":2218,""bottom"":3759},""time"":1729913873286},{""box"":{""left"":1975,""right"":2479,""top"":2218,""bottom"":3759},""time"":1729913873309},{""box"":{""left"":1975,""right"":2479,""top"":2218,""bottom"":3759},""time"":1729913873353},{""box"":{""left"":1975,""right"":2479,""top"":2218,""bottom"":3759},""time"":1729913873367},{""box"":{""left"":1975,""right"":2479,""top"":2218,""bottom"":3759},""time"":1729913873413},{""box"":{""left"":1975,""right"":2479,""top"":2218,""bottom"":3759},""time"":1729913873428},{""box"":{""left"":1975,""right"":2479,""top"":2218,""bottom"":3759},""time"":1729913873531},{""box"":{""left"":1975,""right"":2479,""top"":2218,""bottom"":3759},""time"":1729913873547},{""box"":{""left"":1975,""right"":2479,""top"":2218,""bottom"":3759},""time"":1729913873650},{""box"":{""left"":1975,""right"":2479,""top"":2218,""bottom"":3759},""time"":1729913873662},{""box"":{""left"":1975,""right"":2479,""top"":2218,""bottom"":3759},""time"":1729913873728},{""box"":{""left"":1975,""right"":2479,""top"":2218,""bottom"":3759},""time"":1729913873787},{""box"":{""left"":1975,""right"":2479,""top"":2218,""bottom"":3759},""time"":1729913873802},{""box"":{""left"":1975,""right"":2479,""top"":2218,""bottom"":3759},""time"":1729913873928},{""box"":{""left"":1975,""right"":2479,""top"":2218,""bottom"":3759},""time"":1729913874030},{""box"":{""left"":1975,""right"":2479,""top"":2218,""bottom"":3759},""time"":1729913874068},{""box"":{""left"":1975,""right"":2479,""top"":2218,""bottom"":3759},""time"":1729913874201},{""box"":{""left"":1975,""right"":2479,""top"":2218,""bottom"":3759},""time"":1729913874306},{""box"":{""left"":1975,""right"":2479,""top"":2218,""bottom"":3759},""time"":1729913874321},{""box"":{""left"":1975,""right"":2479,""top"":2218,""bottom"":3759},""time"":1729913874423},{""box"":{""left"":1975,""right"":2479,""top"":2218,""bottom"":3759},""time"":1729913874437},{""box"":{""left"":1975,""right"":2479,""top"":2218,""bottom"":3759},""time"":1729913874491},{""box"":{""left"":1975,""right"":2479,""top"":2218,""bottom"":3759},""time"":1729913874506},{""box"":{""left"":1975,""right"":2479,""top"":2218,""bottom"":3759},""time"":1729913874571},{""box"":{""left"":1975,""right"":2479,""top"":2218,""bottom"":3759},""time"":1729913874606},{""box"":{""left"":1975,""right"":2479,""top"":2218,""bottom"":3759},""time"":1729913874710},{""box"":{""left"":1975,""right"":2479,""top"":2218,""bottom"":3759},""time"":1729913874725},{""box"":{""left"":1975,""right"":2479,""top"":2218,""bottom"":3759},""time"":1729913874828},{""box"":{""left"":1975,""right"":2479,""top"":2218,""bottom"":3759},""time"":1729913874874},{""box"":{""left"":1975,""right"":2479,""top"":2218,""bottom"":3759},""time"":1729913874955},{""box"":{""left"":1975,""right"":2479,""top"":2218,""bottom"":3759},""time"":1729913874967},{""box"":{""left"":1975,""right"":2479,""top"":2218,""bottom"":3759},""time"":1729913875030},{""box"":{""left"":1975,""right"":2479,""top"":2218,""bottom"":3759},""time"":1729913875065},{""box"":{""left"":1975,""right"":2479,""top"":2218,""bottom"":3759},""time"":1729913875169},{""box"":{""left"":1975,""right"":2479,""top"":2218,""bottom"":3759},""time"":1729913875180},{""box"":{""left"":1975,""right"":2479,""top"":2218,""bottom"":3759},""time"":1729913875243},{""box"":{""left"":1975,""right"":2479,""top"":2218,""bottom"":3759},""time"":1729913875267},{""box"":{""left"":1975,""right"":2479,""top"":2218,""bottom"":3759},""time"":1729913875338},{""box"":{""left"":1975,""right"":2479,""top"":2218,""bottom"":3759},""time"":1729913875384},{""box"":{""left"":1975,""right"":2479,""top"":2218,""bottom"":3759},""time"":1729913875490},{""box"":{""left"":1975,""right"":2479,""top"":2218,""bottom"":3759},""time"":1729913875505},{""box"":{""left"":1975,""right"":2479,""top"":2218,""bottom"":3759},""time"":1729913875591},{""box"":{""left"":1975,""right"":2479,""top"":2218,""bottom"":3759},""time"":1729913875632},{""box"":{""left"":1975,""right"":2479,""top"":2218,""bottom"":3759},""time"":1729913875750},{""box"":{""left"":1975,""right"":2479,""top"":2218,""bottom"":3759},""time"":1729913875808},{""box"":{""left"":1975,""right"":2479,""top"":2218,""bottom"":3759},""time"":1729913875894},{""box"":{""left"":1975,""right"":2479,""top"":2218,""bottom"":3759},""time"":1729913875973},{""box"":{""left"":1975,""right"":2479,""top"":2218,""bottom"":3759},""time"":1729913875989},{""box"":{""left"":1975,""right"":2479,""top"":2218,""bottom"":3759},""time"":1729913876067},{""box"":{""left"":1975,""right"":2479,""top"":2218,""bottom"":3759},""time"":1729913876102},{""box"":{""left"":1975,""right"":2479,""top"":2218,""bottom"":3759},""time"":1729913876179},{""box"":{""left"":1975,""right"":2479,""top"":2218,""bottom"":3759},""time"":1729913876200},{""box"":{""left"":1975,""right"":2479,""top"":2218,""bottom"":3759},""time"":1729913876308},{""box"":{""left"":1975,""right"":2479,""top"":2218,""bottom"":3759},""time"":1729913876323},{""box"":{""left"":1975,""right"":2479,""top"":2218,""bottom"":3759},""time"":1729913876390},{""box"":{""left"":1975,""right"":2479,""top"":2218,""bottom"":3759},""time"":1729913876414},{""box"":{""left"":1975,""right"":2479,""top"":2218,""bottom"":3759},""time"":1729913876469},{""box"":{""left"":1975,""right"":2479,""top"":2218,""bottom"":3759},""time"":1729913876494},{""box"":{""left"":1975,""right"":2479,""top"":2218,""bottom"":3759},""time"":1729913876582},{""box"":{""left"":1975,""right"":2479,""top"":2218,""bottom"":3759},""time"":1729913876617},{""box"":{""left"":1975,""right"":2479,""top"":2218,""bottom"":3759},""time"":1729913876695},{""box"":{""left"":1975,""right"":2479,""top"":2218,""bottom"":3759},""time"":1729913876730},{""box"":{""left"":1975,""right"":2479,""top"":2218,""bottom"":3759},""time"":1729913876808},{""box"":{""left"":1975,""right"":2479,""top"":2218,""bottom"":3759},""time"":1729913876831},{""box"":{""left"":1975,""right"":2479,""top"":2218,""bottom"":3759},""time"":1729913876905},{""box"":{""left"":1975,""right"":2479,""top"":2218,""bottom"":3759},""time"":1729913876974},{""box"":{""left"":1975,""right"":2479,""top"":2218,""bottom"":3759},""time"":1729913877092},{""box"":{""left"":1975,""right"":2479,""top"":2218,""bottom"":3759},""time"":1729913877177},{""box"":{""left"":1975,""right"":2479,""top"":2218,""bottom"":3759},""time"":1729913877360},{""box"":{""left"":1975,""right"":2479,""top"":2218,""bottom"":3759},""time"":1729913877386},{""box"":{""left"":1975,""right"":2479,""top"":2218,""bottom"":3759},""time"":1729913877489},{""box"":{""left"":1975,""right"":2479,""top"":2218,""bottom"":3759},""time"":1729913877513},{""box"":{""left"":1975,""right"":2479,""top"":2218,""bottom"":3759},""time"":1729913877616},{""box"":{""left"":1975,""right"":2479,""top"":2218,""bottom"":3759},""time"":1729913877640},{""box"":{""left"":1975,""right"":2479,""top"":2218,""bottom"":3759},""time"":1729913877723},{""box"":{""left"":1975,""right"":2479,""top"":2218,""bottom"":3759},""time"":1729913877817},{""box"":{""left"":1975,""right"":2479,""top"":2218,""bottom"":3759},""time"":1729913877951},{""box"":{""left"":1975,""right"":2479,""top"":2218,""bottom"":3759},""time"":1729913877966},{""box"":{""left"":1975,""right"":2479,""top"":2218,""bottom"":3759},""time"":1729913878036},{""box"":{""left"":1975,""right"":2479,""top"":2218,""bottom"":3759},""time"":1729913878060},{""box"":{""left"":1975,""right"":2479,""top"":2218,""bottom"":3759},""time"":1729913878157},{""box"":{""left"":1975,""right"":2479,""top"":2218,""bottom"":3759},""time"":1729913878192},{""box"":{""left"":1975,""right"":2479,""top"":2218,""bottom"":3759},""time"":1729913878248},{""box"":{""left"":1975,""right"":2479,""top"":2218,""bottom"":3759},""time"":1729913878263},{""box"":{""left"":1975,""right"":2479,""top"":2218,""bottom"":3759},""time"":1729913879553}",,,,,
57102,Person,2024-10-26 12:37:22,2024-10-26 12:37:22,"{""left"":8615,""right"":5870,""top"":9608,""bottom"":9572}",,,,,
57103,Person,2024-10-26 12:37:23,2024-10-26 12:38:20,"{""left"":8627,""right"":5898,""top"":9583,""bottom"":9581},{""box"":{""left"":8627,""right"":5898,""top"":9583,""bottom"":9581},""time"":1729913847186},{""box"":{""left"":8627,""right"":5898,""top"":9583,""bottom"":9581},""time"":1729913847301},{""box"":{""left"":8627,""right"":5898,""top"":9583,""bottom"":9581},""time"":1729913847410},{""box"":{""left"":8627,""right"":5898,""top"":9583,""bottom"":9581},""time"":1729913847519},{""box"":{""left"":8627,""right"":5898,""top"":9583,""bottom"":9581},""time"":1729913847719},{""box"":{""left"":8627,""right"":5898,""top"":9583,""bottom"":9581},""time"":1729913847829},{""box"":{""left"":8627,""right"":5898,""top"":9583,""bottom"":9581},""time"":1729913847988},{""box"":{""left"":8627,""right"":5898,""top"":9583,""bottom"":9581},""time"":1729913848200},{""box"":{""left"":8627,""right"":5898,""top"":9583,""bottom"":9581},""time"":1729913848365},{""box"":{""left"":8627,""right"":5898,""top"":9583,""bottom"":9581},""time"":1729913849026},{""box"":{""left"":8627,""right"":5898,""top"":9583,""bottom"":9581},""time"":1729913849142},{""box"":{""left"":8627,""right"":5898,""top"":9583,""bottom"":9581},""time"":1729913849249},{""box"":{""left"":8627,""right"":5898,""top"":9583,""bottom"":9581},""time"":1729913849319},{""box"":{""left"":8627,""right"":5898,""top"":9583,""bottom"":9581},""time"":1729913849439},{""box"":{""left"":8627,""right"":5898,""top"":9583,""bottom"":9581},""time"":1729913849616},{""box"":{""left"":8627,""right"":5898,""top"":9583,""bottom"":9581},""time"":1729913849704},{""box"":{""left"":8627,""right"":5898,""top"":9583,""bottom"":9581},""time"":1729913849793},{""box"":{""left"":8627,""right"":5898,""top"":9583,""bottom"":9581},""time"":1729913849880},{""box"":{""left"":8627,""right"":5898,""top"":9583,""bottom"":9581},""time"":1729913849969},{""box"":{""left"":8627,""right"":5898,""top"":9583,""bottom"":9581},""time"":1729913850080},{""box"":{""left"":8627,""right"":5898,""top"":9583,""bottom"":9581},""time"":1729913850169},{""box"":{""left"":8627,""right"":5898,""top"":9583,""bottom"":9581},""time"":1729913850258},{""box"":{""left"":8627,""right"":5898,""top"":9583,""bottom"":9581},""time"":1729913850349},{""box"":{""left"":8627,""right"":5898,""top"":9583,""bottom"":9581},""time"":1729913850452},{""box"":{""left"":8627,""right"":5898,""top"":9583,""bottom"":9581},""time"":1729913850544},{""box"":{""left"":8627,""right"":5898,""top"":9583,""bottom"":9581},""time"":1729913850639},{""box"":{""left"":8627,""right"":5898,""top"":9583,""bottom"":9581},""time"":1729913850734},{""box"":{""left"":8627,""right"":5898,""top"":9583,""bottom"":9581},""time"":1729913850828},{""box"":{""left"":8627,""right"":5898,""top"":9583,""bottom"":9581},""time"":1729913850928},{""box"":{""left"":8627,""right"":5898,""top"":9583,""bottom"":9581},""time"":1729913851019},{""box"":{""left"":8627,""right"":5898,""top"":9583,""bottom"":9581},""time"":1729913851109},{""box"":{""left"":8627,""right"":5898,""top"":9583,""bottom"":9581},""time"":1729913851200},{""box"":{""left"":8627,""right"":5898,""top"":9583,""bottom"":9581},""time"":1729913851289},{""box"":{""left"":8627,""right"":5898,""top"":9583,""bottom"":9581},""time"":1729913851381},{""box"":{""left"":8627,""right"":5898,""top"":9583,""bottom"":9581},""time"":1729913851485},{""box"":{""left"":8627,""right"":5898,""top"":9583,""bottom"":9581},""time"":1729913851566},{""box"":{""left"":8627,""right"":5898,""top"":9583,""bottom"":9581},""time"":1729913851657},{""box"":{""left"":8627,""right"":5898,""top"":9583,""bottom"":9581},""time"":1729913851746},{""box"":{""left"":8627,""right"":5898,""top"":9583,""bottom"":9581},""time"":1729913851837},{""box"":{""left"":8627,""right"":5898,""top"":9583,""bottom"":9581},""time"":1729913851931},{""box"":{""left"":8627,""right"":5898,""top"":9583,""bottom"":9581},""time"":1729913852026},{""box"":{""left"":8627,""right"":5898,""top"":9583,""bottom"":9581},""time"":1729913852121},{""box"":{""left"":8627,""right"":5898,""top"":9583,""bottom"":9581},""time"":1729913852285},{""box"":{""left"":8627,""right"":5898,""top"":9583,""bottom"":9581},""time"":1729913852381},{""box"":{""left"":8627,""right"":5898,""top"":9583,""bottom"":9581},""time"":1729913852474},{""box"":{""left"":8627,""right"":5898,""top"":9583,""bottom"":9581},""time"":1729913852552},{""box"":{""left"":8627,""right"":5898,""top"":9583,""bottom"":9581},""time"":1729913852746},{""box"":{""left"":8627,""right"":5898,""top"":9583,""bottom"":9581},""time"":1729913852944},{""box"":{""left"":8627,""right"":5898,""top"":9583,""bottom"":9581},""time"":1729913853095},{""box"":{""left"":8627,""right"":5898,""top"":9583,""bottom"":9581},""time"":1729913853607},{""box"":{""left"":8627,""right"":5898,""top"":9583,""bottom"":9581},""time"":1729913853700},{""box"":{""left"":8627,""right"":5898,""top"":9583,""bottom"":9581},""time"":1729913853791},{""box"":{""left"":8627,""right"":5898,""top"":9583,""bottom"":9581},""time"":1729913853882},{""box"":{""left"":8627,""right"":5898,""top"":9583,""bottom"":9581},""time"":1729913853986},{""box"":{""left"":8627,""right"":5898,""top"":9583,""bottom"":9581},""time"":1729913854081},{""box"":{""left"":8627,""right"":5898,""top"":9583,""bottom"":9581},""time"":1729913854185},{""box"":{""left"":8627,""right"":5898,""top"":9583,""bottom"":9581},""time"":1729913854281},{""box"":{""left"":8627,""right"":5898,""top"":9583,""bottom"":9581},""time"":1729913854632},{""box"":{""left"":8627,""right"":5898,""top"":9583,""bottom"":9581},""time"":1729913854760},{""box"":{""left"":8627,""right"":5898,""top"":9583,""bottom"":9581},""time"":1729913854874},{""box"":{""left"":8627,""right"":5898,""top"":9583,""bottom"":9581},""time"":1729913854995},{""box"":{""left"":8627,""right"":5898,""top"":9583,""bottom"":9581},""time"":1729913855082},{""box"":{""left"":8627,""right"":5898,""top"":9583,""bottom"":9581},""time"":1729913855169},{""box"":{""left"":8627,""right"":5898,""top"":9583,""bottom"":9581},""time"":1729913855254},{""box"":{""left"":8627,""right"":5898,""top"":9583,""bottom"":9581},""time"":1729913855343},{""box"":{""left"":8627,""right"":5898,""top"":9583,""bottom"":9581},""time"":1729913855464},{""box"":{""left"":8627,""right"":5898,""top"":9583,""bottom"":9581},""time"":1729913855566},{""box"":{""left"":8627,""right"":5898,""top"":9583,""bottom"":9581},""time"":1729913855680},{""box"":{""left"":8627,""right"":5898,""top"":9583,""bottom"":9581},""time"":1729913855825},{""box"":{""left"":8627,""right"":5898,""top"":9583,""bottom"":9581},""time"":1729913856187},{""box"":{""left"":8627,""right"":5898,""top"":9583,""bottom"":9581},""time"":1729913856298},{""box"":{""left"":8627,""right"":5898,""top"":9583,""bottom"":9581},""time"":1729913856565},{""box"":{""left"":8627,""right"":5898,""top"":9583,""bottom"":9581},""time"":1729913856687},{""box"":{""left"":8627,""right"":5898,""top"":9583,""bottom"":9581},""time"":1729913856795},{""box"":{""left"":8627,""right"":5898,""top"":9583,""bottom"":9581},""time"":1729913857153},{""box"":{""left"":8627,""right"":5898,""top"":9583,""bottom"":9581},""time"":1729913857263},{""box"":{""left"":8627,""right"":5898,""top"":9583,""bottom"":9581},""time"":1729913857463},{""box"":{""left"":8627,""right"":5898,""top"":9583,""bottom"":9581},""time"":1729913857575},{""box"":{""left"":8627,""right"":5898,""top"":9583,""bottom"":9581},""time"":1729913857803},{""box"":{""left"":8627,""right"":5898,""top"":9583,""bottom"":9581},""time"":1729913857893},{""box"":{""left"":8627,""right"":5898,""top"":9583,""bottom"":9581},""time"":1729913858006},{""box"":{""left"":8627,""right"":5898,""top"":9583,""bottom"":9581},""time"":1729913858240},{""box"":{""left"":8627,""right"":5898,""top"":9583,""bottom"":9581},""time"":1729913858333},{""box"":{""left"":8627,""right"":5898,""top"":9583,""bottom"":9581},""time"":1729913858388},{""box"":{""left"":8627,""right"":5898,""top"":9583,""bottom"":9581},""time"":1729913858496},{""box"":{""left"":8627,""right"":5898,""top"":9583,""bottom"":9581},""time"":1729913858575},{""box"":{""left"":8627,""right"":5898,""top"":9583,""bottom"":9581},""time"":1729913858631},{""box"":{""left"":8627,""right"":5898,""top"":9583,""bottom"":9581},""time"":1729913858696},{""box"":{""left"":8627,""right"":5898,""top"":9583,""bottom"":9581},""time"":1729913858752},{""box"":{""left"":8627,""right"":5898,""top"":9583,""bottom"":9581},""time"":1729913858984},{""box"":{""left"":8627,""right"":5898,""top"":9583,""bottom"":9581},""time"":1729913859042},{""box"":{""left"":8627,""right"":5898,""top"":9583,""bottom"":9581},""time"":1729913859086},{""box"":{""left"":8627,""right"":5898,""top"":9583,""bottom"":9581},""time"":1729913859165},{""box"":{""left"":8627,""right"":5898,""top"":9583,""bottom"":9581},""time"":1729913859222},{""box"":{""left"":8627,""right"":5898,""top"":9583,""bottom"":9581},""time"":1729913859286},{""box"":{""left"":8627,""right"":5898,""top"":9583,""bottom"":9581},""time"":1729913859393},{""box"":{""left"":8627,""right"":5898,""top"":9583,""bottom"":9581},""time"":1729913859501},{""box"":{""left"":8627,""right"":5898,""top"":9583,""bottom"":9581},""time"":1729913859645},{""box"":{""left"":8627,""right"":5898,""top"":9583,""bottom"":9581},""time"":1729913859701},{""box"":{""left"":8627,""right"":5898,""top"":9583,""bottom"":9581},""time"":1729913859846},{""box"":{""left"":8627,""right"":5898,""top"":9583,""bottom"":9581},""time"":1729913859901},{""box"":{""left"":8627,""right"":5898,""top"":9583,""bottom"":9581},""time"":1729913859982},{""box"":{""left"":8627,""right"":5898,""top"":9583,""bottom"":9581},""time"":1729913860039},{""box"":{""left"":8627,""right"":5898,""top"":9583,""bottom"":9581},""time"":1729913860156},{""box"":{""left"":8627,""right"":5898,""top"":9583,""bottom"":9581},""time"":1729913860245},{""box"":{""left"":8627,""right"":5898,""top"":9583,""bottom"":9581},""time"":1729913860342},{""box"":{""left"":8627,""right"":5898,""top"":9583,""bottom"":9581},""time"":1729913860772},{""box"":{""left"":8627,""right"":5898,""top"":9583,""bottom"":9581},""time"":1729913860827},{""box"":{""left"":8627,""right"":5898,""top"":9583,""bottom"":9581},""time"":1729913860997},{""box"":{""left"":8627,""right"":5898,""top"":9583,""bottom"":9581},""time"":1729913861036},{""box"":{""left"":8627,""right"":5898,""top"":9583,""bottom"":9581},""time"":1729913861093},{""box"":{""left"":8627,""right"":5898,""top"":9583,""bottom"":9581},""time"":1729913861262},{""box"":{""left"":8627,""right"":5898,""top"":9583,""bottom"":9581},""time"":1729913861359},{""box"":{""left"":8627,""right"":5898,""top"":9583,""bottom"":9581},""time"":1729913861457},{""box"":{""left"":8627,""right"":5898,""top"":9583,""bottom"":9581},""time"":1729913861554},{""box"":{""left"":8627,""right"":5898,""top"":9583,""bottom"":9581},""time"":1729913861641},{""box"":{""left"":8627,""right"":5898,""top"":9583,""bottom"":9581},""time"":1729913861682},{""box"":{""left"":8627,""right"":5898,""top"":9583,""bottom"":9581},""time"":1729913861722},{""box"":{""left"":8627,""right"":5898,""top"":9583,""bottom"":9581},""time"":1729913861793},{""box"":{""left"":8627,""right"":5898,""top"":9583,""bottom"":9581},""time"":1729913861903},{""box"":{""left"":8627,""right"":5898,""top"":9583,""bottom"":9581},""time"":1729913862012},{""box"":{""left"":8627,""right"":5898,""top"":9583,""bottom"":9581},""time"":1729913862122},{""box"":{""left"":8627,""right"":5898,""top"":9583,""bottom"":9581},""time"":1729913862226},{""box"":{""left"":8627,""right"":5898,""top"":9583,""bottom"":9581},""time"":1729913862368},{""box"":{""left"":8627,""right"":5898,""top"":9583,""bottom"":9581},""time"":1729913862426},{""box"":{""left"":8627,""right"":5898,""top"":9583,""bottom"":9581},""time"":1729913862536},{""box"":{""left"":8627,""right"":5898,""top"":9583,""bottom"":9581},""time"":1729913862653},{""box"":{""left"":8627,""right"":5898,""top"":9583,""bottom"":9581},""time"":1729913862759},{""box"":{""left"":8627,""right"":5898,""top"":9583,""bottom"":9581},""time"":1729913862869},{""box"":{""left"":8627,""right"":5898,""top"":9583,""bottom"":9581},""time"":1729913862986},{""box"":{""left"":8627,""right"":5898,""top"":9583,""bottom"":9581},""time"":1729913863104},{""box"":{""left"":8627,""right"":5898,""top"":9583,""bottom"":9581},""time"":1729913863220},{""box"":{""left"":8627,""right"":5898,""top"":9583,""bottom"":9581},""time"":1729913863302},{""box"":{""left"":8627,""right"":5898,""top"":9583,""bottom"":9581},""time"":1729913863445},{""box"":{""left"":8627,""right"":5898,""top"":9583,""bottom"":9581},""time"":1729913863561},{""box"":{""left"":8627,""right"":5898,""top"":9583,""bottom"":9581},""time"":1729913863653},{""box"":{""left"":8627,""right"":5898,""top"":9583,""bottom"":9581},""time"":1729913863892},{""box"":{""left"":8627,""right"":5898,""top"":9583,""bottom"":9581},""time"":1729913863974},{""box"":{""left"":8627,""right"":5898,""top"":9583,""bottom"":9581},""time"":1729913864031},{""box"":{""left"":8627,""right"":5898,""top"":9583,""bottom"":9581},""time"":1729913864181},{""box"":{""left"":8627,""right"":5898,""top"":9583,""bottom"":9581},""time"":1729913864238},{""box"":{""left"":8627,""right"":5898,""top"":9583,""bottom"":9581},""time"":1729913864439},{""box"":{""left"":8627,""right"":5898,""top"":9583,""bottom"":9581},""time"":1729913864526},{""box"":{""left"":8627,""right"":5898,""top"":9583,""bottom"":9581},""time"":1729913864590},{""box"":{""left"":8627,""right"":5898,""top"":9583,""bottom"":9581},""time"":1729913864636},{""box"":{""left"":8627,""right"":5898,""top"":9583,""bottom"":9581},""time"":1729913864690},{""box"":{""left"":8627,""right"":5898,""top"":9583,""bottom"":9581},""time"":1729913864736},{""box"":{""left"":8627,""right"":5898,""top"":9583,""bottom"":9581},""time"":1729913864786},{""box"":{""left"":8627,""right"":5898,""top"":9583,""bottom"":9581},""time"":1729913864863},{""box"":{""left"":8627,""right"":5898,""top"":9583,""bottom"":9581},""time"":1729913864961},{""box"":{""left"":8627,""right"":5898,""top"":9583,""bottom"":9581},""time"":1729913865075},{""box"":{""left"":8627,""right"":5898,""top"":9583,""bottom"":9581},""time"":1729913865114},{""box"":{""left"":8627,""right"":5898,""top"":9583,""bottom"":9581},""time"":1729913865137},{""box"":{""left"":8627,""right"":5898,""top"":9583,""bottom"":9581},""time"":1729913865214},{""box"":{""left"":8627,""right"":5898,""top"":9583,""bottom"":9581},""time"":1729913865293},{""box"":{""left"":8627,""right"":5898,""top"":9583,""bottom"":9581},""time"":1729913865407},{""box"":{""left"":8627,""right"":5898,""top"":9583,""bottom"":9581},""time"":1729913865524},{""box"":{""left"":8627,""right"":5898,""top"":9583,""bottom"":9581},""time"":1729913865647},{""box"":{""left"":8627,""right"":5898,""top"":9583,""bottom"":9581},""time"":1729913865770},{""box"":{""left"":8627,""right"":5898,""top"":9583,""bottom"":9581},""time"":1729913865841},{""box"":{""left"":8627,""right"":5898,""top"":9583,""bottom"":9581},""time"":1729913865876},{""box"":{""left"":8627,""right"":5898,""top"":9583,""bottom"":9581},""time"":1729913865970},{""box"":{""left"":8627,""right"":5898,""top"":9583,""bottom"":9581},""time"":1729913866070},{""box"":{""left"":8627,""right"":5898,""top"":9583,""bottom"":9581},""time"":1729913866104},{""box"":{""left"":8627,""right"":5898,""top"":9583,""bottom"":9581},""time"":1729913866227},{""box"":{""left"":8627,""right"":5898,""top"":9583,""bottom"":9581},""time"":1729913866350},{""box"":{""left"":8627,""right"":5898,""top"":9583,""bottom"":9581},""time"":1729913866439},{""box"":{""left"":8627,""right"":5898,""top"":9583,""bottom"":9581},""time"":1729913866531},{""box"":{""left"":8627,""right"":5898,""top"":9583,""bottom"":9581},""time"":1729913866601},{""box"":{""left"":8627,""right"":5898,""top"":9583,""bottom"":9581},""time"":1729913866636},{""box"":{""left"":8627,""right"":5898,""top"":9583,""bottom"":9581},""time"":1729913866788},{""box"":{""left"":8627,""right"":5898,""top"":9583,""bottom"":9581},""time"":1729913866919},{""box"":{""left"":8627,""right"":5898,""top"":9583,""bottom"":9581},""time"":1729913867022},{""box"":{""left"":8627,""right"":5898,""top"":9583,""bottom"":9581},""time"":1729913867059},{""box"":{""left"":8627,""right"":5898,""top"":9583,""bottom"":9581},""time"":1729913867161},{""box"":{""left"":8627,""right"":5898,""top"":9583,""bottom"":9581},""time"":1729913867184},{""box"":{""left"":8627,""right"":5898,""top"":9583,""bottom"":9581},""time"":1729913867298},{""box"":{""left"":8627,""right"":5898,""top"":9583,""bottom"":9581},""time"":1729913867393},{""box"":{""left"":8627,""right"":5898,""top"":9583,""bottom"":9581},""time"":1729913867488},{""box"":{""left"":8627,""right"":5898,""top"":9583,""bottom"":9581},""time"":1729913867584},{""box"":{""left"":8627,""right"":5898,""top"":9583,""bottom"":9581},""time"":1729913867674},{""box"":{""left"":8627,""right"":5898,""top"":9583,""bottom"":9581},""time"":1729913867774},{""box"":{""left"":8627,""right"":5898,""top"":9583,""bottom"":9581},""time"":1729913867893},{""box"":{""left"":8627,""right"":5898,""top"":9583,""bottom"":9581},""time"":1729913867975},{""box"":{""left"":8627,""right"":5898,""top"":9583,""bottom"":9581},""time"":1729913868070},{""box"":{""left"":8627,""right"":5898,""top"":9583,""bottom"":9581},""time"":1729913868164},{""box"":{""left"":8627,""right"":5898,""top"":9583,""bottom"":9581},""time"":1729913868263},{""box"":{""left"":8627,""right"":5898,""top"":9583,""bottom"":9581},""time"":1729913868350},{""box"":{""left"":8627,""right"":5898,""top"":9583,""bottom"":9581},""time"":1729913868465},{""box"":{""left"":8627,""right"":5898,""top"":9583,""bottom"":9581},""time"":1729913868560},{""box"":{""left"":8627,""right"":5898,""top"":9583,""bottom"":9581},""time"":1729913868670},{""box"":{""left"":8627,""right"":5898,""top"":9583,""bottom"":9581},""time"":1729913868774},{""box"":{""left"":8627,""right"":5898,""top"":9583,""bottom"":9581},""time"":1729913868809},{""box"":{""left"":8627,""right"":5898,""top"":9583,""bottom"":9581},""time"":1729913868938},{""box"":{""left"":8627,""right"":5898,""top"":9583,""bottom"":9581},""time"":1729913869107},{""box"":{""left"":8627,""right"":5898,""top"":9583,""bottom"":9581},""time"":1729913869237},{""box"":{""left"":8627,""right"":5898,""top"":9583,""bottom"":9581},""time"":1729913869343},{""box"":{""left"":8627,""right"":5898,""top"":9583,""bottom"":9581},""time"":1729913869377},{""box"":{""left"":8627,""right"":5898,""top"":9583,""bottom"":9581},""time"":1729913869472},{""box"":{""left"":8627,""right"":5898,""top"":9583,""bottom"":9581},""time"":1729913869507},{""box"":{""left"":8627,""right"":5898,""top"":9583,""bottom"":9581},""time"":1729913869609},{""box"":{""left"":8627,""right"":5898,""top"":9583,""bottom"":9581},""time"":1729913869726},{""box"":{""left"":8627,""right"":5898,""top"":9583,""bottom"":9581},""time"":1729913869837},{""box"":{""left"":8627,""right"":5898,""top"":9583,""bottom"":9581},""time"":1729913869871},{""box"":{""left"":8627,""right"":5898,""top"":9583,""bottom"":9581},""time"":1729913869999},{""box"":{""left"":8627,""right"":5898,""top"":9583,""bottom"":9581},""time"":1729913870105},{""box"":{""left"":8627,""right"":5898,""top"":9583,""bottom"":9581},""time"":1729913870143},{""box"":{""left"":8627,""right"":5898,""top"":9583,""bottom"":9581},""time"":1729913870277},{""box"":{""left"":8627,""right"":5898,""top"":9583,""bottom"":9581},""time"":1729913870405},{""box"":{""left"":8627,""right"":5898,""top"":9583,""bottom"":9581},""time"":1729913870535},{""box"":{""left"":8627,""right"":5898,""top"":9583,""bottom"":9581},""time"":1729913870649},{""box"":{""left"":8627,""right"":5898,""top"":9583,""bottom"":9581},""time"":1729913870755},{""box"":{""left"":8627,""right"":5898,""top"":9583,""bottom"":9581},""time"":1729913871057},{""box"":{""left"":8627,""right"":5898,""top"":9583,""bottom"":9581},""time"":1729913871222},{""box"":{""left"":8627,""right"":5898,""top"":9583,""bottom"":9581},""time"":1729913871245},{""box"":{""left"":8627,""right"":5898,""top"":9583,""bottom"":9581},""time"":1729913871415},{""box"":{""left"":8627,""right"":5898,""top"":9583,""bottom"":9581},""time"":1729913871567},{""box"":{""left"":8627,""right"":5898,""top"":9583,""bottom"":9581},""time"":1729913871636},{""box"":{""left"":8627,""right"":5898,""top"":9583,""bottom"":9581},""time"":1729913871660},{""box"":{""left"":8627,""right"":5898,""top"":9583,""bottom"":9581},""time"":1729913871718},{""box"":{""left"":8627,""right"":5898,""top"":9583,""bottom"":9581},""time"":1729913871741},{""box"":{""left"":8627,""right"":5898,""top"":9583,""bottom"":9581},""time"":1729913871875},{""box"":{""left"":8627,""right"":5898,""top"":9583,""bottom"":9581},""time"":1729913872046},{""box"":{""left"":8627,""right"":5898,""top"":9583,""bottom"":9581},""time"":1729913872171},{""box"":{""left"":8627,""right"":5898,""top"":9583,""bottom"":9581},""time"":1729913872248},{""box"":{""left"":8627,""right"":5898,""top"":9583,""bottom"":9581},""time"":1729913872375},{""box"":{""left"":8627,""right"":5898,""top"":9583,""bottom"":9581},""time"":1729913872532},{""box"":{""left"":8627,""right"":5898,""top"":9583,""bottom"":9581},""time"":1729913872605},{""box"":{""left"":8627,""right"":5898,""top"":9583,""bottom"":9581},""time"":1729913872723},{""box"":{""left"":8627,""right"":5898,""top"":9583,""bottom"":9581},""time"":1729913872859},{""box"":{""left"":8627,""right"":5898,""top"":9583,""bottom"":9581},""time"":1729913872949},{""box"":{""left"":8627,""right"":5898,""top"":9583,""bottom"":9581},""time"":1729913872972},{""box"":{""left"":8627,""right"":5898,""top"":9583,""bottom"":9581},""time"":1729913873109},{""box"":{""left"":8627,""right"":5898,""top"":9583,""bottom"":9581},""time"":1729913873195},{""box"":{""left"":8627,""right"":5898,""top"":9583,""bottom"":9581},""time"":1729913873298},{""box"":{""left"":8627,""right"":5898,""top"":9583,""bottom"":9581},""time"":1729913873378},{""box"":{""left"":8627,""right"":5898,""top"":9583,""bottom"":9581},""time"":1729913873439},{""box"":{""left"":8627,""right"":5898,""top"":9583,""bottom"":9581},""time"":1729913873558},{""box"":{""left"":8627,""right"":5898,""top"":9583,""bottom"":9581},""time"":1729913873674},{""box"":{""left"":8627,""right"":5898,""top"":9583,""bottom"":9581},""time"":1729913873739},{""box"":{""left"":8627,""right"":5898,""top"":9583,""bottom"":9581},""time"":1729913873814},{""box"":{""left"":8627,""right"":5898,""top"":9583,""bottom"":9581},""time"":1729913873939},{""box"":{""left"":8627,""right"":5898,""top"":9583,""bottom"":9581},""time"":1729913874042},{""box"":{""left"":8627,""right"":5898,""top"":9583,""bottom"":9581},""time"":1729913874080},{""box"":{""left"":8627,""right"":5898,""top"":9583,""bottom"":9581},""time"":1729913874213},{""box"":{""left"":8627,""right"":5898,""top"":9583,""bottom"":9581},""time"":1729913874332},{""box"":{""left"":8627,""right"":5898,""top"":9583,""bottom"":9581},""time"":1729913874449},{""box"":{""left"":8627,""right"":5898,""top"":9583,""bottom"":9581},""time"":1729913874518},{""box"":{""left"":8627,""right"":5898,""top"":9583,""bottom"":9581},""time"":1729913874617},{""box"":{""left"":8627,""right"":5898,""top"":9583,""bottom"":9581},""time"":1729913874737},{""box"":{""left"":8627,""right"":5898,""top"":9583,""bottom"":9581},""time"":1729913874839},{""box"":{""left"":8627,""right"":5898,""top"":9583,""bottom"":9581},""time"":1729913874886},{""box"":{""left"":8627,""right"":5898,""top"":9583,""bottom"":9581},""time"":1729913874979},{""box"":{""left"":8627,""right"":5898,""top"":9583,""bottom"":9581},""time"":1729913875077},{""box"":{""left"":8627,""right"":5898,""top"":9583,""bottom"":9581},""time"":1729913875192},{""box"":{""left"":8627,""right"":5898,""top"":9583,""bottom"":9581},""time"":1729913875278},{""box"":{""left"":8627,""right"":5898,""top"":9583,""bottom"":9581},""time"":1729913875396},{""box"":{""left"":8627,""right"":5898,""top"":9583,""bottom"":9581},""time"":1729913875517},{""box"":{""left"":8627,""right"":5898,""top"":9583,""bottom"":9581},""time"":1729913875643},{""box"":{""left"":8627,""right"":5898,""top"":9583,""bottom"":9581},""time"":1729913875819},{""box"":{""left"":8627,""right"":5898,""top"":9583,""bottom"":9581},""time"":1729913876000},{""box"":{""left"":8627,""right"":5898,""top"":9583,""bottom"":9581},""time"":1729913876114},{""box"":{""left"":8627,""right"":5898,""top"":9583,""bottom"":9581},""time"":1729913876211},{""box"":{""left"":8627,""right"":5898,""top"":9583,""bottom"":9581},""time"":1729913876425},{""box"":{""left"":8627,""right"":5898,""top"":9583,""bottom"":9581},""time"":1729913876506},{""box"":{""left"":8627,""right"":5898,""top"":9583,""bottom"":9581},""time"":1729913876628},{""box"":{""left"":8627,""right"":5898,""top"":9583,""bottom"":9581},""time"":1729913876741},{""box"":{""left"":8627,""right"":5898,""top"":9583,""bottom"":9581},""time"":1729913876843},{""box"":{""left"":8627,""right"":5898,""top"":9583,""bottom"":9581},""time"":1729913876917},{""box"":{""left"":8627,""right"":5898,""top"":9583,""bottom"":9581},""time"":1729913876985},{""box"":{""left"":8627,""right"":5898,""top"":9583,""bottom"":9581},""time"":1729913877103},{""box"":{""left"":8627,""right"":5898,""top"":9583,""bottom"":9581},""time"":1729913877190},{""box"":{""left"":8627,""right"":5898,""top"":9583,""bottom"":9581},""time"":1729913877398},{""box"":{""left"":8627,""right"":5898,""top"":9583,""bottom"":9581},""time"":1729913877525},{""box"":{""left"":8627,""right"":5898,""top"":9583,""bottom"":9581},""time"":1729913877651},{""box"":{""left"":8627,""right"":5898,""top"":9583,""bottom"":9581},""time"":1729913877735},{""box"":{""left"":8627,""right"":5898,""top"":9583,""bottom"":9581},""time"":1729913877794},{""box"":{""left"":8627,""right"":5898,""top"":9583,""bottom"":9581},""time"":1729913877829},{""box"":{""left"":8627,""right"":5898,""top"":9583,""bottom"":9581},""time"":1729913877978},{""box"":{""left"":8627,""right"":5898,""top"":9583,""bottom"":9581},""time"":1729913878071},{""box"":{""left"":8627,""right"":5898,""top"":9583,""bottom"":9581},""time"":1729913878204},{""box"":{""left"":8627,""right"":5898,""top"":9583,""bottom"":9581},""time"":1729913878275},{""box"":{""left"":8627,""right"":5898,""top"":9583,""bottom"":9581},""time"":1729913878329},{""box"":{""left"":8627,""right"":5898,""top"":9583,""bottom"":9581},""time"":1729913878341},{""box"":{""left"":8627,""right"":5898,""top"":9583,""bottom"":9581},""time"":1729913878422},{""box"":{""left"":8627,""right"":5898,""top"":9583,""bottom"":9581},""time"":1729913878457},{""box"":{""left"":8627,""right"":5898,""top"":9583,""bottom"":9581},""time"":1729913878517},{""box"":{""left"":8627,""right"":5898,""top"":9583,""bottom"":9581},""time"":1729913878531},{""box"":{""left"":8627,""right"":5898,""top"":9583,""bottom"":9581},""time"":1729913878570},{""box"":{""left"":8627,""right"":5898,""top"":9583,""bottom"":9581},""time"":1729913878612},{""box"":{""left"":8627,""right"":5898,""top"":9583,""bottom"":9581},""time"":1729913878643},{""box"":{""left"":8627,""right"":5898,""top"":9583,""bottom"":9581},""time"":1729913878708},{""box"":{""left"":8627,""right"":5898,""top"":9583,""bottom"":9581},""time"":1729913878800},{""box"":{""left"":8627,""right"":5898,""top"":9583,""bottom"":9581},""time"":1729913878830},{""box"":{""left"":8627,""right"":5898,""top"":9583,""bottom"":9581},""time"":1729913878853},{""box"":{""left"":8627,""right"":5898,""top"":9583,""bottom"":9581},""time"":1729913878945},{""box"":{""left"":8627,""right"":5898,""top"":9583,""bottom"":9581},""time"":1729913878968},{""box"":{""left"":8627,""right"":5898,""top"":9583,""bottom"":9581},""time"":1729913879060},{""box"":{""left"":8627,""right"":5898,""top"":9583,""bottom"":9581},""time"":1729913879090},{""box"":{""left"":8627,""right"":5898,""top"":9583,""bottom"":9581},""time"":1729913879102},{""box"":{""left"":8627,""right"":5898,""top"":9583,""bottom"":9581},""time"":1729913879161},{""box"":{""left"":8627,""right"":5898,""top"":9583,""bottom"":9581},""time"":1729913879203},{""box"":{""left"":8627,""right"":5898,""top"":9583,""bottom"":9581},""time"":1729913879227},{""box"":{""left"":8627,""right"":5898,""top"":9583,""bottom"":9581},""time"":1729913879318},{""box"":{""left"":8627,""right"":5898,""top"":9583,""bottom"":9581},""time"":1729913879360},{""box"":{""left"":8627,""right"":5898,""top"":9583,""bottom"":9581},""time"":1729913879378},{""box"":{""left"":8627,""right"":5898,""top"":9583,""bottom"":9581},""time"":1729913879472},{""box"":{""left"":8627,""right"":5898,""top"":9583,""bottom"":9581},""time"":1729913879565},{""box"":{""left"":8627,""right"":5898,""top"":9583,""bottom"":9581},""time"":1729913879724},{""box"":{""left"":8627,""right"":5898,""top"":9583,""bottom"":9581},""time"":1729913879778},{""box"":{""left"":8627,""right"":5898,""top"":9583,""bottom"":9581},""time"":1729913879864},{""box"":{""left"":8627,""right"":5898,""top"":9583,""bottom"":9581},""time"":1729913879950},{""box"":{""left"":8627,""right"":5898,""top"":9583,""bottom"":9581},""time"":1729913880045},{""box"":{""left"":8627,""right"":5898,""top"":9583,""bottom"":9581},""time"":1729913880113},{""box"":{""left"":8627,""right"":5898,""top"":9583,""bottom"":9581},""time"":1729913880126},{""box"":{""left"":8627,""right"":5898,""top"":9583,""bottom"":9581},""time"":1729913880207},{""box"":{""left"":8627,""right"":5898,""top"":9583,""bottom"":9581},""time"":1729913880242},{""box"":{""left"":8627,""right"":5898,""top"":9583,""bottom"":9581},""time"":1729913880262},{""box"":{""left"":8627,""right"":5898,""top"":9583,""bottom"":9581},""time"":1729913880338},{""box"":{""left"":8627,""right"":5898,""top"":9583,""bottom"":9581},""time"":1729913880387},{""box"":{""left"":8627,""right"":5898,""top"":9583,""bottom"":9581},""time"":1729913880415},{""box"":{""left"":8627,""right"":5898,""top"":9583,""bottom"":9581},""time"":1729913880455},{""box"":{""left"":8627,""right"":5898,""top"":9583,""bottom"":9581},""time"":1729913880474},{""box"":{""left"":8627,""right"":5898,""top"":9583,""bottom"":9581},""time"":1729913880522},{""box"":{""left"":8627,""right"":5898,""top"":9583,""bottom"":9581},""time"":1729913880532},{""box"":{""left"":8627,""right"":5898,""top"":9583,""bottom"":9581},""time"":1729913880549},{""box"":{""left"":8627,""right"":5898,""top"":9583,""bottom"":9581},""time"":1729913880568},{""box"":{""left"":8627,""right"":5898,""top"":9583,""bottom"":9581},""time"":1729913880626},{""box"":{""left"":8627,""right"":5898,""top"":9583,""bottom"":9581},""time"":1729913880645},{""box"":{""left"":8627,""right"":5898,""top"":9583,""bottom"":9581},""time"":1729913880711},{""box"":{""left"":8627,""right"":5898,""top"":9583,""bottom"":9581},""time"":1729913880734},{""box"":{""left"":8627,""right"":5898,""top"":9583,""bottom"":9581},""time"":1729913880776},{""box"":{""left"":8627,""right"":5898,""top"":9583,""bottom"":9581},""time"":1729913880842},{""box"":{""left"":8627,""right"":5898,""top"":9583,""bottom"":9581},""time"":1729913880861},{""box"":{""left"":8627,""right"":5898,""top"":9583,""bottom"":9581},""time"":1729913880926},{""box"":{""left"":8627,""right"":5898,""top"":9583,""bottom"":9581},""time"":1729913880946},{""box"":{""left"":8627,""right"":5898,""top"":9583,""bottom"":9581},""time"":1729913881012},{""box"":{""left"":8627,""right"":5898,""top"":9583,""bottom"":9581},""time"":1729913881044},{""box"":{""left"":8627,""right"":5898,""top"":9583,""bottom"":9581},""time"":1729913881063},{""box"":{""left"":8627,""right"":5898,""top"":9583,""bottom"":9581},""time"":1729913881139},{""box"":{""left"":8627,""right"":5898,""top"":9583,""bottom"":9581},""time"":1729913881169},{""box"":{""left"":8627,""right"":5898,""top"":9583,""bottom"":9581},""time"":1729913881211},{""box"":{""left"":8627,""right"":5898,""top"":9583,""bottom"":9581},""time"":1729913881230},{""box"":{""left"":8627,""right"":5898,""top"":9583,""bottom"":9581},""time"":1729913881296},{""box"":{""left"":8627,""right"":5898,""top"":9583,""bottom"":9581},""time"":1729913881322},{""box"":{""left"":8627,""right"":5898,""top"":9583,""bottom"":9581},""time"":1729913881341},{""box"":{""left"":8627,""right"":5898,""top"":9583,""bottom"":9581},""time"":1729913881388},{""box"":{""left"":8627,""right"":5898,""top"":9583,""bottom"":9581},""time"":1729913881436},{""box"":{""left"":8627,""right"":5898,""top"":9583,""bottom"":9581},""time"":1729913881492},{""box"":{""left"":8627,""right"":5898,""top"":9583,""bottom"":9581},""time"":1729913881549},{""box"":{""left"":8627,""right"":5898,""top"":9583,""bottom"":9581},""time"":1729913881615},{""box"":{""left"":8627,""right"":5898,""top"":9583,""bottom"":9581},""time"":1729913881672},{""box"":{""left"":8627,""right"":5898,""top"":9583,""bottom"":9581},""time"":1729913881719},{""box"":{""left"":8627,""right"":5898,""top"":9583,""bottom"":9581},""time"":1729913881733},{""box"":{""left"":8627,""right"":5898,""top"":9583,""bottom"":9581},""time"":1729913881753},{""box"":{""left"":8627,""right"":5898,""top"":9583,""bottom"":9581},""time"":1729913881791},{""box"":{""left"":8627,""right"":5898,""top"":9583,""bottom"":9581},""time"":1729913881801},{""box"":{""left"":8627,""right"":5898,""top"":9583,""bottom"":9581},""time"":1729913881829},{""box"":{""left"":8627,""right"":5898,""top"":9583,""bottom"":9581},""time"":1729913881858},{""box"":{""left"":8627,""right"":5898,""top"":9583,""bottom"":9581},""time"":1729913881896},{""box"":{""left"":8627,""right"":5898,""top"":9583,""bottom"":9581},""time"":1729913881916},{""box"":{""left"":8627,""right"":5898,""top"":9583,""bottom"":9581},""time"":1729913881936},{""box"":{""left"":8627,""right"":5898,""top"":9583,""bottom"":9581},""time"":1729913881955},{""box"":{""left"":8627,""right"":5898,""top"":9583,""bottom"":9581},""time"":1729913881993},{""box"":{""left"":8627,""right"":5898,""top"":9583,""bottom"":9581},""time"":1729913882003},{""box"":{""left"":8627,""right"":5898,""top"":9583,""bottom"":9581},""time"":1729913882031},{""box"":{""left"":8627,""right"":5898,""top"":9583,""bottom"":9581},""time"":1729913882051},{""box"":{""left"":8627,""right"":5898,""top"":9583,""bottom"":9581},""time"":1729913882079},{""box"":{""left"":8627,""right"":5898,""top"":9583,""bottom"":9581},""time"":1729913882089},{""box"":{""left"":8627,""right"":5898,""top"":9583,""bottom"":9581},""time"":1729913882117},{""box"":{""left"":8627,""right"":5898,""top"":9583,""bottom"":9581},""time"":1729913882137},{""box"":{""left"":8627,""right"":5898,""top"":9583,""bottom"":9581},""time"":1729913882166},{""box"":{""left"":8627,""right"":5898,""top"":9583,""bottom"":9581},""time"":1729913882175},{""box"":{""left"":8627,""right"":5898,""top"":9583,""bottom"":9581},""time"":1729913882194},{""box"":{""left"":8627,""right"":5898,""top"":9583,""bottom"":9581},""time"":1729913882213},{""box"":{""left"":8627,""right"":5898,""top"":9583,""bottom"":9581},""time"":1729913882232},{""box"":{""left"":8627,""right"":5898,""top"":9583,""bottom"":9581},""time"":1729913882243},{""box"":{""left"":8627,""right"":5898,""top"":9583,""bottom"":9581},""time"":1729913882271},{""box"":{""left"":8627,""right"":5898,""top"":9583,""bottom"":9581},""time"":1729913882281},{""box"":{""left"":8627,""right"":5898,""top"":9583,""bottom"":9581},""time"":1729913882309},{""box"":{""left"":8627,""right"":5898,""top"":9583,""bottom"":9581},""time"":1729913882319},{""box"":{""left"":8627,""right"":5898,""top"":9583,""bottom"":9581},""time"":1729913882348},{""box"":{""left"":8627,""right"":5898,""top"":9583,""bottom"":9581},""time"":1729913882358},{""box"":{""left"":8627,""right"":5898,""top"":9583,""bottom"":9581},""time"":1729913882386},{""box"":{""left"":8627,""right"":5898,""top"":9583,""bottom"":9581},""time"":1729913882396},{""box"":{""left"":8627,""right"":5898,""top"":9583,""bottom"":9581},""time"":1729913882425},{""box"":{""left"":8627,""right"":5898,""top"":9583,""bottom"":9581},""time"":1729913882435},{""box"":{""left"":8627,""right"":5898,""top"":9583,""bottom"":9581},""time"":1729913882463},{""box"":{""left"":8627,""right"":5898,""top"":9583,""bottom"":9581},""time"":1729913882473},{""box"":{""left"":8627,""right"":5898,""top"":9583,""bottom"":9581},""time"":1729913882501},{""box"":{""left"":8627,""right"":5898,""top"":9583,""bottom"":9581},""time"":1729913882511},{""box"":{""left"":8627,""right"":5898,""top"":9583,""bottom"":9581},""time"":1729913882539},{""box"":{""left"":8627,""right"":5898,""top"":9583,""bottom"":9581},""time"":1729913882559},{""box"":{""left"":8627,""right"":5898,""top"":9583,""bottom"":9581},""time"":1729913882587},{""box"":{""left"":8627,""right"":5898,""top"":9583,""bottom"":9581},""time"":1729913882597},{""box"":{""left"":8627,""right"":5898,""top"":9583,""bottom"":9581},""time"":1729913882626},{""box"":{""left"":8627,""right"":5898,""top"":9583,""bottom"":9581},""time"":1729913882645},{""box"":{""left"":8627,""right"":5898,""top"":9583,""bottom"":9581},""time"":1729913882683},{""box"":{""left"":8627,""right"":5898,""top"":9583,""bottom"":9581},""time"":1729913882703},{""box"":{""left"":8627,""right"":5898,""top"":9583,""bottom"":9581},""time"":1729913882750},{""box"":{""left"":8627,""right"":5898,""top"":9583,""bottom"":9581},""time"":1729913882798},{""box"":{""left"":8627,""right"":5898,""top"":9583,""bottom"":9581},""time"":1729913882845},{""box"":{""left"":8627,""right"":5898,""top"":9583,""bottom"":9581},""time"":1729913882883},{""box"":{""left"":8627,""right"":5898,""top"":9583,""bottom"":9581},""time"":1729913882893},{""box"":{""left"":8627,""right"":5898,""top"":9583,""bottom"":9581},""time"":1729913882921},{""box"":{""left"":8627,""right"":5898,""top"":9583,""bottom"":9581},""time"":1729913882943},{""box"":{""left"":8627,""right"":5898,""top"":9583,""bottom"":9581},""time"":1729913882993},{""box"":{""left"":8627,""right"":5898,""top"":9583,""bottom"":9581},""time"":1729913883040},{""box"":{""left"":8627,""right"":5898,""top"":9583,""bottom"":9581},""time"":1729913883088},{""box"":{""left"":8627,""right"":5898,""top"":9583,""bottom"":9581},""time"":1729913883136},{""box"":{""left"":8627,""right"":5898,""top"":9583,""bottom"":9581},""time"":1729913883174},{""box"":{""left"":8627,""right"":5898,""top"":9583,""bottom"":9581},""time"":1729913883188},{""box"":{""left"":8627,""right"":5898,""top"":9583,""bottom"":9581},""time"":1729913883207},{""box"":{""left"":8627,""right"":5898,""top"":9583,""bottom"":9581},""time"":1729913883245},{""box"":{""left"":8627,""right"":5898,""top"":9583,""bottom"":9581},""time"":1729913883264},{""box"":{""left"":8627,""right"":5898,""top"":9583,""bottom"":9581},""time"":1729913883302},{""box"":{""left"":8627,""right"":5898,""top"":9583,""bottom"":9581},""time"":1729913883312},{""box"":{""left"":8627,""right"":5898,""top"":9583,""bottom"":9581},""time"":1729913883341},{""box"":{""left"":8627,""right"":5898,""top"":9583,""bottom"":9581},""time"":1729913883360},{""box"":{""left"":8627,""right"":5898,""top"":9583,""bottom"":9581},""time"":1729913883398},{""box"":{""left"":8627,""right"":5898,""top"":9583,""bottom"":9581},""time"":1729913883436},{""box"":{""left"":8627,""right"":5898,""top"":9583,""bottom"":9581},""time"":1729913883484},{""box"":{""left"":8627,""right"":5898,""top"":9583,""bottom"":9581},""time"":1729913883522},{""box"":{""left"":8627,""right"":5898,""top"":9583,""bottom"":9581},""time"":1729913883548},{""box"":{""left"":8627,""right"":5898,""top"":9583,""bottom"":9581},""time"":1729913883596},{""box"":{""left"":8627,""right"":5898,""top"":9583,""bottom"":9581},""time"":1729913883643},{""box"":{""left"":8627,""right"":5898,""top"":9583,""bottom"":9581},""time"":1729913883693},{""box"":{""left"":8627,""right"":5898,""top"":9583,""bottom"":9581},""time"":1729913883741},{""box"":{""left"":8627,""right"":5898,""top"":9583,""bottom"":9581},""time"":1729913883788},{""box"":{""left"":8627,""right"":5898,""top"":9583,""bottom"":9581},""time"":1729913883836},{""box"":{""left"":8627,""right"":5898,""top"":9583,""bottom"":9581},""time"":1729913883884},{""box"":{""left"":8627,""right"":5898,""top"":9583,""bottom"":9581},""time"":1729913883922},{""box"":{""left"":8627,""right"":5898,""top"":9583,""bottom"":9581},""time"":1729913883931},{""box"":{""left"":8627,""right"":5898,""top"":9583,""bottom"":9581},""time"":1729913883959},{""box"":{""left"":8627,""right"":5898,""top"":9583,""bottom"":9581},""time"":1729913884002},{""box"":{""left"":8627,""right"":5898,""top"":9583,""bottom"":9581},""time"":1729913884012},{""box"":{""left"":8627,""right"":5898,""top"":9583,""bottom"":9581},""time"":1729913884030},{""box"":{""left"":8627,""right"":5898,""top"":9583,""bottom"":9581},""time"":1729913884059},{""box"":{""left"":8627,""right"":5898,""top"":9583,""bottom"":9581},""time"":1729913884107},{""box"":{""left"":8627,""right"":5898,""top"":9583,""bottom"":9581},""time"":1729913884126},{""box"":{""left"":8627,""right"":5898,""top"":9583,""bottom"":9581},""time"":1729913884174},{""box"":{""left"":8627,""right"":5898,""top"":9583,""bottom"":9581},""time"":1729913884193},{""box"":{""left"":8627,""right"":5898,""top"":9583,""bottom"":9581},""time"":1729913884250},{""box"":{""left"":8627,""right"":5898,""top"":9583,""bottom"":9581},""time"":1729913884307},{""box"":{""left"":8627,""right"":5898,""top"":9583,""bottom"":9581},""time"":1729913884365},{""box"":{""left"":8627,""right"":5898,""top"":9583,""bottom"":9581},""time"":1729913884422},{""box"":{""left"":8627,""right"":5898,""top"":9583,""bottom"":9581},""time"":1729913884479},{""box"":{""left"":8627,""right"":5898,""top"":9583,""bottom"":9581},""time"":1729913884536},{""box"":{""left"":8627,""right"":5898,""top"":9583,""bottom"":9581},""time"":1729913884594},{""box"":{""left"":8627,""right"":5898,""top"":9583,""bottom"":9581},""time"":1729913884651},{""box"":{""left"":8627,""right"":5898,""top"":9583,""bottom"":9581},""time"":1729913884708},{""box"":{""left"":8627,""right"":5898,""top"":9583,""bottom"":9581},""time"":1729913884765},{""box"":{""left"":8627,""right"":5898,""top"":9583,""bottom"":9581},""time"":1729913884825},{""box"":{""left"":8627,""right"":5898,""top"":9583,""bottom"":9581},""time"":1729913884882},{""box"":{""left"":8627,""right"":5898,""top"":9583,""bottom"":9581},""time"":1729913884939},{""box"":{""left"":8627,""right"":5898,""top"":9583,""bottom"":9581},""time"":1729913884972},{""box"":{""left"":8627,""right"":5898,""top"":9583,""bottom"":9581},""time"":1729913885029},{""box"":{""left"":8627,""right"":5898,""top"":9583,""bottom"":9581},""time"":1729913885076},{""box"":{""left"":8627,""right"":5898,""top"":9583,""bottom"":9581},""time"":1729913885086},{""box"":{""left"":8627,""right"":5898,""top"":9583,""bottom"":9581},""time"":1729913885114},{""box"":{""left"":8627,""right"":5898,""top"":9583,""bottom"":9581},""time"":1729913885171},{""box"":{""left"":8627,""right"":5898,""top"":9583,""bottom"":9581},""time"":1729913885229},{""box"":{""left"":8627,""right"":5898,""top"":9583,""bottom"":9581},""time"":1729913885288},{""box"":{""left"":8627,""right"":5898,""top"":9583,""bottom"":9581},""time"":1729913885345},{""box"":{""left"":8627,""right"":5898,""top"":9583,""bottom"":9581},""time"":1729913885402},{""box"":{""left"":8627,""right"":5898,""top"":9583,""bottom"":9581},""time"":1729913885460},{""box"":{""left"":8627,""right"":5898,""top"":9583,""bottom"":9581},""time"":1729913885521},{""box"":{""left"":8627,""right"":5898,""top"":9583,""bottom"":9581},""time"":1729913885588},{""box"":{""left"":8627,""right"":5898,""top"":9583,""bottom"":9581},""time"":1729913885654},{""box"":{""left"":8627,""right"":5898,""top"":9583,""bottom"":9581},""time"":1729913885721},{""box"":{""left"":8627,""right"":5898,""top"":9583,""bottom"":9581},""time"":1729913885778},{""box"":{""left"":8627,""right"":5898,""top"":9583,""bottom"":9581},""time"":1729913885797},{""box"":{""left"":8627,""right"":5898,""top"":9583,""bottom"":9581},""time"":1729913885846},{""box"":{""left"":8627,""right"":5898,""top"":9583,""bottom"":9581},""time"":1729913885865},{""box"":{""left"":8627,""right"":5898,""top"":9583,""bottom"":9581},""time"":1729913885923},{""box"":{""left"":8627,""right"":5898,""top"":9583,""bottom"":9581},""time"":1729913885989},{""box"":{""left"":8627,""right"":5898,""top"":9583,""bottom"":9581},""time"":1729913886048},{""box"":{""left"":8627,""right"":5898,""top"":9583,""bottom"":9581},""time"":1729913886106},{""box"":{""left"":8627,""right"":5898,""top"":9583,""bottom"":9581},""time"":1729913886173},{""box"":{""left"":8627,""right"":5898,""top"":9583,""bottom"":9581},""time"":1729913886239},{""box"":{""left"":8627,""right"":5898,""top"":9583,""bottom"":9581},""time"":1729913886315},{""box"":{""left"":8627,""right"":5898,""top"":9583,""bottom"":9581},""time"":1729913886382},{""box"":{""left"":8627,""right"":5898,""top"":9583,""bottom"":9581},""time"":1729913886451},{""box"":{""left"":8627,""right"":5898,""top"":9583,""bottom"":9581},""time"":1729913886518},{""box"":{""left"":8627,""right"":5898,""top"":9583,""bottom"":9581},""time"":1729913886575},{""box"":{""left"":8627,""right"":5898,""top"":9583,""bottom"":9581},""time"":1729913886641},{""box"":{""left"":8627,""right"":5898,""top"":9583,""bottom"":9581},""time"":1729913886708},{""box"":{""left"":8627,""right"":5898,""top"":9583,""bottom"":9581},""time"":1729913886774},{""box"":{""left"":8627,""right"":5898,""top"":9583,""bottom"":9581},""time"":1729913886830},{""box"":{""left"":8627,""right"":5898,""top"":9583,""bottom"":9581},""time"":1729913886888},{""box"":{""left"":8627,""right"":5898,""top"":9583,""bottom"":9581},""time"":1729913886944},{""box"":{""left"":8627,""right"":5898,""top"":9583,""bottom"":9581},""time"":1729913887001},{""box"":{""left"":8627,""right"":5898,""top"":9583,""bottom"":9581},""time"":1729913887067},{""box"":{""left"":8627,""right"":5898,""top"":9583,""bottom"":9581},""time"":1729913887124},{""box"":{""left"":8627,""right"":5898,""top"":9583,""bottom"":9581},""time"":1729913887183},{""box"":{""left"":8627,""right"":5898,""top"":9583,""bottom"":9581},""time"":1729913887240},{""box"":{""left"":8627,""right"":5898,""top"":9583,""bottom"":9581},""time"":1729913887287},{""box"":{""left"":8627,""right"":5898,""top"":9583,""bottom"":9581},""time"":1729913887312},{""box"":{""left"":8627,""right"":5898,""top"":9583,""bottom"":9581},""time"":1729913887359},{""box"":{""left"":8627,""right"":5898,""top"":9583,""bottom"":9581},""time"":1729913887379},{""box"":{""left"":8627,""right"":5898,""top"":9583,""bottom"":9581},""time"":1729913887398},{""box"":{""left"":8627,""right"":5898,""top"":9583,""bottom"":9581},""time"":1729913887451},{""box"":{""left"":8627,""right"":5898,""top"":9583,""bottom"":9581},""time"":1729913887470},{""box"":{""left"":8627,""right"":5898,""top"":9583,""bottom"":9581},""time"":1729913887517},{""box"":{""left"":8627,""right"":5898,""top"":9583,""bottom"":9581},""time"":1729913887546},{""box"":{""left"":8627,""right"":5898,""top"":9583,""bottom"":9581},""time"":1729913887612},{""box"":{""left"":8627,""right"":5898,""top"":9583,""bottom"":9581},""time"":1729913887679},{""box"":{""left"":8627,""right"":5898,""top"":9583,""bottom"":9581},""time"":1729913887745},{""box"":{""left"":8627,""right"":5898,""top"":9583,""bottom"":9581},""time"":1729913887811},{""box"":{""left"":8627,""right"":5898,""top"":9583,""bottom"":9581},""time"":1729913887878},{""box"":{""left"":8627,""right"":5898,""top"":9583,""bottom"":9581},""time"":1729913887943},{""box"":{""left"":8627,""right"":5898,""top"":9583,""bottom"":9581},""time"":1729913888010},{""box"":{""left"":8627,""right"":5898,""top"":9583,""bottom"":9581},""time"":1729913888076},{""box"":{""left"":8627,""right"":5898,""top"":9583,""bottom"":9581},""time"":1729913888142},{""box"":{""left"":8627,""right"":5898,""top"":9583,""bottom"":9581},""time"":1729913888199},{""box"":{""left"":8627,""right"":5898,""top"":9583,""bottom"":9581},""time"":1729913888271},{""box"":{""left"":8627,""right"":5898,""top"":9583,""bottom"":9581},""time"":1729913888342},{""box"":{""left"":8627,""right"":5898,""top"":9583,""bottom"":9581},""time"":1729913888414},{""box"":{""left"":8627,""right"":5898,""top"":9583,""bottom"":9581},""time"":1729913888486},{""box"":{""left"":8627,""right"":5898,""top"":9583,""bottom"":9581},""time"":1729913888557},{""box"":{""left"":8627,""right"":5898,""top"":9583,""bottom"":9581},""time"":1729913888629},{""box"":{""left"":8627,""right"":5898,""top"":9583,""bottom"":9581},""time"":1729913888701},{""box"":{""left"":8627,""right"":5898,""top"":9583,""bottom"":9581},""time"":1729913889065},{""box"":{""left"":8627,""right"":5898,""top"":9583,""bottom"":9581},""time"":1729913889138},{""box"":{""left"":8627,""right"":5898,""top"":9583,""bottom"":9581},""time"":1729913889210},{""box"":{""left"":8627,""right"":5898,""top"":9583,""bottom"":9581},""time"":1729913889281},{""box"":{""left"":8627,""right"":5898,""top"":9583,""bottom"":9581},""time"":1729913889353},{""box"":{""left"":8627,""right"":5898,""top"":9583,""bottom"":9581},""time"":1729913889409},{""box"":{""left"":8627,""right"":5898,""top"":9583,""bottom"":9581},""time"":1729913889438},{""box"":{""left"":8627,""right"":5898,""top"":9583,""bottom"":9581},""time"":1729913889511},{""box"":{""left"":8627,""right"":5898,""top"":9583,""bottom"":9581},""time"":1729913889572},{""box"":{""left"":8627,""right"":5898,""top"":9583,""bottom"":9581},""time"":1729913889611},{""box"":{""left"":8627,""right"":5898,""top"":9583,""bottom"":9581},""time"":1729913889673},{""box"":{""left"":8627,""right"":5898,""top"":9583,""bottom"":9581},""time"":1729913889701},{""box"":{""left"":8627,""right"":5898,""top"":9583,""bottom"":9581},""time"":1729913889714},{""box"":{""left"":8627,""right"":5898,""top"":9583,""bottom"":9581},""time"":1729913889777},{""box"":{""left"":8627,""right"":5898,""top"":9583,""bottom"":9581},""time"":1729913889796},{""box"":{""left"":8627,""right"":5898,""top"":9583,""bottom"":9581},""time"":1729913889859},{""box"":{""left"":8627,""right"":5898,""top"":9583,""bottom"":9581},""time"":1729913889887},{""box"":{""left"":8627,""right"":5898,""top"":9583,""bottom"":9581},""time"":1729913889959},{""box"":{""left"":8627,""right"":5898,""top"":9583,""bottom"":9581},""time"":1729913890006},{""box"":{""left"":8627,""right"":5898,""top"":9583,""bottom"":9581},""time"":1729913890052},{""box"":{""left"":8627,""right"":5898,""top"":9583,""bottom"":9581},""time"":1729913890098},{""box"":{""left"":8627,""right"":5898,""top"":9583,""bottom"":9581},""time"":1729913890169},{""box"":{""left"":8627,""right"":5898,""top"":9583,""bottom"":9581},""time"":1729913890241},{""box"":{""left"":8627,""right"":5898,""top"":9583,""bottom"":9581},""time"":1729913890314},{""box"":{""left"":8627,""right"":5898,""top"":9583,""bottom"":9581},""time"":1729913890385},{""box"":{""left"":8627,""right"":5898,""top"":9583,""bottom"":9581},""time"":1729913890457},{""box"":{""left"":8627,""right"":5898,""top"":9583,""bottom"":9581},""time"":1729913890529},{""box"":{""left"":8627,""right"":5898,""top"":9583,""bottom"":9581},""time"":1729913890591},{""box"":{""left"":8627,""right"":5898,""top"":9583,""bottom"":9581},""time"":1729913890668},{""box"":{""left"":8627,""right"":5898,""top"":9583,""bottom"":9581},""time"":1729913890740},{""box"":{""left"":8627,""right"":5898,""top"":9583,""bottom"":9581},""time"":1729913890811},{""box"":{""left"":8627,""right"":5898,""top"":9583,""bottom"":9581},""time"":1729913890884},{""box"":{""left"":8627,""right"":5898,""top"":9583,""bottom"":9581},""time"":1729913890943},{""box"":{""left"":8627,""right"":5898,""top"":9583,""bottom"":9581},""time"":1729913891015},{""box"":{""left"":8627,""right"":5898,""top"":9583,""bottom"":9581},""time"":1729913891073},{""box"":{""left"":8627,""right"":5898,""top"":9583,""bottom"":9581},""time"":1729913891155},{""box"":{""left"":8627,""right"":5898,""top"":9583,""bottom"":9581},""time"":1729913891224},{""box"":{""left"":8627,""right"":5898,""top"":9583,""bottom"":9581},""time"":1729913891305},{""box"":{""left"":8627,""right"":5898,""top"":9583,""bottom"":9581},""time"":1729913891415},{""box"":{""left"":8627,""right"":5898,""top"":9583,""bottom"":9581},""time"":1729913891496},{""box"":{""left"":8627,""right"":5898,""top"":9583,""bottom"":9581},""time"":1729913891590},{""box"":{""left"":8627,""right"":5898,""top"":9583,""bottom"":9581},""time"":1729913891710},{""box"":{""left"":8627,""right"":5898,""top"":9583,""bottom"":9581},""time"":1729913891821},{""box"":{""left"":8627,""right"":5898,""top"":9583,""bottom"":9581},""time"":1729913891931},{""box"":{""left"":8627,""right"":5898,""top"":9583,""bottom"":9581},""time"":1729913891999},{""box"":{""left"":8627,""right"":5898,""top"":9583,""bottom"":9581},""time"":1729913892099},{""box"":{""left"":8627,""right"":5898,""top"":9583,""bottom"":9581},""time"":1729913892216},{""box"":{""left"":8627,""right"":5898,""top"":9583,""bottom"":9581},""time"":1729913892299},{""box"":{""left"":8627,""right"":5898,""top"":9583,""bottom"":9581},""time"":1729913892381},{""box"":{""left"":8627,""right"":5898,""top"":9583,""bottom"":9581},""time"":1729913892449},{""box"":{""left"":8627,""right"":5898,""top"":9583,""bottom"":9581},""time"":1729913892530},{""box"":{""left"":8627,""right"":5898,""top"":9583,""bottom"":9581},""time"":1729913892607},{""box"":{""left"":8627,""right"":5898,""top"":9583,""bottom"":9581},""time"":1729913892693},{""box"":{""left"":8627,""right"":5898,""top"":9583,""bottom"":9581},""time"":1729913892769},{""box"":{""left"":8627,""right"":5898,""top"":9583,""bottom"":9581},""time"":1729913892845},{""box"":{""left"":8627,""right"":5898,""top"":9583,""bottom"":9581},""time"":1729913892921},{""box"":{""left"":8627,""right"":5898,""top"":9583,""bottom"":9581},""time"":1729913892998},{""box"":{""left"":8627,""right"":5898,""top"":9583,""bottom"":9581},""time"":1729913893074},{""box"":{""left"":8627,""right"":5898,""top"":9583,""bottom"":9581},""time"":1729913893150},{""box"":{""left"":8627,""right"":5898,""top"":9583,""bottom"":9581},""time"":1729913893226},{""box"":{""left"":8627,""right"":5898,""top"":9583,""bottom"":9581},""time"":1729913893302},{""box"":{""left"":8627,""right"":5898,""top"":9583,""bottom"":9581},""time"":1729913893398},{""box"":{""left"":8627,""right"":5898,""top"":9583,""bottom"":9581},""time"":1729913893456},{""box"":{""left"":8627,""right"":5898,""top"":9583,""bottom"":9581},""time"":1729913893533},{""box"":{""left"":8627,""right"":5898,""top"":9583,""bottom"":9581},""time"":1729913893611},{""box"":{""left"":8627,""right"":5898,""top"":9583,""bottom"":9581},""time"":1729913893688},{""box"":{""left"":8627,""right"":5898,""top"":9583,""bottom"":9581},""time"":1729913893766},{""box"":{""left"":8627,""right"":5898,""top"":9583,""bottom"":9581},""time"":1729913893844},{""box"":{""left"":8627,""right"":5898,""top"":9583,""bottom"":9581},""time"":1729913893920},{""box"":{""left"":8627,""right"":5898,""top"":9583,""bottom"":9581},""time"":1729913894007},{""box"":{""left"":8627,""right"":5898,""top"":9583,""bottom"":9581},""time"":1729913894133},{""box"":{""left"":8627,""right"":5898,""top"":9583,""bottom"":9581},""time"":1729913894209},{""box"":{""left"":8627,""right"":5898,""top"":9583,""bottom"":9581},""time"":1729913894287},{""box"":{""left"":8627,""right"":5898,""top"":9583,""bottom"":9581},""time"":1729913894390},{""box"":{""left"":8627,""right"":5898,""top"":9583,""bottom"":9581},""time"":1729913894452},{""box"":{""left"":8627,""right"":5898,""top"":9583,""bottom"":9581},""time"":1729913894556},{""box"":{""left"":8627,""right"":5898,""top"":9583,""bottom"":9581},""time"":1729913894686},{""box"":{""left"":8627,""right"":5898,""top"":9583,""bottom"":9581},""time"":1729913894774},{""box"":{""left"":8627,""right"":5898,""top"":9583,""bottom"":9581},""time"":1729913894850},{""box"":{""left"":8627,""right"":5898,""top"":9583,""bottom"":9581},""time"":1729913894928},{""box"":{""left"":8627,""right"":5898,""top"":9583,""bottom"":9581},""time"":1729913895000},{""box"":{""left"":8627,""right"":5898,""top"":9583,""bottom"":9581},""time"":1729913895078},{""box"":{""left"":8627,""right"":5898,""top"":9583,""bottom"":9581},""time"":1729913895155},{""box"":{""left"":8627,""right"":5898,""top"":9583,""bottom"":9581},""time"":1729913895233},{""box"":{""left"":8627,""right"":5898,""top"":9583,""bottom"":9581},""time"":1729913895312},{""box"":{""left"":8627,""right"":5898,""top"":9583,""bottom"":9581},""time"":1729913895390},{""box"":{""left"":8627,""right"":5898,""top"":9583,""bottom"":9581},""time"":1729913895466},{""box"":{""left"":8627,""right"":5898,""top"":9583,""bottom"":9581},""time"":1729913895544},{""box"":{""left"":8627,""right"":5898,""top"":9583,""bottom"":9581},""time"":1729913895621},{""box"":{""left"":8627,""right"":5898,""top"":9583,""bottom"":9581},""time"":1729913895699},{""box"":{""left"":8627,""right"":5898,""top"":9583,""bottom"":9581},""time"":1729913895787},{""box"":{""left"":8627,""right"":5898,""top"":9583,""bottom"":9581},""time"":1729913895930},{""box"":{""left"":8627,""right"":5898,""top"":9583,""bottom"":9581},""time"":1729913896008},{""box"":{""left"":8627,""right"":5898,""top"":9583,""bottom"":9581},""time"":1729913896086},{""box"":{""left"":8627,""right"":5898,""top"":9583,""bottom"":9581},""time"":1729913896212},{""box"":{""left"":8627,""right"":5898,""top"":9583,""bottom"":9581},""time"":1729913896310},{""box"":{""left"":8627,""right"":5898,""top"":9583,""bottom"":9581},""time"":1729913896405},{""box"":{""left"":8627,""right"":5898,""top"":9583,""bottom"":9581},""time"":1729913896492},{""box"":{""left"":8627,""right"":5898,""top"":9583,""bottom"":9581},""time"":1729913896587},{""box"":{""left"":8627,""right"":5898,""top"":9583,""bottom"":9581},""time"":1729913896695},{""box"":{""left"":8627,""right"":5898,""top"":9583,""bottom"":9581},""time"":1729913896727},{""box"":{""left"":8627,""right"":5898,""top"":9583,""bottom"":9581},""time"":1729913896800},{""box"":{""left"":8627,""right"":5898,""top"":9583,""bottom"":9581},""time"":1729913896885},{""box"":{""left"":8627,""right"":5898,""top"":9583,""bottom"":9581},""time"":1729913896938},{""box"":{""left"":8627,""right"":5898,""top"":9583,""bottom"":9581},""time"":1729913896975},{""box"":{""left"":8627,""right"":5898,""top"":9583,""bottom"":9581},""time"":1729913897022},{""box"":{""left"":8627,""right"":5898,""top"":9583,""bottom"":9581},""time"":1729913897079},{""box"":{""left"":8627,""right"":5898,""top"":9583,""bottom"":9581},""time"":1729913897142},{""box"":{""left"":8627,""right"":5898,""top"":9583,""bottom"":9581},""time"":1729913897223},{""box"":{""left"":8627,""right"":5898,""top"":9583,""bottom"":9581},""time"":1729913897320},{""box"":{""left"":8627,""right"":5898,""top"":9583,""bottom"":9581},""time"":1729913897425},{""box"":{""left"":8627,""right"":5898,""top"":9583,""bottom"":9581},""time"":1729913897488},{""box"":{""left"":8627,""right"":5898,""top"":9583,""bottom"":9581},""time"":1729913897569},{""box"":{""left"":8627,""right"":5898,""top"":9583,""bottom"":9581},""time"":1729913897674},{""box"":{""left"":8627,""right"":5898,""top"":9583,""bottom"":9581},""time"":1729913897731},{""box"":{""left"":8627,""right"":5898,""top"":9583,""bottom"":9581},""time"":1729913897830},{""box"":{""left"":8627,""right"":5898,""top"":9583,""bottom"":9581},""time"":1729913897925},{""box"":{""left"":8627,""right"":5898,""top"":9583,""bottom"":9581},""time"":1729913897980},{""box"":{""left"":8627,""right"":5898,""top"":9583,""bottom"":9581},""time"":1729913898089},{""box"":{""left"":8627,""right"":5898,""top"":9583,""bottom"":9581},""time"":1729913898178},{""box"":{""left"":8627,""right"":5898,""top"":9583,""bottom"":9581},""time"":1729913898267},{""box"":{""left"":8627,""right"":5898,""top"":9583,""bottom"":9581},""time"":1729913898365},{""box"":{""left"":8627,""right"":5898,""top"":9583,""bottom"":9581},""time"":1729913898436},{""box"":{""left"":8627,""right"":5898,""top"":9583,""bottom"":9581},""time"":1729913898497},{""box"":{""left"":8627,""right"":5898,""top"":9583,""bottom"":9581},""time"":1729913898548},{""box"":{""left"":8627,""right"":5898,""top"":9583,""bottom"":9581},""time"":1729913898605},{""box"":{""left"":8627,""right"":5898,""top"":9583,""bottom"":9581},""time"":1729913898733},{""box"":{""left"":8627,""right"":5898,""top"":9583,""bottom"":9581},""time"":1729913898779},{""box"":{""left"":8627,""right"":5898,""top"":9583,""bottom"":9581},""time"":1729913898867},{""box"":{""left"":8627,""right"":5898,""top"":9583,""bottom"":9581},""time"":1729913898945},{""box"":{""left"":8627,""right"":5898,""top"":9583,""bottom"":9581},""time"":1729913899025},{""box"":{""left"":8627,""right"":5898,""top"":9583,""bottom"":9581},""time"":1729913899124},{""box"":{""left"":8627,""right"":5898,""top"":9583,""bottom"":9581},""time"":1729913899212},{""box"":{""left"":8627,""right"":5898,""top"":9583,""bottom"":9581},""time"":1729913899274},{""box"":{""left"":8627,""right"":5898,""top"":9583,""bottom"":9581},""time"":1729913899342},{""box"":{""left"":8627,""right"":5898,""top"":9583,""bottom"":9581},""time"":1729913899443},{""box"":{""left"":8627,""right"":5898,""top"":9583,""bottom"":9581},""time"":1729913899666},{""box"":{""left"":8627,""right"":5898,""top"":9583,""bottom"":9581},""time"":1729913899726},{""box"":{""left"":8627,""right"":5898,""top"":9583,""bottom"":9581},""time"":1729913899808},{""box"":{""left"":8627,""right"":5898,""top"":9583,""bottom"":9581},""time"":1729913899977},{""box"":{""left"":8627,""right"":5898,""top"":9583,""bottom"":9581},""time"":1729913900077},{""box"":{""left"":8627,""right"":5898,""top"":9583,""bottom"":9581},""time"":1729913900167},{""box"":{""left"":8627,""right"":5898,""top"":9583,""bottom"":9581},""time"":1729913900244}",,,,,
57104,Person,2024-10-26 12:37:28,2024-10-26 12:38:01,"{""left"":8461,""right"":5875,""top"":9610,""bottom"":9817},{""box"":{""left"":8461,""right"":5875,""top"":9610,""bottom"":9817},""time"":1729913848672},{""box"":{""left"":8461,""right"":5875,""top"":9610,""bottom"":9817},""time"":1729913848781},{""box"":{""left"":8461,""right"":5875,""top"":9610,""bottom"":9817},""time"":1729913848938},{""box"":{""left"":8461,""right"":5875,""top"":9610,""bottom"":9817},""time"":1729913849626},{""box"":{""left"":8461,""right"":5875,""top"":9610,""bottom"":9817},""time"":1729913849715},{""box"":{""left"":8461,""right"":5875,""top"":9610,""bottom"":9817},""time"":1729913849804},{""box"":{""left"":8461,""right"":5875,""top"":9610,""bottom"":9817},""time"":1729913849892},{""box"":{""left"":8461,""right"":5875,""top"":9610,""bottom"":9817},""time"":1729913849980},{""box"":{""left"":8461,""right"":5875,""top"":9610,""bottom"":9817},""time"":1729913850092},{""box"":{""left"":8461,""right"":5875,""top"":9610,""bottom"":9817},""time"":1729913850179},{""box"":{""left"":8461,""right"":5875,""top"":9610,""bottom"":9817},""time"":1729913850268},{""box"":{""left"":8461,""right"":5875,""top"":9610,""bottom"":9817},""time"":1729913850359},{""box"":{""left"":8461,""right"":5875,""top"":9610,""bottom"":9817},""time"":1729913850463},{""box"":{""left"":8461,""right"":5875,""top"":9610,""bottom"":9817},""time"":1729913850554},{""box"":{""left"":8461,""right"":5875,""top"":9610,""bottom"":9817},""time"":1729913850649},{""box"":{""left"":8461,""right"":5875,""top"":9610,""bottom"":9817},""time"":1729913850744},{""box"":{""left"":8461,""right"":5875,""top"":9610,""bottom"":9817},""time"":1729913850839},{""box"":{""left"":8461,""right"":5875,""top"":9610,""bottom"":9817},""time"":1729913850938},{""box"":{""left"":8461,""right"":5875,""top"":9610,""bottom"":9817},""time"":1729913851030},{""box"":{""left"":8461,""right"":5875,""top"":9610,""bottom"":9817},""time"":1729913851121},{""box"":{""left"":8461,""right"":5875,""top"":9610,""bottom"":9817},""time"":1729913851211},{""box"":{""left"":8461,""right"":5875,""top"":9610,""bottom"":9817},""time"":1729913851300},{""box"":{""left"":8461,""right"":5875,""top"":9610,""bottom"":9817},""time"":1729913851391},{""box"":{""left"":8461,""right"":5875,""top"":9610,""bottom"":9817},""time"":1729913851496},{""box"":{""left"":8461,""right"":5875,""top"":9610,""bottom"":9817},""time"":1729913851576},{""box"":{""left"":8461,""right"":5875,""top"":9610,""bottom"":9817},""time"":1729913851668},{""box"":{""left"":8461,""right"":5875,""top"":9610,""bottom"":9817},""time"":1729913851757},{""box"":{""left"":8461,""right"":5875,""top"":9610,""bottom"":9817},""time"":1729913851848},{""box"":{""left"":8461,""right"":5875,""top"":9610,""bottom"":9817},""time"":1729913851943},{""box"":{""left"":8461,""right"":5875,""top"":9610,""bottom"":9817},""time"":1729913852037},{""box"":{""left"":8461,""right"":5875,""top"":9610,""bottom"":9817},""time"":1729913852132},{""box"":{""left"":8461,""right"":5875,""top"":9610,""bottom"":9817},""time"":1729913852295},{""box"":{""left"":8461,""right"":5875,""top"":9610,""bottom"":9817},""time"":1729913852392},{""box"":{""left"":8461,""right"":5875,""top"":9610,""bottom"":9817},""time"":1729913852484},{""box"":{""left"":8461,""right"":5875,""top"":9610,""bottom"":9817},""time"":1729913852757},{""box"":{""left"":8461,""right"":5875,""top"":9610,""bottom"":9817},""time"":1729913852954},{""box"":{""left"":8461,""right"":5875,""top"":9610,""bottom"":9817},""time"":1729913853105},{""box"":{""left"":8461,""right"":5875,""top"":9610,""bottom"":9817},""time"":1729913853617},{""box"":{""left"":8461,""right"":5875,""top"":9610,""bottom"":9817},""time"":1729913853711},{""box"":{""left"":8461,""right"":5875,""top"":9610,""bottom"":9817},""time"":1729913853802},{""box"":{""left"":8461,""right"":5875,""top"":9610,""bottom"":9817},""time"":1729913853893},{""box"":{""left"":8461,""right"":5875,""top"":9610,""bottom"":9817},""time"":1729913853997},{""box"":{""left"":8461,""right"":5875,""top"":9610,""bottom"":9817},""time"":1729913854092},{""box"":{""left"":8461,""right"":5875,""top"":9610,""bottom"":9817},""time"":1729913854644},{""box"":{""left"":8461,""right"":5875,""top"":9610,""bottom"":9817},""time"":1729913854771},{""box"":{""left"":8461,""right"":5875,""top"":9610,""bottom"":9817},""time"":1729913854884},{""box"":{""left"":8461,""right"":5875,""top"":9610,""bottom"":9817},""time"":1729913855353},{""box"":{""left"":8461,""right"":5875,""top"":9610,""bottom"":9817},""time"":1729913855577},{""box"":{""left"":8461,""right"":5875,""top"":9610,""bottom"":9817},""time"":1729913855692},{""box"":{""left"":8461,""right"":5875,""top"":9610,""bottom"":9817},""time"":1729913855836},{""box"":{""left"":8461,""right"":5875,""top"":9610,""bottom"":9817},""time"":1729913856198},{""box"":{""left"":8461,""right"":5875,""top"":9610,""bottom"":9817},""time"":1729913856309},{""box"":{""left"":8461,""right"":5875,""top"":9610,""bottom"":9817},""time"":1729913856576},{""box"":{""left"":8461,""right"":5875,""top"":9610,""bottom"":9817},""time"":1729913856698},{""box"":{""left"":8461,""right"":5875,""top"":9610,""bottom"":9817},""time"":1729913856806},{""box"":{""left"":8461,""right"":5875,""top"":9610,""bottom"":9817},""time"":1729913857274},{""box"":{""left"":8461,""right"":5875,""top"":9610,""bottom"":9817},""time"":1729913857473},{""box"":{""left"":8461,""right"":5875,""top"":9610,""bottom"":9817},""time"":1729913857585},{""box"":{""left"":8461,""right"":5875,""top"":9610,""bottom"":9817},""time"":1729913857815},{""box"":{""left"":8461,""right"":5875,""top"":9610,""bottom"":9817},""time"":1729913857903},{""box"":{""left"":8461,""right"":5875,""top"":9610,""bottom"":9817},""time"":1729913858398},{""box"":{""left"":8461,""right"":5875,""top"":9610,""bottom"":9817},""time"":1729913858507},{""box"":{""left"":8461,""right"":5875,""top"":9610,""bottom"":9817},""time"":1729913858642},{""box"":{""left"":8461,""right"":5875,""top"":9610,""bottom"":9817},""time"":1729913858763},{""box"":{""left"":8461,""right"":5875,""top"":9610,""bottom"":9817},""time"":1729913858995},{""box"":{""left"":8461,""right"":5875,""top"":9610,""bottom"":9817},""time"":1729913859097},{""box"":{""left"":8461,""right"":5875,""top"":9610,""bottom"":9817},""time"":1729913859232},{""box"":{""left"":8461,""right"":5875,""top"":9610,""bottom"":9817},""time"":1729913859404},{""box"":{""left"":8461,""right"":5875,""top"":9610,""bottom"":9817},""time"":1729913859511},{""box"":{""left"":8461,""right"":5875,""top"":9610,""bottom"":9817},""time"":1729913859712},{""box"":{""left"":8461,""right"":5875,""top"":9610,""bottom"":9817},""time"":1729913859911},{""box"":{""left"":8461,""right"":5875,""top"":9610,""bottom"":9817},""time"":1729913860050},{""box"":{""left"":8461,""right"":5875,""top"":9610,""bottom"":9817},""time"":1729913860167},{""box"":{""left"":8461,""right"":5875,""top"":9610,""bottom"":9817},""time"":1729913860258},{""box"":{""left"":8461,""right"":5875,""top"":9610,""bottom"":9817},""time"":1729913860353},{""box"":{""left"":8461,""right"":5875,""top"":9610,""bottom"":9817},""time"":1729913860838},{""box"":{""left"":8461,""right"":5875,""top"":9610,""bottom"":9817},""time"":1729913861007},{""box"":{""left"":8461,""right"":5875,""top"":9610,""bottom"":9817},""time"":1729913861103},{""box"":{""left"":8461,""right"":5875,""top"":9610,""bottom"":9817},""time"":1729913861273},{""box"":{""left"":8461,""right"":5875,""top"":9610,""bottom"":9817},""time"":1729913861371},{""box"":{""left"":8461,""right"":5875,""top"":9610,""bottom"":9817},""time"":1729913861468},{""box"":{""left"":8461,""right"":5875,""top"":9610,""bottom"":9817},""time"":1729913861565},{""box"":{""left"":8461,""right"":5875,""top"":9610,""bottom"":9817},""time"":1729913861653},{""box"":{""left"":8461,""right"":5875,""top"":9610,""bottom"":9817},""time"":1729913861804},{""box"":{""left"":8461,""right"":5875,""top"":9610,""bottom"":9817},""time"":1729913861914},{""box"":{""left"":8461,""right"":5875,""top"":9610,""bottom"":9817},""time"":1729913862024},{""box"":{""left"":8461,""right"":5875,""top"":9610,""bottom"":9817},""time"":1729913862133},{""box"":{""left"":8461,""right"":5875,""top"":9610,""bottom"":9817},""time"":1729913862237},{""box"":{""left"":8461,""right"":5875,""top"":9610,""bottom"":9817},""time"":1729913862437},{""box"":{""left"":8461,""right"":5875,""top"":9610,""bottom"":9817},""time"":1729913862547},{""box"":{""left"":8461,""right"":5875,""top"":9610,""bottom"":9817},""time"":1729913862664},{""box"":{""left"":8461,""right"":5875,""top"":9610,""bottom"":9817},""time"":1729913862770},{""box"":{""left"":8461,""right"":5875,""top"":9610,""bottom"":9817},""time"":1729913862881},{""box"":{""left"":8461,""right"":5875,""top"":9610,""bottom"":9817},""time"":1729913862998},{""box"":{""left"":8461,""right"":5875,""top"":9610,""bottom"":9817},""time"":1729913863115},{""box"":{""left"":8461,""right"":5875,""top"":9610,""bottom"":9817},""time"":1729913863232},{""box"":{""left"":8461,""right"":5875,""top"":9610,""bottom"":9817},""time"":1729913863456},{""box"":{""left"":8461,""right"":5875,""top"":9610,""bottom"":9817},""time"":1729913863573},{""box"":{""left"":8461,""right"":5875,""top"":9610,""bottom"":9817},""time"":1729913863903},{""box"":{""left"":8461,""right"":5875,""top"":9610,""bottom"":9817},""time"":1729913864042},{""box"":{""left"":8461,""right"":5875,""top"":9610,""bottom"":9817},""time"":1729913864249},{""box"":{""left"":8461,""right"":5875,""top"":9610,""bottom"":9817},""time"":1729913864450},{""box"":{""left"":8461,""right"":5875,""top"":9610,""bottom"":9817},""time"":1729913864797},{""box"":{""left"":8461,""right"":5875,""top"":9610,""bottom"":9817},""time"":1729913864874},{""box"":{""left"":8461,""right"":5875,""top"":9610,""bottom"":9817},""time"":1729913864973},{""box"":{""left"":8461,""right"":5875,""top"":9610,""bottom"":9817},""time"":1729913865148},{""box"":{""left"":8461,""right"":5875,""top"":9610,""bottom"":9817},""time"":1729913865225},{""box"":{""left"":8461,""right"":5875,""top"":9610,""bottom"":9817},""time"":1729913865304},{""box"":{""left"":8461,""right"":5875,""top"":9610,""bottom"":9817},""time"":1729913865418},{""box"":{""left"":8461,""right"":5875,""top"":9610,""bottom"":9817},""time"":1729913865536},{""box"":{""left"":8461,""right"":5875,""top"":9610,""bottom"":9817},""time"":1729913865658},{""box"":{""left"":8461,""right"":5875,""top"":9610,""bottom"":9817},""time"":1729913865782},{""box"":{""left"":8461,""right"":5875,""top"":9610,""bottom"":9817},""time"":1729913865887},{""box"":{""left"":8461,""right"":5875,""top"":9610,""bottom"":9817},""time"":1729913865980},{""box"":{""left"":8461,""right"":5875,""top"":9610,""bottom"":9817},""time"":1729913866115},{""box"":{""left"":8461,""right"":5875,""top"":9610,""bottom"":9817},""time"":1729913866238},{""box"":{""left"":8461,""right"":5875,""top"":9610,""bottom"":9817},""time"":1729913866361},{""box"":{""left"":8461,""right"":5875,""top"":9610,""bottom"":9817},""time"":1729913866450},{""box"":{""left"":8461,""right"":5875,""top"":9610,""bottom"":9817},""time"":1729913866542},{""box"":{""left"":8461,""right"":5875,""top"":9610,""bottom"":9817},""time"":1729913866647},{""box"":{""left"":8461,""right"":5875,""top"":9610,""bottom"":9817},""time"":1729913866800},{""box"":{""left"":8461,""right"":5875,""top"":9610,""bottom"":9817},""time"":1729913866930},{""box"":{""left"":8461,""right"":5875,""top"":9610,""bottom"":9817},""time"":1729913867070},{""box"":{""left"":8461,""right"":5875,""top"":9610,""bottom"":9817},""time"":1729913867195},{""box"":{""left"":8461,""right"":5875,""top"":9610,""bottom"":9817},""time"":1729913867310},{""box"":{""left"":8461,""right"":5875,""top"":9610,""bottom"":9817},""time"":1729913867404},{""box"":{""left"":8461,""right"":5875,""top"":9610,""bottom"":9817},""time"":1729913867499},{""box"":{""left"":8461,""right"":5875,""top"":9610,""bottom"":9817},""time"":1729913867596},{""box"":{""left"":8461,""right"":5875,""top"":9610,""bottom"":9817},""time"":1729913867685},{""box"":{""left"":8461,""right"":5875,""top"":9610,""bottom"":9817},""time"":1729913867785},{""box"":{""left"":8461,""right"":5875,""top"":9610,""bottom"":9817},""time"":1729913867904},{""box"":{""left"":8461,""right"":5875,""top"":9610,""bottom"":9817},""time"":1729913867986},{""box"":{""left"":8461,""right"":5875,""top"":9610,""bottom"":9817},""time"":1729913868081},{""box"":{""left"":8461,""right"":5875,""top"":9610,""bottom"":9817},""time"":1729913868176},{""box"":{""left"":8461,""right"":5875,""top"":9610,""bottom"":9817},""time"":1729913868274},{""box"":{""left"":8461,""right"":5875,""top"":9610,""bottom"":9817},""time"":1729913868361},{""box"":{""left"":8461,""right"":5875,""top"":9610,""bottom"":9817},""time"":1729913868476},{""box"":{""left"":8461,""right"":5875,""top"":9610,""bottom"":9817},""time"":1729913868571},{""box"":{""left"":8461,""right"":5875,""top"":9610,""bottom"":9817},""time"":1729913868681},{""box"":{""left"":8461,""right"":5875,""top"":9610,""bottom"":9817},""time"":1729913868820},{""box"":{""left"":8461,""right"":5875,""top"":9610,""bottom"":9817},""time"":1729913868949},{""box"":{""left"":8461,""right"":5875,""top"":9610,""bottom"":9817},""time"":1729913869119},{""box"":{""left"":8461,""right"":5875,""top"":9610,""bottom"":9817},""time"":1729913869248},{""box"":{""left"":8461,""right"":5875,""top"":9610,""bottom"":9817},""time"":1729913869389},{""box"":{""left"":8461,""right"":5875,""top"":9610,""bottom"":9817},""time"":1729913869518},{""box"":{""left"":8461,""right"":5875,""top"":9610,""bottom"":9817},""time"":1729913869621},{""box"":{""left"":8461,""right"":5875,""top"":9610,""bottom"":9817},""time"":1729913869737},{""box"":{""left"":8461,""right"":5875,""top"":9610,""bottom"":9817},""time"":1729913869883},{""box"":{""left"":8461,""right"":5875,""top"":9610,""bottom"":9817},""time"":1729913870010},{""box"":{""left"":8461,""right"":5875,""top"":9610,""bottom"":9817},""time"":1729913870155},{""box"":{""left"":8461,""right"":5875,""top"":9610,""bottom"":9817},""time"":1729913870289},{""box"":{""left"":8461,""right"":5875,""top"":9610,""bottom"":9817},""time"":1729913870417},{""box"":{""left"":8461,""right"":5875,""top"":9610,""bottom"":9817},""time"":1729913870546},{""box"":{""left"":8461,""right"":5875,""top"":9610,""bottom"":9817},""time"":1729913870660},{""box"":{""left"":8461,""right"":5875,""top"":9610,""bottom"":9817},""time"":1729913870767},{""box"":{""left"":8461,""right"":5875,""top"":9610,""bottom"":9817},""time"":1729913871069},{""box"":{""left"":8461,""right"":5875,""top"":9610,""bottom"":9817},""time"":1729913871256},{""box"":{""left"":8461,""right"":5875,""top"":9610,""bottom"":9817},""time"":1729913871427},{""box"":{""left"":8461,""right"":5875,""top"":9610,""bottom"":9817},""time"":1729913871578},{""box"":{""left"":8461,""right"":5875,""top"":9610,""bottom"":9817},""time"":1729913871671},{""box"":{""left"":8461,""right"":5875,""top"":9610,""bottom"":9817},""time"":1729913871753},{""box"":{""left"":8461,""right"":5875,""top"":9610,""bottom"":9817},""time"":1729913872057},{""box"":{""left"":8461,""right"":5875,""top"":9610,""bottom"":9817},""time"":1729913872260},{""box"":{""left"":8461,""right"":5875,""top"":9610,""bottom"":9817},""time"":1729913872543},{""box"":{""left"":8461,""right"":5875,""top"":9610,""bottom"":9817},""time"":1729913872617},{""box"":{""left"":8461,""right"":5875,""top"":9610,""bottom"":9817},""time"":1729913872735},{""box"":{""left"":8461,""right"":5875,""top"":9610,""bottom"":9817},""time"":1729913872870},{""box"":{""left"":8461,""right"":5875,""top"":9610,""bottom"":9817},""time"":1729913872984},{""box"":{""left"":8461,""right"":5875,""top"":9610,""bottom"":9817},""time"":1729913873120},{""box"":{""left"":8461,""right"":5875,""top"":9610,""bottom"":9817},""time"":1729913873206},{""box"":{""left"":8461,""right"":5875,""top"":9610,""bottom"":9817},""time"":1729913873451},{""box"":{""left"":8461,""right"":5875,""top"":9610,""bottom"":9817},""time"":1729913873569},{""box"":{""left"":8461,""right"":5875,""top"":9610,""bottom"":9817},""time"":1729913873750},{""box"":{""left"":8461,""right"":5875,""top"":9610,""bottom"":9817},""time"":1729913873825},{""box"":{""left"":8461,""right"":5875,""top"":9610,""bottom"":9817},""time"":1729913873951},{""box"":{""left"":8461,""right"":5875,""top"":9610,""bottom"":9817},""time"":1729913874091},{""box"":{""left"":8461,""right"":5875,""top"":9610,""bottom"":9817},""time"":1729913874224},{""box"":{""left"":8461,""right"":5875,""top"":9610,""bottom"":9817},""time"":1729913874344},{""box"":{""left"":8461,""right"":5875,""top"":9610,""bottom"":9817},""time"":1729913874629},{""box"":{""left"":8461,""right"":5875,""top"":9610,""bottom"":9817},""time"":1729913874748},{""box"":{""left"":8461,""right"":5875,""top"":9610,""bottom"":9817},""time"":1729913874897},{""box"":{""left"":8461,""right"":5875,""top"":9610,""bottom"":9817},""time"":1729913875088},{""box"":{""left"":8461,""right"":5875,""top"":9610,""bottom"":9817},""time"":1729913875290},{""box"":{""left"":8461,""right"":5875,""top"":9610,""bottom"":9817},""time"":1729913875407},{""box"":{""left"":8461,""right"":5875,""top"":9610,""bottom"":9817},""time"":1729913875528},{""box"":{""left"":8461,""right"":5875,""top"":9610,""bottom"":9817},""time"":1729913875655},{""box"":{""left"":8461,""right"":5875,""top"":9610,""bottom"":9817},""time"":1729913876012},{""box"":{""left"":8461,""right"":5875,""top"":9610,""bottom"":9817},""time"":1729913876223},{""box"":{""left"":8461,""right"":5875,""top"":9610,""bottom"":9817},""time"":1729913876517},{""box"":{""left"":8461,""right"":5875,""top"":9610,""bottom"":9817},""time"":1729913876640},{""box"":{""left"":8461,""right"":5875,""top"":9610,""bottom"":9817},""time"":1729913876753},{""box"":{""left"":8461,""right"":5875,""top"":9610,""bottom"":9817},""time"":1729913876854},{""box"":{""left"":8461,""right"":5875,""top"":9610,""bottom"":9817},""time"":1729913876997},{""box"":{""left"":8461,""right"":5875,""top"":9610,""bottom"":9817},""time"":1729913877115},{""box"":{""left"":8461,""right"":5875,""top"":9610,""bottom"":9817},""time"":1729913877409},{""box"":{""left"":8461,""right"":5875,""top"":9610,""bottom"":9817},""time"":1729913877536},{""box"":{""left"":8461,""right"":5875,""top"":9610,""bottom"":9817},""time"":1729913877663},{""box"":{""left"":8461,""right"":5875,""top"":9610,""bottom"":9817},""time"":1729913877746},{""box"":{""left"":8461,""right"":5875,""top"":9610,""bottom"":9817},""time"":1729913877840},{""box"":{""left"":8461,""right"":5875,""top"":9610,""bottom"":9817},""time"":1729913877989},{""box"":{""left"":8461,""right"":5875,""top"":9610,""bottom"":9817},""time"":1729913878083},{""box"":{""left"":8461,""right"":5875,""top"":9610,""bottom"":9817},""time"":1729913878286},{""box"":{""left"":8461,""right"":5875,""top"":9610,""bottom"":9817},""time"":1729913878352},{""box"":{""left"":8461,""right"":5875,""top"":9610,""bottom"":9817},""time"":1729913878468},{""box"":{""left"":8461,""right"":5875,""top"":9610,""bottom"":9817},""time"":1729913878542},{""box"":{""left"":8461,""right"":5875,""top"":9610,""bottom"":9817},""time"":1729913878720},{""box"":{""left"":8461,""right"":5875,""top"":9610,""bottom"":9817},""time"":1729913878865},{""box"":{""left"":8461,""right"":5875,""top"":9610,""bottom"":9817},""time"":1729913878980},{""box"":{""left"":8461,""right"":5875,""top"":9610,""bottom"":9817},""time"":1729913879114},{""box"":{""left"":8461,""right"":5875,""top"":9610,""bottom"":9817},""time"":1729913879238},{""box"":{""left"":8461,""right"":5875,""top"":9610,""bottom"":9817},""time"":1729913879390},{""box"":{""left"":8461,""right"":5875,""top"":9610,""bottom"":9817},""time"":1729913879484},{""box"":{""left"":8461,""right"":5875,""top"":9610,""bottom"":9817},""time"":1729913879790},{""box"":{""left"":8461,""right"":5875,""top"":9610,""bottom"":9817},""time"":1729913880271},{""box"":{""left"":8461,""right"":5875,""top"":9610,""bottom"":9817},""time"":1729913880655},{""box"":{""left"":8461,""right"":5875,""top"":9610,""bottom"":9817},""time"":1729913880785},{""box"":{""left"":8461,""right"":5875,""top"":9610,""bottom"":9817},""time"":1729913880870},{""box"":{""left"":8461,""right"":5875,""top"":9610,""bottom"":9817},""time"":1729913880956},{""box"":{""left"":8461,""right"":5875,""top"":9610,""bottom"":9817},""time"":1729913881073},{""box"":{""left"":8461,""right"":5875,""top"":9610,""bottom"":9817},""time"":1729913881149},{""box"":{""left"":8461,""right"":5875,""top"":9610,""bottom"":9817},""time"":1729913881239}",,,,,
57105,Person,2024-10-26 12:37:27,2024-10-26 12:37:37,"{""left"":2741,""right"":2808,""top"":3058,""bottom"":4091},{""box"":{""left"":2741,""right"":2808,""top"":3058,""bottom"":4091},""time"":1729913847839},{""box"":{""left"":2741,""right"":2808,""top"":3058,""bottom"":4091},""time"":1729913847999},{""box"":{""left"":2741,""right"":2808,""top"":3058,""bottom"":4091},""time"":1729913848210},{""box"":{""left"":2741,""right"":2808,""top"":3058,""bottom"":4091},""time"":1729913848375},{""box"":{""left"":2741,""right"":2808,""top"":3058,""bottom"":4091},""time"":1729913848682},{""box"":{""left"":2741,""right"":2808,""top"":3058,""bottom"":4091},""time"":1729913848791},{""box"":{""left"":2741,""right"":2808,""top"":3058,""bottom"":4091},""time"":1729913848949},{""box"":{""left"":2741,""right"":2808,""top"":3058,""bottom"":4091},""time"":1729913849637},{""box"":{""left"":2741,""right"":2808,""top"":3058,""bottom"":4091},""time"":1729913849726},{""box"":{""left"":2741,""right"":2808,""top"":3058,""bottom"":4091},""time"":1729913849814},{""box"":{""left"":2741,""right"":2808,""top"":3058,""bottom"":4091},""time"":1729913849903},{""box"":{""left"":2741,""right"":2808,""top"":3058,""bottom"":4091},""time"":1729913849992},{""box"":{""left"":2741,""right"":2808,""top"":3058,""bottom"":4091},""time"":1729913850103},{""box"":{""left"":2741,""right"":2808,""top"":3058,""bottom"":4091},""time"":1729913850191},{""box"":{""left"":2741,""right"":2808,""top"":3058,""bottom"":4091},""time"":1729913850279},{""box"":{""left"":2741,""right"":2808,""top"":3058,""bottom"":4091},""time"":1729913850370},{""box"":{""left"":2741,""right"":2808,""top"":3058,""bottom"":4091},""time"":1729913850474},{""box"":{""left"":2741,""right"":2808,""top"":3058,""bottom"":4091},""time"":1729913850565},{""box"":{""left"":2741,""right"":2808,""top"":3058,""bottom"":4091},""time"":1729913850660},{""box"":{""left"":2741,""right"":2808,""top"":3058,""bottom"":4091},""time"":1729913850755},{""box"":{""left"":2741,""right"":2808,""top"":3058,""bottom"":4091},""time"":1729913850850},{""box"":{""left"":2741,""right"":2808,""top"":3058,""bottom"":4091},""time"":1729913850949},{""box"":{""left"":2741,""right"":2808,""top"":3058,""bottom"":4091},""time"":1729913851040},{""box"":{""left"":2741,""right"":2808,""top"":3058,""bottom"":4091},""time"":1729913851131},{""box"":{""left"":2741,""right"":2808,""top"":3058,""bottom"":4091},""time"":1729913851223},{""box"":{""left"":2741,""right"":2808,""top"":3058,""bottom"":4091},""time"":1729913851310},{""box"":{""left"":2741,""right"":2808,""top"":3058,""bottom"":4091},""time"":1729913851402},{""box"":{""left"":2741,""right"":2808,""top"":3058,""bottom"":4091},""time"":1729913851587},{""box"":{""left"":2741,""right"":2808,""top"":3058,""bottom"":4091},""time"":1729913851678},{""box"":{""left"":2741,""right"":2808,""top"":3058,""bottom"":4091},""time"":1729913851767},{""box"":{""left"":2741,""right"":2808,""top"":3058,""bottom"":4091},""time"":1729913851859},{""box"":{""left"":2741,""right"":2808,""top"":3058,""bottom"":4091},""time"":1729913851954},{""box"":{""left"":2741,""right"":2808,""top"":3058,""bottom"":4091},""time"":1729913852142},{""box"":{""left"":2741,""right"":2808,""top"":3058,""bottom"":4091},""time"":1729913852307},{""box"":{""left"":2741,""right"":2808,""top"":3058,""bottom"":4091},""time"":1729913852403},{""box"":{""left"":2741,""right"":2808,""top"":3058,""bottom"":4091},""time"":1729913853116},{""box"":{""left"":2741,""right"":2808,""top"":3058,""bottom"":4091},""time"":1729913853628},{""box"":{""left"":2741,""right"":2808,""top"":3058,""bottom"":4091},""time"":1729913853721},{""box"":{""left"":2741,""right"":2808,""top"":3058,""bottom"":4091},""time"":1729913853813},{""box"":{""left"":2741,""right"":2808,""top"":3058,""bottom"":4091},""time"":1729913853904},{""box"":{""left"":2741,""right"":2808,""top"":3058,""bottom"":4091},""time"":1729913854007},{""box"":{""left"":2741,""right"":2808,""top"":3058,""bottom"":4091},""time"":1729913856209},{""box"":{""left"":2741,""right"":2808,""top"":3058,""bottom"":4091},""time"":1729913856319},{""box"":{""left"":2741,""right"":2808,""top"":3058,""bottom"":4091},""time"":1729913856586},{""box"":{""left"":2741,""right"":2808,""top"":3058,""bottom"":4091},""time"":1729913856708},{""box"":{""left"":2741,""right"":2808,""top"":3058,""bottom"":4091},""time"":1729913857286},{""box"":{""left"":2741,""right"":2808,""top"":3058,""bottom"":4091},""time"":1729913857484},{""box"":{""left"":2741,""right"":2808,""top"":3058,""bottom"":4091},""time"":1729913857596}",,,,,
57106,Person,2024-10-26 12:37:28,2024-10-26 12:37:51,"{""left"":1793,""right"":2830,""top"":2037,""bottom"":4013},{""box"":{""left"":1793,""right"":2830,""top"":2037,""bottom"":4013},""time"":1729913848386},{""box"":{""left"":1793,""right"":2830,""top"":2037,""bottom"":4013},""time"":1729913848693},{""box"":{""left"":1793,""right"":2830,""top"":2037,""bottom"":4013},""time"":1729913848802},{""box"":{""left"":1793,""right"":2830,""top"":2037,""bottom"":4013},""time"":1729913848961},{""box"":{""left"":1793,""right"":2830,""top"":2037,""bottom"":4013},""time"":1729913850380},{""box"":{""left"":1793,""right"":2830,""top"":2037,""bottom"":4013},""time"":1729913852495},{""box"":{""left"":1793,""right"":2830,""top"":2037,""bottom"":4013},""time"":1729913852767},{""box"":{""left"":1793,""right"":2830,""top"":2037,""bottom"":4013},""time"":1729913852967},{""box"":{""left"":1793,""right"":2830,""top"":2037,""bottom"":4013},""time"":1729913853126},{""box"":{""left"":1793,""right"":2830,""top"":2037,""bottom"":4013},""time"":1729913853638},{""box"":{""left"":1793,""right"":2830,""top"":2037,""bottom"":4013},""time"":1729913853732},{""box"":{""left"":1793,""right"":2830,""top"":2037,""bottom"":4013},""time"":1729913853823},{""box"":{""left"":1793,""right"":2830,""top"":2037,""bottom"":4013},""time"":1729913853914},{""box"":{""left"":1793,""right"":2830,""top"":2037,""bottom"":4013},""time"":1729913854018},{""box"":{""left"":1793,""right"":2830,""top"":2037,""bottom"":4013},""time"":1729913854102},{""box"":{""left"":1793,""right"":2830,""top"":2037,""bottom"":4013},""time"":1729913854655},{""box"":{""left"":1793,""right"":2830,""top"":2037,""bottom"":4013},""time"":1729913854782},{""box"":{""left"":1793,""right"":2830,""top"":2037,""bottom"":4013},""time"":1729913854895},{""box"":{""left"":1793,""right"":2830,""top"":2037,""bottom"":4013},""time"":1729913855364},{""box"":{""left"":1793,""right"":2830,""top"":2037,""bottom"":4013},""time"":1729913855589},{""box"":{""left"":1793,""right"":2830,""top"":2037,""bottom"":4013},""time"":1729913855703},{""box"":{""left"":1793,""right"":2830,""top"":2037,""bottom"":4013},""time"":1729913856219},{""box"":{""left"":1793,""right"":2830,""top"":2037,""bottom"":4013},""time"":1729913856597},{""box"":{""left"":1793,""right"":2830,""top"":2037,""bottom"":4013},""time"":1729913857297},{""box"":{""left"":1793,""right"":2830,""top"":2037,""bottom"":4013},""time"":1729913857495},{""box"":{""left"":1793,""right"":2830,""top"":2037,""bottom"":4013},""time"":1729913857826},{""box"":{""left"":1793,""right"":2830,""top"":2037,""bottom"":4013},""time"":1729913857915},{""box"":{""left"":1793,""right"":2830,""top"":2037,""bottom"":4013},""time"":1729913858409},{""box"":{""left"":1793,""right"":2830,""top"":2037,""bottom"":4013},""time"":1729913858518},{""box"":{""left"":1793,""right"":2830,""top"":2037,""bottom"":4013},""time"":1729913858773},{""box"":{""left"":1793,""right"":2830,""top"":2037,""bottom"":4013},""time"":1729913859414},{""box"":{""left"":1793,""right"":2830,""top"":2037,""bottom"":4013},""time"":1729913859522},{""box"":{""left"":1793,""right"":2830,""top"":2037,""bottom"":4013},""time"":1729913859723},{""box"":{""left"":1793,""right"":2830,""top"":2037,""bottom"":4013},""time"":1729913859922},{""box"":{""left"":1793,""right"":2830,""top"":2037,""bottom"":4013},""time"":1729913860061},{""box"":{""left"":1793,""right"":2830,""top"":2037,""bottom"":4013},""time"":1729913860364},{""box"":{""left"":1793,""right"":2830,""top"":2037,""bottom"":4013},""time"":1729913860848},{""box"":{""left"":1793,""right"":2830,""top"":2037,""bottom"":4013},""time"":1729913861114},{""box"":{""left"":1793,""right"":2830,""top"":2037,""bottom"":4013},""time"":1729913861816},{""box"":{""left"":1793,""right"":2830,""top"":2037,""bottom"":4013},""time"":1729913861925},{""box"":{""left"":1793,""right"":2830,""top"":2037,""bottom"":4013},""time"":1729913862035},{""box"":{""left"":1793,""right"":2830,""top"":2037,""bottom"":4013},""time"":1729913862144},{""box"":{""left"":1793,""right"":2830,""top"":2037,""bottom"":4013},""time"":1729913862248},{""box"":{""left"":1793,""right"":2830,""top"":2037,""bottom"":4013},""time"":1729913862449},{""box"":{""left"":1793,""right"":2830,""top"":2037,""bottom"":4013},""time"":1729913862558},{""box"":{""left"":1793,""right"":2830,""top"":2037,""bottom"":4013},""time"":1729913862675},{""box"":{""left"":1793,""right"":2830,""top"":2037,""bottom"":4013},""time"":1729913862892},{""box"":{""left"":1793,""right"":2830,""top"":2037,""bottom"":4013},""time"":1729913863009},{""box"":{""left"":1793,""right"":2830,""top"":2037,""bottom"":4013},""time"":1729913863126},{""box"":{""left"":1793,""right"":2830,""top"":2037,""bottom"":4013},""time"":1729913863243},{""box"":{""left"":1793,""right"":2830,""top"":2037,""bottom"":4013},""time"":1729913863313},{""box"":{""left"":1793,""right"":2830,""top"":2037,""bottom"":4013},""time"":1729913863467},{""box"":{""left"":1793,""right"":2830,""top"":2037,""bottom"":4013},""time"":1729913863584},{""box"":{""left"":1793,""right"":2830,""top"":2037,""bottom"":4013},""time"":1729913863741},{""box"":{""left"":1793,""right"":2830,""top"":2037,""bottom"":4013},""time"":1729913863914},{""box"":{""left"":1793,""right"":2830,""top"":2037,""bottom"":4013},""time"":1729913863986},{""box"":{""left"":1793,""right"":2830,""top"":2037,""bottom"":4013},""time"":1729913864053},{""box"":{""left"":1793,""right"":2830,""top"":2037,""bottom"":4013},""time"":1729913864101},{""box"":{""left"":1793,""right"":2830,""top"":2037,""bottom"":4013},""time"":1729913864192},{""box"":{""left"":1793,""right"":2830,""top"":2037,""bottom"":4013},""time"":1729913864260},{""box"":{""left"":1793,""right"":2830,""top"":2037,""bottom"":4013},""time"":1729913864314},{""box"":{""left"":1793,""right"":2830,""top"":2037,""bottom"":4013},""time"":1729913864393},{""box"":{""left"":1793,""right"":2830,""top"":2037,""bottom"":4013},""time"":1729913864461},{""box"":{""left"":1793,""right"":2830,""top"":2037,""bottom"":4013},""time"":1729913864602},{""box"":{""left"":1793,""right"":2830,""top"":2037,""bottom"":4013},""time"":1729913864702},{""box"":{""left"":1793,""right"":2830,""top"":2037,""bottom"":4013},""time"":1729913864763},{""box"":{""left"":1793,""right"":2830,""top"":2037,""bottom"":4013},""time"":1729913864885},{""box"":{""left"":1793,""right"":2830,""top"":2037,""bottom"":4013},""time"":1729913864984},{""box"":{""left"":1793,""right"":2830,""top"":2037,""bottom"":4013},""time"":1729913865159},{""box"":{""left"":1793,""right"":2830,""top"":2037,""bottom"":4013},""time"":1729913865236},{""box"":{""left"":1793,""right"":2830,""top"":2037,""bottom"":4013},""time"":1729913865315},{""box"":{""left"":1793,""right"":2830,""top"":2037,""bottom"":4013},""time"":1729913865429},{""box"":{""left"":1793,""right"":2830,""top"":2037,""bottom"":4013},""time"":1729913865546},{""box"":{""left"":1793,""right"":2830,""top"":2037,""bottom"":4013},""time"":1729913865670},{""box"":{""left"":1793,""right"":2830,""top"":2037,""bottom"":4013},""time"":1729913865792},{""box"":{""left"":1793,""right"":2830,""top"":2037,""bottom"":4013},""time"":1729913865898},{""box"":{""left"":1793,""right"":2830,""top"":2037,""bottom"":4013},""time"":1729913865992},{""box"":{""left"":1793,""right"":2830,""top"":2037,""bottom"":4013},""time"":1729913866126},{""box"":{""left"":1793,""right"":2830,""top"":2037,""bottom"":4013},""time"":1729913866249},{""box"":{""left"":1793,""right"":2830,""top"":2037,""bottom"":4013},""time"":1729913866373},{""box"":{""left"":1793,""right"":2830,""top"":2037,""bottom"":4013},""time"":1729913866461},{""box"":{""left"":1793,""right"":2830,""top"":2037,""bottom"":4013},""time"":1729913866658},{""box"":{""left"":1793,""right"":2830,""top"":2037,""bottom"":4013},""time"":1729913866811},{""box"":{""left"":1793,""right"":2830,""top"":2037,""bottom"":4013},""time"":1729913866941},{""box"":{""left"":1793,""right"":2830,""top"":2037,""bottom"":4013},""time"":1729913867081},{""box"":{""left"":1793,""right"":2830,""top"":2037,""bottom"":4013},""time"":1729913867207},{""box"":{""left"":1793,""right"":2830,""top"":2037,""bottom"":4013},""time"":1729913867321},{""box"":{""left"":1793,""right"":2830,""top"":2037,""bottom"":4013},""time"":1729913867416},{""box"":{""left"":1793,""right"":2830,""top"":2037,""bottom"":4013},""time"":1729913867510},{""box"":{""left"":1793,""right"":2830,""top"":2037,""bottom"":4013},""time"":1729913867607},{""box"":{""left"":1793,""right"":2830,""top"":2037,""bottom"":4013},""time"":1729913867696},{""box"":{""left"":1793,""right"":2830,""top"":2037,""bottom"":4013},""time"":1729913867797},{""box"":{""left"":1793,""right"":2830,""top"":2037,""bottom"":4013},""time"":1729913867998},{""box"":{""left"":1793,""right"":2830,""top"":2037,""bottom"":4013},""time"":1729913868092},{""box"":{""left"":1793,""right"":2830,""top"":2037,""bottom"":4013},""time"":1729913868187},{""box"":{""left"":1793,""right"":2830,""top"":2037,""bottom"":4013},""time"":1729913868373},{""box"":{""left"":1793,""right"":2830,""top"":2037,""bottom"":4013},""time"":1729913868488},{""box"":{""left"":1793,""right"":2830,""top"":2037,""bottom"":4013},""time"":1729913868692},{""box"":{""left"":1793,""right"":2830,""top"":2037,""bottom"":4013},""time"":1729913868832},{""box"":{""left"":1793,""right"":2830,""top"":2037,""bottom"":4013},""time"":1729913869130},{""box"":{""left"":1793,""right"":2830,""top"":2037,""bottom"":4013},""time"":1729913869259},{""box"":{""left"":1793,""right"":2830,""top"":2037,""bottom"":4013},""time"":1729913869400},{""box"":{""left"":1793,""right"":2830,""top"":2037,""bottom"":4013},""time"":1729913869749},{""box"":{""left"":1793,""right"":2830,""top"":2037,""bottom"":4013},""time"":1729913869894},{""box"":{""left"":1793,""right"":2830,""top"":2037,""bottom"":4013},""time"":1729913870022},{""box"":{""left"":1793,""right"":2830,""top"":2037,""bottom"":4013},""time"":1729913870166},{""box"":{""left"":1793,""right"":2830,""top"":2037,""bottom"":4013},""time"":1729913870300},{""box"":{""left"":1793,""right"":2830,""top"":2037,""bottom"":4013},""time"":1729913870428},{""box"":{""left"":1793,""right"":2830,""top"":2037,""bottom"":4013},""time"":1729913871080}",,,,,
57107,Person,2024-10-26 12:37:30,2024-10-26 12:37:57,"{""left"":1910,""right"":2988,""top"":2222,""bottom"":4383},{""box"":{""left"":1910,""right"":2988,""top"":2222,""bottom"":4383},""time"":1729913852778},{""box"":{""left"":1910,""right"":2988,""top"":2222,""bottom"":4383},""time"":1729913853137},{""box"":{""left"":1910,""right"":2988,""top"":2222,""bottom"":4383},""time"":1729913853925},{""box"":{""left"":1910,""right"":2988,""top"":2222,""bottom"":4383},""time"":1729913854113},{""box"":{""left"":1910,""right"":2988,""top"":2222,""bottom"":4383},""time"":1729913854666},{""box"":{""left"":1910,""right"":2988,""top"":2222,""bottom"":4383},""time"":1729913854792},{""box"":{""left"":1910,""right"":2988,""top"":2222,""bottom"":4383},""time"":1729913854906},{""box"":{""left"":1910,""right"":2988,""top"":2222,""bottom"":4383},""time"":1729913855376},{""box"":{""left"":1910,""right"":2988,""top"":2222,""bottom"":4383},""time"":1729913855600},{""box"":{""left"":1910,""right"":2988,""top"":2222,""bottom"":4383},""time"":1729913855713},{""box"":{""left"":1910,""right"":2988,""top"":2222,""bottom"":4383},""time"":1729913856231},{""box"":{""left"":1910,""right"":2988,""top"":2222,""bottom"":4383},""time"":1729913856608},{""box"":{""left"":1910,""right"":2988,""top"":2222,""bottom"":4383},""time"":1729913857308},{""box"":{""left"":1910,""right"":2988,""top"":2222,""bottom"":4383},""time"":1729913857505},{""box"":{""left"":1910,""right"":2988,""top"":2222,""bottom"":4383},""time"":1729913858420},{""box"":{""left"":1910,""right"":2988,""top"":2222,""bottom"":4383},""time"":1729913858530},{""box"":{""left"":1910,""right"":2988,""top"":2222,""bottom"":4383},""time"":1729913858784},{""box"":{""left"":1910,""right"":2988,""top"":2222,""bottom"":4383},""time"":1729913859107},{""box"":{""left"":1910,""right"":2988,""top"":2222,""bottom"":4383},""time"":1729913859532},{""box"":{""left"":1910,""right"":2988,""top"":2222,""bottom"":4383},""time"":1729913859733},{""box"":{""left"":1910,""right"":2988,""top"":2222,""bottom"":4383},""time"":1729913859934},{""box"":{""left"":1910,""right"":2988,""top"":2222,""bottom"":4383},""time"":1729913860071},{""box"":{""left"":1910,""right"":2988,""top"":2222,""bottom"":4383},""time"":1729913860859},{""box"":{""left"":1910,""right"":2988,""top"":2222,""bottom"":4383},""time"":1729913861827},{""box"":{""left"":1910,""right"":2988,""top"":2222,""bottom"":4383},""time"":1729913861936},{""box"":{""left"":1910,""right"":2988,""top"":2222,""bottom"":4383},""time"":1729913862046},{""box"":{""left"":1910,""right"":2988,""top"":2222,""bottom"":4383},""time"":1729913862156},{""box"":{""left"":1910,""right"":2988,""top"":2222,""bottom"":4383},""time"":1729913862259},{""box"":{""left"":1910,""right"":2988,""top"":2222,""bottom"":4383},""time"":1729913862460},{""box"":{""left"":1910,""right"":2988,""top"":2222,""bottom"":4383},""time"":1729913862569},{""box"":{""left"":1910,""right"":2988,""top"":2222,""bottom"":4383},""time"":1729913862686},{""box"":{""left"":1910,""right"":2988,""top"":2222,""bottom"":4383},""time"":1729913862903},{""box"":{""left"":1910,""right"":2988,""top"":2222,""bottom"":4383},""time"":1729913863020},{""box"":{""left"":1910,""right"":2988,""top"":2222,""bottom"":4383},""time"":1729913863137},{""box"":{""left"":1910,""right"":2988,""top"":2222,""bottom"":4383},""time"":1729913863254},{""box"":{""left"":1910,""right"":2988,""top"":2222,""bottom"":4383},""time"":1729913863478},{""box"":{""left"":1910,""right"":2988,""top"":2222,""bottom"":4383},""time"":1729913863595},{""box"":{""left"":1910,""right"":2988,""top"":2222,""bottom"":4383},""time"":1729913863925},{""box"":{""left"":1910,""right"":2988,""top"":2222,""bottom"":4383},""time"":1729913864065},{""box"":{""left"":1910,""right"":2988,""top"":2222,""bottom"":4383},""time"":1729913864272},{""box"":{""left"":1910,""right"":2988,""top"":2222,""bottom"":4383},""time"":1729913864472},{""box"":{""left"":1910,""right"":2988,""top"":2222,""bottom"":4383},""time"":1729913864896},{""box"":{""left"":1910,""right"":2988,""top"":2222,""bottom"":4383},""time"":1729913864995},{""box"":{""left"":1910,""right"":2988,""top"":2222,""bottom"":4383},""time"":1729913865170},{""box"":{""left"":1910,""right"":2988,""top"":2222,""bottom"":4383},""time"":1729913865191},{""box"":{""left"":1910,""right"":2988,""top"":2222,""bottom"":4383},""time"":1729913865247},{""box"":{""left"":1910,""right"":2988,""top"":2222,""bottom"":4383},""time"":1729913865327},{""box"":{""left"":1910,""right"":2988,""top"":2222,""bottom"":4383},""time"":1729913865383},{""box"":{""left"":1910,""right"":2988,""top"":2222,""bottom"":4383},""time"":1729913865440},{""box"":{""left"":1910,""right"":2988,""top"":2222,""bottom"":4383},""time"":1729913865501},{""box"":{""left"":1910,""right"":2988,""top"":2222,""bottom"":4383},""time"":1729913865558},{""box"":{""left"":1910,""right"":2988,""top"":2222,""bottom"":4383},""time"":1729913865625},{""box"":{""left"":1910,""right"":2988,""top"":2222,""bottom"":4383},""time"":1729913865681},{""box"":{""left"":1910,""right"":2988,""top"":2222,""bottom"":4383},""time"":1729913865747},{""box"":{""left"":1910,""right"":2988,""top"":2222,""bottom"":4383},""time"":1729913865804},{""box"":{""left"":1910,""right"":2988,""top"":2222,""bottom"":4383},""time"":1729913865853},{""box"":{""left"":1910,""right"":2988,""top"":2222,""bottom"":4383},""time"":1729913865909},{""box"":{""left"":1910,""right"":2988,""top"":2222,""bottom"":4383},""time"":1729913865947},{""box"":{""left"":1910,""right"":2988,""top"":2222,""bottom"":4383},""time"":1729913866003},{""box"":{""left"":1910,""right"":2988,""top"":2222,""bottom"":4383},""time"":1729913866081},{""box"":{""left"":1910,""right"":2988,""top"":2222,""bottom"":4383},""time"":1729913866137},{""box"":{""left"":1910,""right"":2988,""top"":2222,""bottom"":4383},""time"":1729913866204},{""box"":{""left"":1910,""right"":2988,""top"":2222,""bottom"":4383},""time"":1729913866261},{""box"":{""left"":1910,""right"":2988,""top"":2222,""bottom"":4383},""time"":1729913866328},{""box"":{""left"":1910,""right"":2988,""top"":2222,""bottom"":4383},""time"":1729913866384},{""box"":{""left"":1910,""right"":2988,""top"":2222,""bottom"":4383},""time"":1729913866472},{""box"":{""left"":1910,""right"":2988,""top"":2222,""bottom"":4383},""time"":1729913866508},{""box"":{""left"":1910,""right"":2988,""top"":2222,""bottom"":4383},""time"":1729913866613},{""box"":{""left"":1910,""right"":2988,""top"":2222,""bottom"":4383},""time"":1729913866669},{""box"":{""left"":1910,""right"":2988,""top"":2222,""bottom"":4383},""time"":1729913866822},{""box"":{""left"":1910,""right"":2988,""top"":2222,""bottom"":4383},""time"":1729913866890},{""box"":{""left"":1910,""right"":2988,""top"":2222,""bottom"":4383},""time"":1729913866953},{""box"":{""left"":1910,""right"":2988,""top"":2222,""bottom"":4383},""time"":1729913867033},{""box"":{""left"":1910,""right"":2988,""top"":2222,""bottom"":4383},""time"":1729913867093},{""box"":{""left"":1910,""right"":2988,""top"":2222,""bottom"":4383},""time"":1729913867218},{""box"":{""left"":1910,""right"":2988,""top"":2222,""bottom"":4383},""time"":1729913867275},{""box"":{""left"":1910,""right"":2988,""top"":2222,""bottom"":4383},""time"":1729913867332},{""box"":{""left"":1910,""right"":2988,""top"":2222,""bottom"":4383},""time"":1729913867370},{""box"":{""left"":1910,""right"":2988,""top"":2222,""bottom"":4383},""time"":1729913867427},{""box"":{""left"":1910,""right"":2988,""top"":2222,""bottom"":4383},""time"":1729913867464},{""box"":{""left"":1910,""right"":2988,""top"":2222,""bottom"":4383},""time"":1729913867522},{""box"":{""left"":1910,""right"":2988,""top"":2222,""bottom"":4383},""time"":1729913867559},{""box"":{""left"":1910,""right"":2988,""top"":2222,""bottom"":4383},""time"":1729913867618},{""box"":{""left"":1910,""right"":2988,""top"":2222,""bottom"":4383},""time"":1729913867651},{""box"":{""left"":1910,""right"":2988,""top"":2222,""bottom"":4383},""time"":1729913867707},{""box"":{""left"":1910,""right"":2988,""top"":2222,""bottom"":4383},""time"":1729913867745},{""box"":{""left"":1910,""right"":2988,""top"":2222,""bottom"":4383},""time"":1729913867808},{""box"":{""left"":1910,""right"":2988,""top"":2222,""bottom"":4383},""time"":1729913867870},{""box"":{""left"":1910,""right"":2988,""top"":2222,""bottom"":4383},""time"":1729913867952},{""box"":{""left"":1910,""right"":2988,""top"":2222,""bottom"":4383},""time"":1729913868009},{""box"":{""left"":1910,""right"":2988,""top"":2222,""bottom"":4383},""time"":1729913868047},{""box"":{""left"":1910,""right"":2988,""top"":2222,""bottom"":4383},""time"":1729913868104},{""box"":{""left"":1910,""right"":2988,""top"":2222,""bottom"":4383},""time"":1729913868141},{""box"":{""left"":1910,""right"":2988,""top"":2222,""bottom"":4383},""time"":1729913868198},{""box"":{""left"":1910,""right"":2988,""top"":2222,""bottom"":4383},""time"":1729913868240},{""box"":{""left"":1910,""right"":2988,""top"":2222,""bottom"":4383},""time"":1729913868327},{""box"":{""left"":1910,""right"":2988,""top"":2222,""bottom"":4383},""time"":1729913868384},{""box"":{""left"":1910,""right"":2988,""top"":2222,""bottom"":4383},""time"":1729913868442},{""box"":{""left"":1910,""right"":2988,""top"":2222,""bottom"":4383},""time"":1729913868499},{""box"":{""left"":1910,""right"":2988,""top"":2222,""bottom"":4383},""time"":1729913868537},{""box"":{""left"":1910,""right"":2988,""top"":2222,""bottom"":4383},""time"":1729913868594},{""box"":{""left"":1910,""right"":2988,""top"":2222,""bottom"":4383},""time"":1729913868646},{""box"":{""left"":1910,""right"":2988,""top"":2222,""bottom"":4383},""time"":1729913868704},{""box"":{""left"":1910,""right"":2988,""top"":2222,""bottom"":4383},""time"":1729913868786},{""box"":{""left"":1910,""right"":2988,""top"":2222,""bottom"":4383},""time"":1729913868843},{""box"":{""left"":1910,""right"":2988,""top"":2222,""bottom"":4383},""time"":1729913868915},{""box"":{""left"":1910,""right"":2988,""top"":2222,""bottom"":4383},""time"":1729913868961},{""box"":{""left"":1910,""right"":2988,""top"":2222,""bottom"":4383},""time"":1729913869084},{""box"":{""left"":1910,""right"":2988,""top"":2222,""bottom"":4383},""time"":1729913869141},{""box"":{""left"":1910,""right"":2988,""top"":2222,""bottom"":4383},""time"":1729913869214},{""box"":{""left"":1910,""right"":2988,""top"":2222,""bottom"":4383},""time"":1729913869271},{""box"":{""left"":1910,""right"":2988,""top"":2222,""bottom"":4383},""time"":1729913869354},{""box"":{""left"":1910,""right"":2988,""top"":2222,""bottom"":4383},""time"":1729913869411},{""box"":{""left"":1910,""right"":2988,""top"":2222,""bottom"":4383},""time"":1729913869484},{""box"":{""left"":1910,""right"":2988,""top"":2222,""bottom"":4383},""time"":1729913869586},{""box"":{""left"":1910,""right"":2988,""top"":2222,""bottom"":4383},""time"":1729913869760},{""box"":{""left"":1910,""right"":2988,""top"":2222,""bottom"":4383},""time"":1729913869848},{""box"":{""left"":1910,""right"":2988,""top"":2222,""bottom"":4383},""time"":1729913869905},{""box"":{""left"":1910,""right"":2988,""top"":2222,""bottom"":4383},""time"":1729913869976},{""box"":{""left"":1910,""right"":2988,""top"":2222,""bottom"":4383},""time"":1729913870033},{""box"":{""left"":1910,""right"":2988,""top"":2222,""bottom"":4383},""time"":1729913870117},{""box"":{""left"":1910,""right"":2988,""top"":2222,""bottom"":4383},""time"":1729913870177},{""box"":{""left"":1910,""right"":2988,""top"":2222,""bottom"":4383},""time"":1729913870254},{""box"":{""left"":1910,""right"":2988,""top"":2222,""bottom"":4383},""time"":1729913870311},{""box"":{""left"":1910,""right"":2988,""top"":2222,""bottom"":4383},""time"":1729913870382},{""box"":{""left"":1910,""right"":2988,""top"":2222,""bottom"":4383},""time"":1729913870439},{""box"":{""left"":1910,""right"":2988,""top"":2222,""bottom"":4383},""time"":1729913870512},{""box"":{""left"":1910,""right"":2988,""top"":2222,""bottom"":4383},""time"":1729913870558},{""box"":{""left"":1910,""right"":2988,""top"":2222,""bottom"":4383},""time"":1729913870626},{""box"":{""left"":1910,""right"":2988,""top"":2222,""bottom"":4383},""time"":1729913870672},{""box"":{""left"":1910,""right"":2988,""top"":2222,""bottom"":4383},""time"":1729913870732},{""box"":{""left"":1910,""right"":2988,""top"":2222,""bottom"":4383},""time"":1729913870778},{""box"":{""left"":1910,""right"":2988,""top"":2222,""bottom"":4383},""time"":1729913871034},{""box"":{""left"":1910,""right"":2988,""top"":2222,""bottom"":4383},""time"":1729913871091},{""box"":{""left"":1910,""right"":2988,""top"":2222,""bottom"":4383},""time"":1729913871268},{""box"":{""left"":1910,""right"":2988,""top"":2222,""bottom"":4383},""time"":1729913871392},{""box"":{""left"":1910,""right"":2988,""top"":2222,""bottom"":4383},""time"":1729913871438},{""box"":{""left"":1910,""right"":2988,""top"":2222,""bottom"":4383},""time"":1729913871544},{""box"":{""left"":1910,""right"":2988,""top"":2222,""bottom"":4383},""time"":1729913871590},{""box"":{""left"":1910,""right"":2988,""top"":2222,""bottom"":4383},""time"":1729913871682},{""box"":{""left"":1910,""right"":2988,""top"":2222,""bottom"":4383},""time"":1729913871764},{""box"":{""left"":1910,""right"":2988,""top"":2222,""bottom"":4383},""time"":1729913871802},{""box"":{""left"":1910,""right"":2988,""top"":2222,""bottom"":4383},""time"":1729913871851},{""box"":{""left"":1910,""right"":2988,""top"":2222,""bottom"":4383},""time"":1729913871886},{""box"":{""left"":1910,""right"":2988,""top"":2222,""bottom"":4383},""time"":1729913872022},{""box"":{""left"":1910,""right"":2988,""top"":2222,""bottom"":4383},""time"":1729913872068},{""box"":{""left"":1910,""right"":2988,""top"":2222,""bottom"":4383},""time"":1729913872148},{""box"":{""left"":1910,""right"":2988,""top"":2222,""bottom"":4383},""time"":1729913872225},{""box"":{""left"":1910,""right"":2988,""top"":2222,""bottom"":4383},""time"":1729913872271},{""box"":{""left"":1910,""right"":2988,""top"":2222,""bottom"":4383},""time"":1729913872351},{""box"":{""left"":1910,""right"":2988,""top"":2222,""bottom"":4383},""time"":1729913872508},{""box"":{""left"":1910,""right"":2988,""top"":2222,""bottom"":4383},""time"":1729913872628},{""box"":{""left"":1910,""right"":2988,""top"":2222,""bottom"":4383},""time"":1729913872746},{""box"":{""left"":1910,""right"":2988,""top"":2222,""bottom"":4383},""time"":1729913872825},{""box"":{""left"":1910,""right"":2988,""top"":2222,""bottom"":4383},""time"":1729913872881},{""box"":{""left"":1910,""right"":2988,""top"":2222,""bottom"":4383},""time"":1729913872995},{""box"":{""left"":1910,""right"":2988,""top"":2222,""bottom"":4383},""time"":1729913873086},{""box"":{""left"":1910,""right"":2988,""top"":2222,""bottom"":4383},""time"":1729913873132},{""box"":{""left"":1910,""right"":2988,""top"":2222,""bottom"":4383},""time"":1729913873218},{""box"":{""left"":1910,""right"":2988,""top"":2222,""bottom"":4383},""time"":1729913873462},{""box"":{""left"":1910,""right"":2988,""top"":2222,""bottom"":4383},""time"":1729913873581},{""box"":{""left"":1910,""right"":2988,""top"":2222,""bottom"":4383},""time"":1729913873716},{""box"":{""left"":1910,""right"":2988,""top"":2222,""bottom"":4383},""time"":1729913873836},{""box"":{""left"":1910,""right"":2988,""top"":2222,""bottom"":4383},""time"":1729913873905},{""box"":{""left"":1910,""right"":2988,""top"":2222,""bottom"":4383},""time"":1729913873962},{""box"":{""left"":1910,""right"":2988,""top"":2222,""bottom"":4383},""time"":1729913874054},{""box"":{""left"":1910,""right"":2988,""top"":2222,""bottom"":4383},""time"":1729913874103},{""box"":{""left"":1910,""right"":2988,""top"":2222,""bottom"":4383},""time"":1729913874171},{""box"":{""left"":1910,""right"":2988,""top"":2222,""bottom"":4383},""time"":1729913874236},{""box"":{""left"":1910,""right"":2988,""top"":2222,""bottom"":4383},""time"":1729913874355},{""box"":{""left"":1910,""right"":2988,""top"":2222,""bottom"":4383},""time"":1729913874583},{""box"":{""left"":1910,""right"":2988,""top"":2222,""bottom"":4383},""time"":1729913874640},{""box"":{""left"":1910,""right"":2988,""top"":2222,""bottom"":4383},""time"":1729913874759},{""box"":{""left"":1910,""right"":2988,""top"":2222,""bottom"":4383},""time"":1729913874909},{""box"":{""left"":1910,""right"":2988,""top"":2222,""bottom"":4383},""time"":1729913875100},{""box"":{""left"":1910,""right"":2988,""top"":2222,""bottom"":4383},""time"":1729913875301},{""box"":{""left"":1910,""right"":2988,""top"":2222,""bottom"":4383},""time"":1729913875419},{""box"":{""left"":1910,""right"":2988,""top"":2222,""bottom"":4383},""time"":1729913875539},{""box"":{""left"":1910,""right"":2988,""top"":2222,""bottom"":4383},""time"":1729913875666},{""box"":{""left"":1910,""right"":2988,""top"":2222,""bottom"":4383},""time"":1729913876023},{""box"":{""left"":1910,""right"":2988,""top"":2222,""bottom"":4383},""time"":1729913876234},{""box"":{""left"":1910,""right"":2988,""top"":2222,""bottom"":4383},""time"":1729913876528},{""box"":{""left"":1910,""right"":2988,""top"":2222,""bottom"":4383},""time"":1729913876651},{""box"":{""left"":1910,""right"":2988,""top"":2222,""bottom"":4383},""time"":1729913876764},{""box"":{""left"":1910,""right"":2988,""top"":2222,""bottom"":4383},""time"":1729913876865},{""box"":{""left"":1910,""right"":2988,""top"":2222,""bottom"":4383},""time"":1729913877008},{""box"":{""left"":1910,""right"":2988,""top"":2222,""bottom"":4383},""time"":1729913877126}",,,,,
57110,Person,2024-10-26 12:37:33,2024-10-26 12:37:36,"{""left"":2330,""right"":2679,""top"":2573,""bottom"":3931},{""box"":{""left"":2330,""right"":2679,""top"":2573,""bottom"":3931},""time"":1729913854916},{""box"":{""left"":2330,""right"":2679,""top"":2573,""bottom"":3931},""time"":1729913855387},{""box"":{""left"":2330,""right"":2679,""top"":2573,""bottom"":3931},""time"":1729913855610},{""box"":{""left"":2330,""right"":2679,""top"":2573,""bottom"":3931},""time"":1729913855724},{""box"":{""left"":2330,""right"":2679,""top"":2573,""bottom"":3931},""time"":1729913856242}",,,,,
57111,Person,2024-10-26 12:37:34,2024-10-26 12:37:34,"{""left"":1857,""right"":2440,""top"":2115,""bottom"":3690}",,,,,
57112,Person,2024-10-26 12:37:38,2024-10-26 12:38:00,"{""left"":1785,""right"":2699,""top"":2001,""bottom"":4055},{""box"":{""left"":1785,""right"":2699,""top"":2001,""bottom"":4055},""time"":1729913859119},{""box"":{""left"":1785,""right"":2699,""top"":2001,""bottom"":4055},""time"":1729913859543},{""box"":{""left"":1785,""right"":2699,""top"":2001,""bottom"":4055},""time"":1729913859744},{""box"":{""left"":1785,""right"":2699,""top"":2001,""bottom"":4055},""time"":1729913859945},{""box"":{""left"":1785,""right"":2699,""top"":2001,""bottom"":4055},""time"":1729913860082},{""box"":{""left"":1785,""right"":2699,""top"":2001,""bottom"":4055},""time"":1729913860871},{""box"":{""left"":1785,""right"":2699,""top"":2001,""bottom"":4055},""time"":1729913863265},{""box"":{""left"":1785,""right"":2699,""top"":2001,""bottom"":4055},""time"":1729913863606},{""box"":{""left"":1785,""right"":2699,""top"":2001,""bottom"":4055},""time"":1729913864907},{""box"":{""left"":1785,""right"":2699,""top"":2001,""bottom"":4055},""time"":1729913865006},{""box"":{""left"":1785,""right"":2699,""top"":2001,""bottom"":4055},""time"":1729913865258},{""box"":{""left"":1785,""right"":2699,""top"":2001,""bottom"":4055},""time"":1729913865451},{""box"":{""left"":1785,""right"":2699,""top"":2001,""bottom"":4055},""time"":1729913865569},{""box"":{""left"":1785,""right"":2699,""top"":2001,""bottom"":4055},""time"":1729913865692},{""box"":{""left"":1785,""right"":2699,""top"":2001,""bottom"":4055},""time"":1729913865815},{""box"":{""left"":1785,""right"":2699,""top"":2001,""bottom"":4055},""time"":1729913865920},{""box"":{""left"":1785,""right"":2699,""top"":2001,""bottom"":4055},""time"":1729913866014},{""box"":{""left"":1785,""right"":2699,""top"":2001,""bottom"":4055},""time"":1729913866149},{""box"":{""left"":1785,""right"":2699,""top"":2001,""bottom"":4055},""time"":1729913866272},{""box"":{""left"":1785,""right"":2699,""top"":2001,""bottom"":4055},""time"":1729913866395},{""box"":{""left"":1785,""right"":2699,""top"":2001,""bottom"":4055},""time"":1729913866483},{""box"":{""left"":1785,""right"":2699,""top"":2001,""bottom"":4055},""time"":1729913866680},{""box"":{""left"":1785,""right"":2699,""top"":2001,""bottom"":4055},""time"":1729913866833},{""box"":{""left"":1785,""right"":2699,""top"":2001,""bottom"":4055},""time"":1729913866963},{""box"":{""left"":1785,""right"":2699,""top"":2001,""bottom"":4055},""time"":1729913867104},{""box"":{""left"":1785,""right"":2699,""top"":2001,""bottom"":4055},""time"":1729913867344},{""box"":{""left"":1785,""right"":2699,""top"":2001,""bottom"":4055},""time"":1729913867438},{""box"":{""left"":1785,""right"":2699,""top"":2001,""bottom"":4055},""time"":1729913867533},{""box"":{""left"":1785,""right"":2699,""top"":2001,""bottom"":4055},""time"":1729913867719},{""box"":{""left"":1785,""right"":2699,""top"":2001,""bottom"":4055},""time"":1729913867819},{""box"":{""left"":1785,""right"":2699,""top"":2001,""bottom"":4055},""time"":1729913868020},{""box"":{""left"":1785,""right"":2699,""top"":2001,""bottom"":4055},""time"":1729913868115},{""box"":{""left"":1785,""right"":2699,""top"":2001,""bottom"":4055},""time"":1729913868210},{""box"":{""left"":1785,""right"":2699,""top"":2001,""bottom"":4055},""time"":1729913868395},{""box"":{""left"":1785,""right"":2699,""top"":2001,""bottom"":4055},""time"":1729913868510},{""box"":{""left"":1785,""right"":2699,""top"":2001,""bottom"":4055},""time"":1729913868605},{""box"":{""left"":1785,""right"":2699,""top"":2001,""bottom"":4055},""time"":1729913868715},{""box"":{""left"":1785,""right"":2699,""top"":2001,""bottom"":4055},""time"":1729913868854},{""box"":{""left"":1785,""right"":2699,""top"":2001,""bottom"":4055},""time"":1729913868972},{""box"":{""left"":1785,""right"":2699,""top"":2001,""bottom"":4055},""time"":1729913869153},{""box"":{""left"":1785,""right"":2699,""top"":2001,""bottom"":4055},""time"":1729913869282},{""box"":{""left"":1785,""right"":2699,""top"":2001,""bottom"":4055},""time"":1729913869423},{""box"":{""left"":1785,""right"":2699,""top"":2001,""bottom"":4055},""time"":1729913869771},{""box"":{""left"":1785,""right"":2699,""top"":2001,""bottom"":4055},""time"":1729913869917},{""box"":{""left"":1785,""right"":2699,""top"":2001,""bottom"":4055},""time"":1729913870044},{""box"":{""left"":1785,""right"":2699,""top"":2001,""bottom"":4055},""time"":1729913870189},{""box"":{""left"":1785,""right"":2699,""top"":2001,""bottom"":4055},""time"":1729913870323},{""box"":{""left"":1785,""right"":2699,""top"":2001,""bottom"":4055},""time"":1729913870451},{""box"":{""left"":1785,""right"":2699,""top"":2001,""bottom"":4055},""time"":1729913870569},{""box"":{""left"":1785,""right"":2699,""top"":2001,""bottom"":4055},""time"":1729913870683},{""box"":{""left"":1785,""right"":2699,""top"":2001,""bottom"":4055},""time"":1729913870789},{""box"":{""left"":1785,""right"":2699,""top"":2001,""bottom"":4055},""time"":1729913871103},{""box"":{""left"":1785,""right"":2699,""top"":2001,""bottom"":4055},""time"":1729913871279},{""box"":{""left"":1785,""right"":2699,""top"":2001,""bottom"":4055},""time"":1729913871449},{""box"":{""left"":1785,""right"":2699,""top"":2001,""bottom"":4055},""time"":1729913871601},{""box"":{""left"":1785,""right"":2699,""top"":2001,""bottom"":4055},""time"":1729913871694},{""box"":{""left"":1785,""right"":2699,""top"":2001,""bottom"":4055},""time"":1729913871897},{""box"":{""left"":1785,""right"":2699,""top"":2001,""bottom"":4055},""time"":1729913872080},{""box"":{""left"":1785,""right"":2699,""top"":2001,""bottom"":4055},""time"":1729913872283},{""box"":{""left"":1785,""right"":2699,""top"":2001,""bottom"":4055},""time"":1729913872639},{""box"":{""left"":1785,""right"":2699,""top"":2001,""bottom"":4055},""time"":1729913872757},{""box"":{""left"":1785,""right"":2699,""top"":2001,""bottom"":4055},""time"":1729913872836},{""box"":{""left"":1785,""right"":2699,""top"":2001,""bottom"":4055},""time"":1729913872893},{""box"":{""left"":1785,""right"":2699,""top"":2001,""bottom"":4055},""time"":1729913872961},{""box"":{""left"":1785,""right"":2699,""top"":2001,""bottom"":4055},""time"":1729913873006},{""box"":{""left"":1785,""right"":2699,""top"":2001,""bottom"":4055},""time"":1729913873143},{""box"":{""left"":1785,""right"":2699,""top"":2001,""bottom"":4055},""time"":1729913873229},{""box"":{""left"":1785,""right"":2699,""top"":2001,""bottom"":4055},""time"":1729913873473},{""box"":{""left"":1785,""right"":2699,""top"":2001,""bottom"":4055},""time"":1729913873592},{""box"":{""left"":1785,""right"":2699,""top"":2001,""bottom"":4055},""time"":1729913873848},{""box"":{""left"":1785,""right"":2699,""top"":2001,""bottom"":4055},""time"":1729913873916},{""box"":{""left"":1785,""right"":2699,""top"":2001,""bottom"":4055},""time"":1729913873974},{""box"":{""left"":1785,""right"":2699,""top"":2001,""bottom"":4055},""time"":1729913874114},{""box"":{""left"":1785,""right"":2699,""top"":2001,""bottom"":4055},""time"":1729913874184},{""box"":{""left"":1785,""right"":2699,""top"":2001,""bottom"":4055},""time"":1729913874247},{""box"":{""left"":1785,""right"":2699,""top"":2001,""bottom"":4055},""time"":1729913874367},{""box"":{""left"":1785,""right"":2699,""top"":2001,""bottom"":4055},""time"":1729913874651},{""box"":{""left"":1785,""right"":2699,""top"":2001,""bottom"":4055},""time"":1729913874771},{""box"":{""left"":1785,""right"":2699,""top"":2001,""bottom"":4055},""time"":1729913874851},{""box"":{""left"":1785,""right"":2699,""top"":2001,""bottom"":4055},""time"":1729913874920},{""box"":{""left"":1785,""right"":2699,""top"":2001,""bottom"":4055},""time"":1729913875042},{""box"":{""left"":1785,""right"":2699,""top"":2001,""bottom"":4055},""time"":1729913875111},{""box"":{""left"":1785,""right"":2699,""top"":2001,""bottom"":4055},""time"":1729913875255},{""box"":{""left"":1785,""right"":2699,""top"":2001,""bottom"":4055},""time"":1729913875312},{""box"":{""left"":1785,""right"":2699,""top"":2001,""bottom"":4055},""time"":1729913875350},{""box"":{""left"":1785,""right"":2699,""top"":2001,""bottom"":4055},""time"":1729913875430},{""box"":{""left"":1785,""right"":2699,""top"":2001,""bottom"":4055},""time"":1729913875551},{""box"":{""left"":1785,""right"":2699,""top"":2001,""bottom"":4055},""time"":1729913875602},{""box"":{""left"":1785,""right"":2699,""top"":2001,""bottom"":4055},""time"":1729913875678},{""box"":{""left"":1785,""right"":2699,""top"":2001,""bottom"":4055},""time"":1729913875762},{""box"":{""left"":1785,""right"":2699,""top"":2001,""bottom"":4055},""time"":1729913876034},{""box"":{""left"":1785,""right"":2699,""top"":2001,""bottom"":4055},""time"":1729913876079},{""box"":{""left"":1785,""right"":2699,""top"":2001,""bottom"":4055},""time"":1729913876246},{""box"":{""left"":1785,""right"":2699,""top"":2001,""bottom"":4055},""time"":1729913876402},{""box"":{""left"":1785,""right"":2699,""top"":2001,""bottom"":4055},""time"":1729913876480},{""box"":{""left"":1785,""right"":2699,""top"":2001,""bottom"":4055},""time"":1729913876539},{""box"":{""left"":1785,""right"":2699,""top"":2001,""bottom"":4055},""time"":1729913876594},{""box"":{""left"":1785,""right"":2699,""top"":2001,""bottom"":4055},""time"":1729913876662},{""box"":{""left"":1785,""right"":2699,""top"":2001,""bottom"":4055},""time"":1729913876707},{""box"":{""left"":1785,""right"":2699,""top"":2001,""bottom"":4055},""time"":1729913876775},{""box"":{""left"":1785,""right"":2699,""top"":2001,""bottom"":4055},""time"":1729913876876},{""box"":{""left"":1785,""right"":2699,""top"":2001,""bottom"":4055},""time"":1729913876928},{""box"":{""left"":1785,""right"":2699,""top"":2001,""bottom"":4055},""time"":1729913877019},{""box"":{""left"":1785,""right"":2699,""top"":2001,""bottom"":4055},""time"":1729913877080},{""box"":{""left"":1785,""right"":2699,""top"":2001,""bottom"":4055},""time"":1729913877137},{""box"":{""left"":1785,""right"":2699,""top"":2001,""bottom"":4055},""time"":1729913877201},{""box"":{""left"":1785,""right"":2699,""top"":2001,""bottom"":4055},""time"":1729913877287},{""box"":{""left"":1785,""right"":2699,""top"":2001,""bottom"":4055},""time"":1729913877421},{""box"":{""left"":1785,""right"":2699,""top"":2001,""bottom"":4055},""time"":1729913877547},{""box"":{""left"":1785,""right"":2699,""top"":2001,""bottom"":4055},""time"":1729913877674},{""box"":{""left"":1785,""right"":2699,""top"":2001,""bottom"":4055},""time"":1729913877711},{""box"":{""left"":1785,""right"":2699,""top"":2001,""bottom"":4055},""time"":1729913877758},{""box"":{""left"":1785,""right"":2699,""top"":2001,""bottom"":4055},""time"":1729913877806},{""box"":{""left"":1785,""right"":2699,""top"":2001,""bottom"":4055},""time"":1729913877877},{""box"":{""left"":1785,""right"":2699,""top"":2001,""bottom"":4055},""time"":1729913878000},{""box"":{""left"":1785,""right"":2699,""top"":2001,""bottom"":4055},""time"":1729913878094},{""box"":{""left"":1785,""right"":2699,""top"":2001,""bottom"":4055},""time"":1729913878169},{""box"":{""left"":1785,""right"":2699,""top"":2001,""bottom"":4055},""time"":1729913878298},{""box"":{""left"":1785,""right"":2699,""top"":2001,""bottom"":4055},""time"":1729913878364},{""box"":{""left"":1785,""right"":2699,""top"":2001,""bottom"":4055},""time"":1729913878433},{""box"":{""left"":1785,""right"":2699,""top"":2001,""bottom"":4055},""time"":1729913878480},{""box"":{""left"":1785,""right"":2699,""top"":2001,""bottom"":4055},""time"":1729913878731},{""box"":{""left"":1785,""right"":2699,""top"":2001,""bottom"":4055},""time"":1729913878876},{""box"":{""left"":1785,""right"":2699,""top"":2001,""bottom"":4055},""time"":1729913878991},{""box"":{""left"":1785,""right"":2699,""top"":2001,""bottom"":4055},""time"":1729913879125},{""box"":{""left"":1785,""right"":2699,""top"":2001,""bottom"":4055},""time"":1729913879250},{""box"":{""left"":1785,""right"":2699,""top"":2001,""bottom"":4055},""time"":1729913879401},{""box"":{""left"":1785,""right"":2699,""top"":2001,""bottom"":4055},""time"":1729913879495},{""box"":{""left"":1785,""right"":2699,""top"":2001,""bottom"":4055},""time"":1729913879802},{""box"":{""left"":1785,""right"":2699,""top"":2001,""bottom"":4055},""time"":1729913879874},{""box"":{""left"":1785,""right"":2699,""top"":2001,""bottom"":4055},""time"":1729913879960},{""box"":{""left"":1785,""right"":2699,""top"":2001,""bottom"":4055},""time"":1729913880055},{""box"":{""left"":1785,""right"":2699,""top"":2001,""bottom"":4055},""time"":1729913880136}",,,,,
57113,Face,2024-10-26 12:37:36,2024-10-26 12:37:37,"{""left"":5484,""right"":6413,""top"":5874,""bottom"":6945}","18,24",male,,,
57114,Person,2024-10-26 12:37:43,2024-10-26 12:38:26,"{""left"":3550,""right"":2757,""top"":3878,""bottom"":4563},{""box"":{""left"":3550,""right"":2757,""top"":3878,""bottom"":4563},""time"":1729913863617},{""box"":{""left"":3550,""right"":2757,""top"":3878,""bottom"":4563},""time"":1729913865017},{""box"":{""left"":3550,""right"":2757,""top"":3878,""bottom"":4563},""time"":1729913865269},{""box"":{""left"":3550,""right"":2757,""top"":3878,""bottom"":4563},""time"":1729913865463},{""box"":{""left"":3550,""right"":2757,""top"":3878,""bottom"":4563},""time"":1729913865580},{""box"":{""left"":3550,""right"":2757,""top"":3878,""bottom"":4563},""time"":1729913865703},{""box"":{""left"":3550,""right"":2757,""top"":3878,""bottom"":4563},""time"":1729913866025},{""box"":{""left"":3550,""right"":2757,""top"":3878,""bottom"":4563},""time"":1729913866159},{""box"":{""left"":3550,""right"":2757,""top"":3878,""bottom"":4563},""time"":1729913866283},{""box"":{""left"":3550,""right"":2757,""top"":3878,""bottom"":4563},""time"":1729913866691},{""box"":{""left"":3550,""right"":2757,""top"":3878,""bottom"":4563},""time"":1729913866844},{""box"":{""left"":3550,""right"":2757,""top"":3878,""bottom"":4563},""time"":1729913866975},{""box"":{""left"":3550,""right"":2757,""top"":3878,""bottom"":4563},""time"":1729913867115},{""box"":{""left"":3550,""right"":2757,""top"":3878,""bottom"":4563},""time"":1729913867355},{""box"":{""left"":3550,""right"":2757,""top"":3878,""bottom"":4563},""time"":1729913867449},{""box"":{""left"":3550,""right"":2757,""top"":3878,""bottom"":4563},""time"":1729913867544},{""box"":{""left"":3550,""right"":2757,""top"":3878,""bottom"":4563},""time"":1729913867730},{""box"":{""left"":3550,""right"":2757,""top"":3878,""bottom"":4563},""time"":1729913867831},{""box"":{""left"":3550,""right"":2757,""top"":3878,""bottom"":4563},""time"":1729913868032},{""box"":{""left"":3550,""right"":2757,""top"":3878,""bottom"":4563},""time"":1729913868126},{""box"":{""left"":3550,""right"":2757,""top"":3878,""bottom"":4563},""time"":1729913868221},{""box"":{""left"":3550,""right"":2757,""top"":3878,""bottom"":4563},""time"":1729913868407},{""box"":{""left"":3550,""right"":2757,""top"":3878,""bottom"":4563},""time"":1729913868522},{""box"":{""left"":3550,""right"":2757,""top"":3878,""bottom"":4563},""time"":1729913868616},{""box"":{""left"":3550,""right"":2757,""top"":3878,""bottom"":4563},""time"":1729913868726},{""box"":{""left"":3550,""right"":2757,""top"":3878,""bottom"":4563},""time"":1729913868865},{""box"":{""left"":3550,""right"":2757,""top"":3878,""bottom"":4563},""time"":1729913868983},{""box"":{""left"":3550,""right"":2757,""top"":3878,""bottom"":4563},""time"":1729913869164},{""box"":{""left"":3550,""right"":2757,""top"":3878,""bottom"":4563},""time"":1729913869293},{""box"":{""left"":3550,""right"":2757,""top"":3878,""bottom"":4563},""time"":1729913869434},{""box"":{""left"":3550,""right"":2757,""top"":3878,""bottom"":4563},""time"":1729913869783},{""box"":{""left"":3550,""right"":2757,""top"":3878,""bottom"":4563},""time"":1729913869928},{""box"":{""left"":3550,""right"":2757,""top"":3878,""bottom"":4563},""time"":1729913870056},{""box"":{""left"":3550,""right"":2757,""top"":3878,""bottom"":4563},""time"":1729913870200},{""box"":{""left"":3550,""right"":2757,""top"":3878,""bottom"":4563},""time"":1729913870334},{""box"":{""left"":3550,""right"":2757,""top"":3878,""bottom"":4563},""time"":1729913870462},{""box"":{""left"":3550,""right"":2757,""top"":3878,""bottom"":4563},""time"":1729913870580},{""box"":{""left"":3550,""right"":2757,""top"":3878,""bottom"":4563},""time"":1729913870694},{""box"":{""left"":3550,""right"":2757,""top"":3878,""bottom"":4563},""time"":1729913870801},{""box"":{""left"":3550,""right"":2757,""top"":3878,""bottom"":4563},""time"":1729913871114},{""box"":{""left"":3550,""right"":2757,""top"":3878,""bottom"":4563},""time"":1729913871461},{""box"":{""left"":3550,""right"":2757,""top"":3878,""bottom"":4563},""time"":1729913871909},{""box"":{""left"":3550,""right"":2757,""top"":3878,""bottom"":4563},""time"":1729913872091},{""box"":{""left"":3550,""right"":2757,""top"":3878,""bottom"":4563},""time"":1729913872294},{""box"":{""left"":3550,""right"":2757,""top"":3878,""bottom"":4563},""time"":1729913872651},{""box"":{""left"":3550,""right"":2757,""top"":3878,""bottom"":4563},""time"":1729913872768},{""box"":{""left"":3550,""right"":2757,""top"":3878,""bottom"":4563},""time"":1729913872904},{""box"":{""left"":3550,""right"":2757,""top"":3878,""bottom"":4563},""time"":1729913873018},{""box"":{""left"":3550,""right"":2757,""top"":3878,""bottom"":4563},""time"":1729913873240},{""box"":{""left"":3550,""right"":2757,""top"":3878,""bottom"":4563},""time"":1729913873485},{""box"":{""left"":3550,""right"":2757,""top"":3878,""bottom"":4563},""time"":1729913873603},{""box"":{""left"":3550,""right"":2757,""top"":3878,""bottom"":4563},""time"":1729913873859},{""box"":{""left"":3550,""right"":2757,""top"":3878,""bottom"":4563},""time"":1729913873985},{""box"":{""left"":3550,""right"":2757,""top"":3878,""bottom"":4563},""time"":1729913874125},{""box"":{""left"":3550,""right"":2757,""top"":3878,""bottom"":4563},""time"":1729913874258},{""box"":{""left"":3550,""right"":2757,""top"":3878,""bottom"":4563},""time"":1729913874378},{""box"":{""left"":3550,""right"":2757,""top"":3878,""bottom"":4563},""time"":1729913874663},{""box"":{""left"":3550,""right"":2757,""top"":3878,""bottom"":4563},""time"":1729913874782},{""box"":{""left"":3550,""right"":2757,""top"":3878,""bottom"":4563},""time"":1729913874863},{""box"":{""left"":3550,""right"":2757,""top"":3878,""bottom"":4563},""time"":1729913874931},{""box"":{""left"":3550,""right"":2757,""top"":3878,""bottom"":4563},""time"":1729913875054},{""box"":{""left"":3550,""right"":2757,""top"":3878,""bottom"":4563},""time"":1729913875122},{""box"":{""left"":3550,""right"":2757,""top"":3878,""bottom"":4563},""time"":1729913875361},{""box"":{""left"":3550,""right"":2757,""top"":3878,""bottom"":4563},""time"":1729913875442},{""box"":{""left"":3550,""right"":2757,""top"":3878,""bottom"":4563},""time"":1729913875689},{""box"":{""left"":3550,""right"":2757,""top"":3878,""bottom"":4563},""time"":1729913875773},{""box"":{""left"":3550,""right"":2757,""top"":3878,""bottom"":4563},""time"":1729913876257},{""box"":{""left"":3550,""right"":2757,""top"":3878,""bottom"":4563},""time"":1729913876551},{""box"":{""left"":3550,""right"":2757,""top"":3878,""bottom"":4563},""time"":1729913876940},{""box"":{""left"":3550,""right"":2757,""top"":3878,""bottom"":4563},""time"":1729913877030},{""box"":{""left"":3550,""right"":2757,""top"":3878,""bottom"":4563},""time"":1729913877213},{""box"":{""left"":3550,""right"":2757,""top"":3878,""bottom"":4563},""time"":1729913877432},{""box"":{""left"":3550,""right"":2757,""top"":3878,""bottom"":4563},""time"":1729913877559},{""box"":{""left"":3550,""right"":2757,""top"":3878,""bottom"":4563},""time"":1729913877686},{""box"":{""left"":3550,""right"":2757,""top"":3878,""bottom"":4563},""time"":1729913877769},{""box"":{""left"":3550,""right"":2757,""top"":3878,""bottom"":4563},""time"":1729913878012},{""box"":{""left"":3550,""right"":2757,""top"":3878,""bottom"":4563},""time"":1729913878106},{""box"":{""left"":3550,""right"":2757,""top"":3878,""bottom"":4563},""time"":1729913878309},{""box"":{""left"":3550,""right"":2757,""top"":3878,""bottom"":4563},""time"":1729913878375},{""box"":{""left"":3550,""right"":2757,""top"":3878,""bottom"":4563},""time"":1729913878445},{""box"":{""left"":3550,""right"":2757,""top"":3878,""bottom"":4563},""time"":1729913878491},{""box"":{""left"":3550,""right"":2757,""top"":3878,""bottom"":4563},""time"":1729913878685},{""box"":{""left"":3550,""right"":2757,""top"":3878,""bottom"":4563},""time"":1729913878742},{""box"":{""left"":3550,""right"":2757,""top"":3878,""bottom"":4563},""time"":1729913878888},{""box"":{""left"":3550,""right"":2757,""top"":3878,""bottom"":4563},""time"":1729913879003},{""box"":{""left"":3550,""right"":2757,""top"":3878,""bottom"":4563},""time"":1729913879261},{""box"":{""left"":3550,""right"":2757,""top"":3878,""bottom"":4563},""time"":1729913879412},{""box"":{""left"":3550,""right"":2757,""top"":3878,""bottom"":4563},""time"":1729913879507},{""box"":{""left"":3550,""right"":2757,""top"":3878,""bottom"":4563},""time"":1729913879576},{""box"":{""left"":3550,""right"":2757,""top"":3878,""bottom"":4563},""time"":1729913879650},{""box"":{""left"":3550,""right"":2757,""top"":3878,""bottom"":4563},""time"":1729913879813},{""box"":{""left"":3550,""right"":2757,""top"":3878,""bottom"":4563},""time"":1729913879969},{""box"":{""left"":3550,""right"":2757,""top"":3878,""bottom"":4563},""time"":1729913880145},{""box"":{""left"":3550,""right"":2757,""top"":3878,""bottom"":4563},""time"":1729913880281},{""box"":{""left"":3550,""right"":2757,""top"":3878,""bottom"":4563},""time"":1729913880484},{""box"":{""left"":3550,""right"":2757,""top"":3878,""bottom"":4563},""time"":1729913880578},{""box"":{""left"":3550,""right"":2757,""top"":3878,""bottom"":4563},""time"":1729913880664},{""box"":{""left"":3550,""right"":2757,""top"":3878,""bottom"":4563},""time"":1729913880795},{""box"":{""left"":3550,""right"":2757,""top"":3878,""bottom"":4563},""time"":1729913880880},{""box"":{""left"":3550,""right"":2757,""top"":3878,""bottom"":4563},""time"":1729913880965},{""box"":{""left"":3550,""right"":2757,""top"":3878,""bottom"":4563},""time"":1729913881082},{""box"":{""left"":3550,""right"":2757,""top"":3878,""bottom"":4563},""time"":1729913881129},{""box"":{""left"":3550,""right"":2757,""top"":3878,""bottom"":4563},""time"":1729913881179},{""box"":{""left"":3550,""right"":2757,""top"":3878,""bottom"":4563},""time"":1729913881249},{""box"":{""left"":3550,""right"":2757,""top"":3878,""bottom"":4563},""time"":1729913881331},{""box"":{""left"":3550,""right"":2757,""top"":3878,""bottom"":4563},""time"":1729913881350},{""box"":{""left"":3550,""right"":2757,""top"":3878,""bottom"":4563},""time"":1729913881398},{""box"":{""left"":3550,""right"":2757,""top"":3878,""bottom"":4563},""time"":1729913881445},{""box"":{""left"":3550,""right"":2757,""top"":3878,""bottom"":4563},""time"":1729913881502},{""box"":{""left"":3550,""right"":2757,""top"":3878,""bottom"":4563},""time"":1729913881558},{""box"":{""left"":3550,""right"":2757,""top"":3878,""bottom"":4563},""time"":1729913881625},{""box"":{""left"":3550,""right"":2757,""top"":3878,""bottom"":4563},""time"":1729913881682},{""box"":{""left"":3550,""right"":2757,""top"":3878,""bottom"":4563},""time"":1729913881839},{""box"":{""left"":3550,""right"":2757,""top"":3878,""bottom"":4563},""time"":1729913881868},{""box"":{""left"":3550,""right"":2757,""top"":3878,""bottom"":4563},""time"":1729913881906},{""box"":{""left"":3550,""right"":2757,""top"":3878,""bottom"":4563},""time"":1729913881925},{""box"":{""left"":3550,""right"":2757,""top"":3878,""bottom"":4563},""time"":1729913881964},{""box"":{""left"":3550,""right"":2757,""top"":3878,""bottom"":4563},""time"":1729913882654},{""box"":{""left"":3550,""right"":2757,""top"":3878,""bottom"":4563},""time"":1729913882712},{""box"":{""left"":3550,""right"":2757,""top"":3878,""bottom"":4563},""time"":1729913882760},{""box"":{""left"":3550,""right"":2757,""top"":3878,""bottom"":4563},""time"":1729913882807},{""box"":{""left"":3550,""right"":2757,""top"":3878,""bottom"":4563},""time"":1729913882855},{""box"":{""left"":3550,""right"":2757,""top"":3878,""bottom"":4563},""time"":1729913882953},{""box"":{""left"":3550,""right"":2757,""top"":3878,""bottom"":4563},""time"":1729913883002},{""box"":{""left"":3550,""right"":2757,""top"":3878,""bottom"":4563},""time"":1729913883050},{""box"":{""left"":3550,""right"":2757,""top"":3878,""bottom"":4563},""time"":1729913883097},{""box"":{""left"":3550,""right"":2757,""top"":3878,""bottom"":4563},""time"":1729913883146},{""box"":{""left"":3550,""right"":2757,""top"":3878,""bottom"":4563},""time"":1729913883216},{""box"":{""left"":3550,""right"":2757,""top"":3878,""bottom"":4563},""time"":1729913883254},{""box"":{""left"":3550,""right"":2757,""top"":3878,""bottom"":4563},""time"":1729913883274},{""box"":{""left"":3550,""right"":2757,""top"":3878,""bottom"":4563},""time"":1729913883379},{""box"":{""left"":3550,""right"":2757,""top"":3878,""bottom"":4563},""time"":1729913883407},{""box"":{""left"":3550,""right"":2757,""top"":3878,""bottom"":4563},""time"":1729913883445},{""box"":{""left"":3550,""right"":2757,""top"":3878,""bottom"":4563},""time"":1729913883474},{""box"":{""left"":3550,""right"":2757,""top"":3878,""bottom"":4563},""time"":1729913883493},{""box"":{""left"":3550,""right"":2757,""top"":3878,""bottom"":4563},""time"":1729913883557},{""box"":{""left"":3550,""right"":2757,""top"":3878,""bottom"":4563},""time"":1729913883605},{""box"":{""left"":3550,""right"":2757,""top"":3878,""bottom"":4563},""time"":1729913883653},{""box"":{""left"":3550,""right"":2757,""top"":3878,""bottom"":4563},""time"":1729913883702},{""box"":{""left"":3550,""right"":2757,""top"":3878,""bottom"":4563},""time"":1729913883750},{""box"":{""left"":3550,""right"":2757,""top"":3878,""bottom"":4563},""time"":1729913883798},{""box"":{""left"":3550,""right"":2757,""top"":3878,""bottom"":4563},""time"":1729913883846},{""box"":{""left"":3550,""right"":2757,""top"":3878,""bottom"":4563},""time"":1729913883893},{""box"":{""left"":3550,""right"":2757,""top"":3878,""bottom"":4563},""time"":1729913883969},{""box"":{""left"":3550,""right"":2757,""top"":3878,""bottom"":4563},""time"":1729913884040},{""box"":{""left"":3550,""right"":2757,""top"":3878,""bottom"":4563},""time"":1729913884069},{""box"":{""left"":3550,""right"":2757,""top"":3878,""bottom"":4563},""time"":1729913884136},{""box"":{""left"":3550,""right"":2757,""top"":3878,""bottom"":4563},""time"":1729913884203},{""box"":{""left"":3550,""right"":2757,""top"":3878,""bottom"":4563},""time"":1729913884260},{""box"":{""left"":3550,""right"":2757,""top"":3878,""bottom"":4563},""time"":1729913884317},{""box"":{""left"":3550,""right"":2757,""top"":3878,""bottom"":4563},""time"":1729913884375},{""box"":{""left"":3550,""right"":2757,""top"":3878,""bottom"":4563},""time"":1729913884432},{""box"":{""left"":3550,""right"":2757,""top"":3878,""bottom"":4563},""time"":1729913884489},{""box"":{""left"":3550,""right"":2757,""top"":3878,""bottom"":4563},""time"":1729913884546},{""box"":{""left"":3550,""right"":2757,""top"":3878,""bottom"":4563},""time"":1729913884604},{""box"":{""left"":3550,""right"":2757,""top"":3878,""bottom"":4563},""time"":1729913884661},{""box"":{""left"":3550,""right"":2757,""top"":3878,""bottom"":4563},""time"":1729913884718},{""box"":{""left"":3550,""right"":2757,""top"":3878,""bottom"":4563},""time"":1729913884775},{""box"":{""left"":3550,""right"":2757,""top"":3878,""bottom"":4563},""time"":1729913884835},{""box"":{""left"":3550,""right"":2757,""top"":3878,""bottom"":4563},""time"":1729913884892},{""box"":{""left"":3550,""right"":2757,""top"":3878,""bottom"":4563},""time"":1729913884949},{""box"":{""left"":3550,""right"":2757,""top"":3878,""bottom"":4563},""time"":1729913884981},{""box"":{""left"":3550,""right"":2757,""top"":3878,""bottom"":4563},""time"":1729913885038},{""box"":{""left"":3550,""right"":2757,""top"":3878,""bottom"":4563},""time"":1729913885124},{""box"":{""left"":3550,""right"":2757,""top"":3878,""bottom"":4563},""time"":1729913885181},{""box"":{""left"":3550,""right"":2757,""top"":3878,""bottom"":4563},""time"":1729913885238},{""box"":{""left"":3550,""right"":2757,""top"":3878,""bottom"":4563},""time"":1729913885297},{""box"":{""left"":3550,""right"":2757,""top"":3878,""bottom"":4563},""time"":1729913885354},{""box"":{""left"":3550,""right"":2757,""top"":3878,""bottom"":4563},""time"":1729913885412},{""box"":{""left"":3550,""right"":2757,""top"":3878,""bottom"":4563},""time"":1729913885469},{""box"":{""left"":3550,""right"":2757,""top"":3878,""bottom"":4563},""time"":1729913885531},{""box"":{""left"":3550,""right"":2757,""top"":3878,""bottom"":4563},""time"":1729913885598},{""box"":{""left"":3550,""right"":2757,""top"":3878,""bottom"":4563},""time"":1729913885664},{""box"":{""left"":3550,""right"":2757,""top"":3878,""bottom"":4563},""time"":1729913885731},{""box"":{""left"":3550,""right"":2757,""top"":3878,""bottom"":4563},""time"":1729913885788},{""box"":{""left"":3550,""right"":2757,""top"":3878,""bottom"":4563},""time"":1729913885807},{""box"":{""left"":3550,""right"":2757,""top"":3878,""bottom"":4563},""time"":1729913885855},{""box"":{""left"":3550,""right"":2757,""top"":3878,""bottom"":4563},""time"":1729913885875},{""box"":{""left"":3550,""right"":2757,""top"":3878,""bottom"":4563},""time"":1729913885932},{""box"":{""left"":3550,""right"":2757,""top"":3878,""bottom"":4563},""time"":1729913885999},{""box"":{""left"":3550,""right"":2757,""top"":3878,""bottom"":4563},""time"":1729913886058},{""box"":{""left"":3550,""right"":2757,""top"":3878,""bottom"":4563},""time"":1729913886116},{""box"":{""left"":3550,""right"":2757,""top"":3878,""bottom"":4563},""time"":1729913886182},{""box"":{""left"":3550,""right"":2757,""top"":3878,""bottom"":4563},""time"":1729913886249},{""box"":{""left"":3550,""right"":2757,""top"":3878,""bottom"":4563},""time"":1729913886325},{""box"":{""left"":3550,""right"":2757,""top"":3878,""bottom"":4563},""time"":1729913886392},{""box"":{""left"":3550,""right"":2757,""top"":3878,""bottom"":4563},""time"":1729913886461},{""box"":{""left"":3550,""right"":2757,""top"":3878,""bottom"":4563},""time"":1729913886527},{""box"":{""left"":3550,""right"":2757,""top"":3878,""bottom"":4563},""time"":1729913886584},{""box"":{""left"":3550,""right"":2757,""top"":3878,""bottom"":4563},""time"":1729913886651},{""box"":{""left"":3550,""right"":2757,""top"":3878,""bottom"":4563},""time"":1729913886717},{""box"":{""left"":3550,""right"":2757,""top"":3878,""bottom"":4563},""time"":1729913886783},{""box"":{""left"":3550,""right"":2757,""top"":3878,""bottom"":4563},""time"":1729913886841},{""box"":{""left"":3550,""right"":2757,""top"":3878,""bottom"":4563},""time"":1729913886897},{""box"":{""left"":3550,""right"":2757,""top"":3878,""bottom"":4563},""time"":1729913886934},{""box"":{""left"":3550,""right"":2757,""top"":3878,""bottom"":4563},""time"":1729913886953},{""box"":{""left"":3550,""right"":2757,""top"":3878,""bottom"":4563},""time"":1729913887011},{""box"":{""left"":3550,""right"":2757,""top"":3878,""bottom"":4563},""time"":1729913887077},{""box"":{""left"":3550,""right"":2757,""top"":3878,""bottom"":4563},""time"":1729913887134},{""box"":{""left"":3550,""right"":2757,""top"":3878,""bottom"":4563},""time"":1729913887193},{""box"":{""left"":3550,""right"":2757,""top"":3878,""bottom"":4563},""time"":1729913887249},{""box"":{""left"":3550,""right"":2757,""top"":3878,""bottom"":4563},""time"":1729913887301},{""box"":{""left"":3550,""right"":2757,""top"":3878,""bottom"":4563},""time"":1729913887321},{""box"":{""left"":3550,""right"":2757,""top"":3878,""bottom"":4563},""time"":1729913887408},{""box"":{""left"":3550,""right"":2757,""top"":3878,""bottom"":4563},""time"":1729913887460},{""box"":{""left"":3550,""right"":2757,""top"":3878,""bottom"":4563},""time"":1729913887479},{""box"":{""left"":3550,""right"":2757,""top"":3878,""bottom"":4563},""time"":1729913887527},{""box"":{""left"":3550,""right"":2757,""top"":3878,""bottom"":4563},""time"":1729913887556},{""box"":{""left"":3550,""right"":2757,""top"":3878,""bottom"":4563},""time"":1729913887622},{""box"":{""left"":3550,""right"":2757,""top"":3878,""bottom"":4563},""time"":1729913887688},{""box"":{""left"":3550,""right"":2757,""top"":3878,""bottom"":4563},""time"":1729913887755},{""box"":{""left"":3550,""right"":2757,""top"":3878,""bottom"":4563},""time"":1729913887820},{""box"":{""left"":3550,""right"":2757,""top"":3878,""bottom"":4563},""time"":1729913887887},{""box"":{""left"":3550,""right"":2757,""top"":3878,""bottom"":4563},""time"":1729913887953},{""box"":{""left"":3550,""right"":2757,""top"":3878,""bottom"":4563},""time"":1729913888019},{""box"":{""left"":3550,""right"":2757,""top"":3878,""bottom"":4563},""time"":1729913888085},{""box"":{""left"":3550,""right"":2757,""top"":3878,""bottom"":4563},""time"":1729913888152},{""box"":{""left"":3550,""right"":2757,""top"":3878,""bottom"":4563},""time"":1729913888208},{""box"":{""left"":3550,""right"":2757,""top"":3878,""bottom"":4563},""time"":1729913888280},{""box"":{""left"":3550,""right"":2757,""top"":3878,""bottom"":4563},""time"":1729913888353},{""box"":{""left"":3550,""right"":2757,""top"":3878,""bottom"":4563},""time"":1729913888424},{""box"":{""left"":3550,""right"":2757,""top"":3878,""bottom"":4563},""time"":1729913888495},{""box"":{""left"":3550,""right"":2757,""top"":3878,""bottom"":4563},""time"":1729913888568},{""box"":{""left"":3550,""right"":2757,""top"":3878,""bottom"":4563},""time"":1729913888639},{""box"":{""left"":3550,""right"":2757,""top"":3878,""bottom"":4563},""time"":1729913888711},{""box"":{""left"":3550,""right"":2757,""top"":3878,""bottom"":4563},""time"":1729913888783},{""box"":{""left"":3550,""right"":2757,""top"":3878,""bottom"":4563},""time"":1729913888921},{""box"":{""left"":3550,""right"":2757,""top"":3878,""bottom"":4563},""time"":1729913888993},{""box"":{""left"":3550,""right"":2757,""top"":3878,""bottom"":4563},""time"":1729913889045},{""box"":{""left"":3550,""right"":2757,""top"":3878,""bottom"":4563},""time"":1729913889076},{""box"":{""left"":3550,""right"":2757,""top"":3878,""bottom"":4563},""time"":1729913889147},{""box"":{""left"":3550,""right"":2757,""top"":3878,""bottom"":4563},""time"":1729913889219},{""box"":{""left"":3550,""right"":2757,""top"":3878,""bottom"":4563},""time"":1729913889291},{""box"":{""left"":3550,""right"":2757,""top"":3878,""bottom"":4563},""time"":1729913889363},{""box"":{""left"":3550,""right"":2757,""top"":3878,""bottom"":4563},""time"":1729913889420},{""box"":{""left"":3550,""right"":2757,""top"":3878,""bottom"":4563},""time"":1729913889448},{""box"":{""left"":3550,""right"":2757,""top"":3878,""bottom"":4563},""time"":1729913889520},{""box"":{""left"":3550,""right"":2757,""top"":3878,""bottom"":4563},""time"":1729913889621},{""box"":{""left"":3550,""right"":2757,""top"":3878,""bottom"":4563},""time"":1729913889724},{""box"":{""left"":3550,""right"":2757,""top"":3878,""bottom"":4563},""time"":1729913889806},{""box"":{""left"":3550,""right"":2757,""top"":3878,""bottom"":4563},""time"":1729913889897},{""box"":{""left"":3550,""right"":2757,""top"":3878,""bottom"":4563},""time"":1729913889969},{""box"":{""left"":3550,""right"":2757,""top"":3878,""bottom"":4563},""time"":1729913890015},{""box"":{""left"":3550,""right"":2757,""top"":3878,""bottom"":4563},""time"":1729913890061},{""box"":{""left"":3550,""right"":2757,""top"":3878,""bottom"":4563},""time"":1729913890107},{""box"":{""left"":3550,""right"":2757,""top"":3878,""bottom"":4563},""time"":1729913890180},{""box"":{""left"":3550,""right"":2757,""top"":3878,""bottom"":4563},""time"":1729913890251},{""box"":{""left"":3550,""right"":2757,""top"":3878,""bottom"":4563},""time"":1729913890323},{""box"":{""left"":3550,""right"":2757,""top"":3878,""bottom"":4563},""time"":1729913890395},{""box"":{""left"":3550,""right"":2757,""top"":3878,""bottom"":4563},""time"":1729913890466},{""box"":{""left"":3550,""right"":2757,""top"":3878,""bottom"":4563},""time"":1729913890538},{""box"":{""left"":3550,""right"":2757,""top"":3878,""bottom"":4563},""time"":1729913890600},{""box"":{""left"":3550,""right"":2757,""top"":3878,""bottom"":4563},""time"":1729913890639},{""box"":{""left"":3550,""right"":2757,""top"":3878,""bottom"":4563},""time"":1729913890677},{""box"":{""left"":3550,""right"":2757,""top"":3878,""bottom"":4563},""time"":1729913890749},{""box"":{""left"":3550,""right"":2757,""top"":3878,""bottom"":4563},""time"":1729913890822},{""box"":{""left"":3550,""right"":2757,""top"":3878,""bottom"":4563},""time"":1729913890893},{""box"":{""left"":3550,""right"":2757,""top"":3878,""bottom"":4563},""time"":1729913890953},{""box"":{""left"":3550,""right"":2757,""top"":3878,""bottom"":4563},""time"":1729913891006},{""box"":{""left"":3550,""right"":2757,""top"":3878,""bottom"":4563},""time"":1729913891044},{""box"":{""left"":3550,""right"":2757,""top"":3878,""bottom"":4563},""time"":1729913891083},{""box"":{""left"":3550,""right"":2757,""top"":3878,""bottom"":4563},""time"":1729913891103},{""box"":{""left"":3550,""right"":2757,""top"":3878,""bottom"":4563},""time"":1729913891136},{""box"":{""left"":3550,""right"":2757,""top"":3878,""bottom"":4563},""time"":1729913891164},{""box"":{""left"":3550,""right"":2757,""top"":3878,""bottom"":4563},""time"":1729913891204},{""box"":{""left"":3550,""right"":2757,""top"":3878,""bottom"":4563},""time"":1729913891233},{""box"":{""left"":3550,""right"":2757,""top"":3878,""bottom"":4563},""time"":1729913891286},{""box"":{""left"":3550,""right"":2757,""top"":3878,""bottom"":4563},""time"":1729913891315},{""box"":{""left"":3550,""right"":2757,""top"":3878,""bottom"":4563},""time"":1729913891367},{""box"":{""left"":3550,""right"":2757,""top"":3878,""bottom"":4563},""time"":1729913891395},{""box"":{""left"":3550,""right"":2757,""top"":3878,""bottom"":4563},""time"":1729913891424},{""box"":{""left"":3550,""right"":2757,""top"":3878,""bottom"":4563},""time"":1729913891477},{""box"":{""left"":3550,""right"":2757,""top"":3878,""bottom"":4563},""time"":1729913891506},{""box"":{""left"":3550,""right"":2757,""top"":3878,""bottom"":4563},""time"":1729913891525},{""box"":{""left"":3550,""right"":2757,""top"":3878,""bottom"":4563},""time"":1729913891565},{""box"":{""left"":3550,""right"":2757,""top"":3878,""bottom"":4563},""time"":1729913891599},{""box"":{""left"":3550,""right"":2757,""top"":3878,""bottom"":4563},""time"":1729913891642},{""box"":{""left"":3550,""right"":2757,""top"":3878,""bottom"":4563},""time"":1729913891671},{""box"":{""left"":3550,""right"":2757,""top"":3878,""bottom"":4563},""time"":1729913891720},{""box"":{""left"":3550,""right"":2757,""top"":3878,""bottom"":4563},""time"":1729913891773},{""box"":{""left"":3550,""right"":2757,""top"":3878,""bottom"":4563},""time"":1729913891802},{""box"":{""left"":3550,""right"":2757,""top"":3878,""bottom"":4563},""time"":1729913891831},{""box"":{""left"":3550,""right"":2757,""top"":3878,""bottom"":4563},""time"":1729913891883},{""box"":{""left"":3550,""right"":2757,""top"":3878,""bottom"":4563},""time"":1729913891911},{""box"":{""left"":3550,""right"":2757,""top"":3878,""bottom"":4563},""time"":1729913891941},{""box"":{""left"":3550,""right"":2757,""top"":3878,""bottom"":4563},""time"":1729913891980},{""box"":{""left"":3550,""right"":2757,""top"":3878,""bottom"":4563},""time"":1729913892008},{""box"":{""left"":3550,""right"":2757,""top"":3878,""bottom"":4563},""time"":1729913892047},{""box"":{""left"":3550,""right"":2757,""top"":3878,""bottom"":4563},""time"":1729913892079},{""box"":{""left"":3550,""right"":2757,""top"":3878,""bottom"":4563},""time"":1729913892109},{""box"":{""left"":3550,""right"":2757,""top"":3878,""bottom"":4563},""time"":1729913892163},{""box"":{""left"":3550,""right"":2757,""top"":3878,""bottom"":4563},""time"":1729913892196},{""box"":{""left"":3550,""right"":2757,""top"":3878,""bottom"":4563},""time"":1729913892226},{""box"":{""left"":3550,""right"":2757,""top"":3878,""bottom"":4563},""time"":1729913892279},{""box"":{""left"":3550,""right"":2757,""top"":3878,""bottom"":4563},""time"":1729913892309},{""box"":{""left"":3550,""right"":2757,""top"":3878,""bottom"":4563},""time"":1729913892361},{""box"":{""left"":3550,""right"":2757,""top"":3878,""bottom"":4563},""time"":1729913892390},{""box"":{""left"":3550,""right"":2757,""top"":3878,""bottom"":4563},""time"":1729913892430},{""box"":{""left"":3550,""right"":2757,""top"":3878,""bottom"":4563},""time"":1729913892458},{""box"":{""left"":3550,""right"":2757,""top"":3878,""bottom"":4563},""time"":1729913892539},{""box"":{""left"":3550,""right"":2757,""top"":3878,""bottom"":4563},""time"":1729913892616},{""box"":{""left"":3550,""right"":2757,""top"":3878,""bottom"":4563},""time"":1729913892702},{""box"":{""left"":3550,""right"":2757,""top"":3878,""bottom"":4563},""time"":1729913892778},{""box"":{""left"":3550,""right"":2757,""top"":3878,""bottom"":4563},""time"":1729913892855},{""box"":{""left"":3550,""right"":2757,""top"":3878,""bottom"":4563},""time"":1729913892930},{""box"":{""left"":3550,""right"":2757,""top"":3878,""bottom"":4563},""time"":1729913893007},{""box"":{""left"":3550,""right"":2757,""top"":3878,""bottom"":4563},""time"":1729913893083},{""box"":{""left"":3550,""right"":2757,""top"":3878,""bottom"":4563},""time"":1729913893160},{""box"":{""left"":3550,""right"":2757,""top"":3878,""bottom"":4563},""time"":1729913893236},{""box"":{""left"":3550,""right"":2757,""top"":3878,""bottom"":4563},""time"":1729913893311},{""box"":{""left"":3550,""right"":2757,""top"":3878,""bottom"":4563},""time"":1729913893369},{""box"":{""left"":3550,""right"":2757,""top"":3878,""bottom"":4563},""time"":1729913893409},{""box"":{""left"":3550,""right"":2757,""top"":3878,""bottom"":4563},""time"":1729913893466},{""box"":{""left"":3550,""right"":2757,""top"":3878,""bottom"":4563},""time"":1729913893543},{""box"":{""left"":3550,""right"":2757,""top"":3878,""bottom"":4563},""time"":1729913893620},{""box"":{""left"":3550,""right"":2757,""top"":3878,""bottom"":4563},""time"":1729913893698},{""box"":{""left"":3550,""right"":2757,""top"":3878,""bottom"":4563},""time"":1729913893775},{""box"":{""left"":3550,""right"":2757,""top"":3878,""bottom"":4563},""time"":1729913893853},{""box"":{""left"":3550,""right"":2757,""top"":3878,""bottom"":4563},""time"":1729913893931},{""box"":{""left"":3550,""right"":2757,""top"":3878,""bottom"":4563},""time"":1729913893988},{""box"":{""left"":3550,""right"":2757,""top"":3878,""bottom"":4563},""time"":1729913894018},{""box"":{""left"":3550,""right"":2757,""top"":3878,""bottom"":4563},""time"":1729913894088},{""box"":{""left"":3550,""right"":2757,""top"":3878,""bottom"":4563},""time"":1729913894142},{""box"":{""left"":3550,""right"":2757,""top"":3878,""bottom"":4563},""time"":1729913894220},{""box"":{""left"":3550,""right"":2757,""top"":3878,""bottom"":4563},""time"":1729913894296},{""box"":{""left"":3550,""right"":2757,""top"":3878,""bottom"":4563},""time"":1729913894355},{""box"":{""left"":3550,""right"":2757,""top"":3878,""bottom"":4563},""time"":1729913894400},{""box"":{""left"":3550,""right"":2757,""top"":3878,""bottom"":4563},""time"":1729913894432},{""box"":{""left"":3550,""right"":2757,""top"":3878,""bottom"":4563},""time"":1729913894461},{""box"":{""left"":3550,""right"":2757,""top"":3878,""bottom"":4563},""time"":1729913894537},{""box"":{""left"":3550,""right"":2757,""top"":3878,""bottom"":4563},""time"":1729913894566},{""box"":{""left"":3550,""right"":2757,""top"":3878,""bottom"":4563},""time"":1729913894641},{""box"":{""left"":3550,""right"":2757,""top"":3878,""bottom"":4563},""time"":1729913894696},{""box"":{""left"":3550,""right"":2757,""top"":3878,""bottom"":4563},""time"":1729913894744},{""box"":{""left"":3550,""right"":2757,""top"":3878,""bottom"":4563},""time"":1729913894783},{""box"":{""left"":3550,""right"":2757,""top"":3878,""bottom"":4563},""time"":1729913894861},{""box"":{""left"":3550,""right"":2757,""top"":3878,""bottom"":4563},""time"":1729913894938},{""box"":{""left"":3550,""right"":2757,""top"":3878,""bottom"":4563},""time"":1729913895009},{""box"":{""left"":3550,""right"":2757,""top"":3878,""bottom"":4563},""time"":1729913895087},{""box"":{""left"":3550,""right"":2757,""top"":3878,""bottom"":4563},""time"":1729913895165},{""box"":{""left"":3550,""right"":2757,""top"":3878,""bottom"":4563},""time"":1729913895242},{""box"":{""left"":3550,""right"":2757,""top"":3878,""bottom"":4563},""time"":1729913895321},{""box"":{""left"":3550,""right"":2757,""top"":3878,""bottom"":4563},""time"":1729913895399},{""box"":{""left"":3550,""right"":2757,""top"":3878,""bottom"":4563},""time"":1729913895476},{""box"":{""left"":3550,""right"":2757,""top"":3878,""bottom"":4563},""time"":1729913895553},{""box"":{""left"":3550,""right"":2757,""top"":3878,""bottom"":4563},""time"":1729913895631},{""box"":{""left"":3550,""right"":2757,""top"":3878,""bottom"":4563},""time"":1729913895709},{""box"":{""left"":3550,""right"":2757,""top"":3878,""bottom"":4563},""time"":1729913895767},{""box"":{""left"":3550,""right"":2757,""top"":3878,""bottom"":4563},""time"":1729913895796},{""box"":{""left"":3550,""right"":2757,""top"":3878,""bottom"":4563},""time"":1729913895872},{""box"":{""left"":3550,""right"":2757,""top"":3878,""bottom"":4563},""time"":1729913895939},{""box"":{""left"":3550,""right"":2757,""top"":3878,""bottom"":4563},""time"":1729913896017},{""box"":{""left"":3550,""right"":2757,""top"":3878,""bottom"":4563},""time"":1729913896095},{""box"":{""left"":3550,""right"":2757,""top"":3878,""bottom"":4563},""time"":1729913896153},{""box"":{""left"":3550,""right"":2757,""top"":3878,""bottom"":4563},""time"":1729913896202},{""box"":{""left"":3550,""right"":2757,""top"":3878,""bottom"":4563},""time"":1729913896256},{""box"":{""left"":3550,""right"":2757,""top"":3878,""bottom"":4563},""time"":1729913896320},{""box"":{""left"":3550,""right"":2757,""top"":3878,""bottom"":4563},""time"":1729913896414},{""box"":{""left"":3550,""right"":2757,""top"":3878,""bottom"":4563},""time"":1729913896473},{""box"":{""left"":3550,""right"":2757,""top"":3878,""bottom"":4563},""time"":1729913896502},{""box"":{""left"":3550,""right"":2757,""top"":3878,""bottom"":4563},""time"":1729913896597},{""box"":{""left"":3550,""right"":2757,""top"":3878,""bottom"":4563},""time"":1729913896655},{""box"":{""left"":3550,""right"":2757,""top"":3878,""bottom"":4563},""time"":1729913896717},{""box"":{""left"":3550,""right"":2757,""top"":3878,""bottom"":4563},""time"":1729913896737},{""box"":{""left"":3550,""right"":2757,""top"":3878,""bottom"":4563},""time"":1729913896780},{""box"":{""left"":3550,""right"":2757,""top"":3878,""bottom"":4563},""time"":1729913896809},{""box"":{""left"":3550,""right"":2757,""top"":3878,""bottom"":4563},""time"":1729913896876},{""box"":{""left"":3550,""right"":2757,""top"":3878,""bottom"":4563},""time"":1729913896894},{""box"":{""left"":3550,""right"":2757,""top"":3878,""bottom"":4563},""time"":1729913897012},{""box"":{""left"":3550,""right"":2757,""top"":3878,""bottom"":4563},""time"":1729913897058},{""box"":{""left"":3550,""right"":2757,""top"":3878,""bottom"":4563},""time"":1729913897088},{""box"":{""left"":3550,""right"":2757,""top"":3878,""bottom"":4563},""time"":1729913897131},{""box"":{""left"":3550,""right"":2757,""top"":3878,""bottom"":4563},""time"":1729913897152},{""box"":{""left"":3550,""right"":2757,""top"":3878,""bottom"":4563},""time"":1729913897204},{""box"":{""left"":3550,""right"":2757,""top"":3878,""bottom"":4563},""time"":1729913897233},{""box"":{""left"":3550,""right"":2757,""top"":3878,""bottom"":4563},""time"":1729913897291},{""box"":{""left"":3550,""right"":2757,""top"":3878,""bottom"":4563},""time"":1729913897330},{""box"":{""left"":3550,""right"":2757,""top"":3878,""bottom"":4563},""time"":1729913897406},{""box"":{""left"":3550,""right"":2757,""top"":3878,""bottom"":4563},""time"":1729913897435},{""box"":{""left"":3550,""right"":2757,""top"":3878,""bottom"":4563},""time"":1729913897477},{""box"":{""left"":3550,""right"":2757,""top"":3878,""bottom"":4563},""time"":1729913897497},{""box"":{""left"":3550,""right"":2757,""top"":3878,""bottom"":4563},""time"":1729913897556},{""box"":{""left"":3550,""right"":2757,""top"":3878,""bottom"":4563},""time"":1729913897579},{""box"":{""left"":3550,""right"":2757,""top"":3878,""bottom"":4563},""time"":1729913897654},{""box"":{""left"":3550,""right"":2757,""top"":3878,""bottom"":4563},""time"":1729913897719},{""box"":{""left"":3550,""right"":2757,""top"":3878,""bottom"":4563},""time"":1729913897741},{""box"":{""left"":3550,""right"":2757,""top"":3878,""bottom"":4563},""time"":1729913897816},{""box"":{""left"":3550,""right"":2757,""top"":3878,""bottom"":4563},""time"":1729913897839},{""box"":{""left"":3550,""right"":2757,""top"":3878,""bottom"":4563},""time"":1729913897915},{""box"":{""left"":3550,""right"":2757,""top"":3878,""bottom"":4563},""time"":1729913897961},{""box"":{""left"":3550,""right"":2757,""top"":3878,""bottom"":4563},""time"":1729913897991},{""box"":{""left"":3550,""right"":2757,""top"":3878,""bottom"":4563},""time"":1729913898058},{""box"":{""left"":3550,""right"":2757,""top"":3878,""bottom"":4563},""time"":1729913898098},{""box"":{""left"":3550,""right"":2757,""top"":3878,""bottom"":4563},""time"":1729913898246},{""box"":{""left"":3550,""right"":2757,""top"":3878,""bottom"":4563},""time"":1729913898277},{""box"":{""left"":3550,""right"":2757,""top"":3878,""bottom"":4563},""time"":1729913898346},{""box"":{""left"":3550,""right"":2757,""top"":3878,""bottom"":4563},""time"":1729913898375},{""box"":{""left"":3550,""right"":2757,""top"":3878,""bottom"":4563},""time"":1729913898528},{""box"":{""left"":3550,""right"":2757,""top"":3878,""bottom"":4563},""time"":1729913898558},{""box"":{""left"":3550,""right"":2757,""top"":3878,""bottom"":4563},""time"":1729913898584},{""box"":{""left"":3550,""right"":2757,""top"":3878,""bottom"":4563},""time"":1729913898614},{""box"":{""left"":3550,""right"":2757,""top"":3878,""bottom"":4563},""time"":1729913898656},{""box"":{""left"":3550,""right"":2757,""top"":3878,""bottom"":4563},""time"":1729913898694},{""box"":{""left"":3550,""right"":2757,""top"":3878,""bottom"":4563},""time"":1729913898723},{""box"":{""left"":3550,""right"":2757,""top"":3878,""bottom"":4563},""time"":1729913898770},{""box"":{""left"":3550,""right"":2757,""top"":3878,""bottom"":4563},""time"":1729913898816},{""box"":{""left"":3550,""right"":2757,""top"":3878,""bottom"":4563},""time"":1729913898877},{""box"":{""left"":3550,""right"":2757,""top"":3878,""bottom"":4563},""time"":1729913898954},{""box"":{""left"":3550,""right"":2757,""top"":3878,""bottom"":4563},""time"":1729913899005},{""box"":{""left"":3550,""right"":2757,""top"":3878,""bottom"":4563},""time"":1729913899035},{""box"":{""left"":3550,""right"":2757,""top"":3878,""bottom"":4563},""time"":1729913899103},{""box"":{""left"":3550,""right"":2757,""top"":3878,""bottom"":4563},""time"":1729913899133},{""box"":{""left"":3550,""right"":2757,""top"":3878,""bottom"":4563},""time"":1729913899201},{""box"":{""left"":3550,""right"":2757,""top"":3878,""bottom"":4563},""time"":1729913899222},{""box"":{""left"":3550,""right"":2757,""top"":3878,""bottom"":4563},""time"":1729913899264},{""box"":{""left"":3550,""right"":2757,""top"":3878,""bottom"":4563},""time"":1729913899284},{""box"":{""left"":3550,""right"":2757,""top"":3878,""bottom"":4563},""time"":1729913899331},{""box"":{""left"":3550,""right"":2757,""top"":3878,""bottom"":4563},""time"":1729913899353},{""box"":{""left"":3550,""right"":2757,""top"":3878,""bottom"":4563},""time"":1729913899381},{""box"":{""left"":3550,""right"":2757,""top"":3878,""bottom"":4563},""time"":1729913899422},{""box"":{""left"":3550,""right"":2757,""top"":3878,""bottom"":4563},""time"":1729913899456},{""box"":{""left"":3550,""right"":2757,""top"":3878,""bottom"":4563},""time"":1729913899529},{""box"":{""left"":3550,""right"":2757,""top"":3878,""bottom"":4563},""time"":1729913899559},{""box"":{""left"":3550,""right"":2757,""top"":3878,""bottom"":4563},""time"":1729913899612},{""box"":{""left"":3550,""right"":2757,""top"":3878,""bottom"":4563},""time"":1729913899653},{""box"":{""left"":3550,""right"":2757,""top"":3878,""bottom"":4563},""time"":1729913899704},{""box"":{""left"":3550,""right"":2757,""top"":3878,""bottom"":4563},""time"":1729913899736},{""box"":{""left"":3550,""right"":2757,""top"":3878,""bottom"":4563},""time"":1729913899784},{""box"":{""left"":3550,""right"":2757,""top"":3878,""bottom"":4563},""time"":1729913899820},{""box"":{""left"":3550,""right"":2757,""top"":3878,""bottom"":4563},""time"":1729913899887},{""box"":{""left"":3550,""right"":2757,""top"":3878,""bottom"":4563},""time"":1729913899923},{""box"":{""left"":3550,""right"":2757,""top"":3878,""bottom"":4563},""time"":1729913899988},{""box"":{""left"":3550,""right"":2757,""top"":3878,""bottom"":4563},""time"":1729913900055},{""box"":{""left"":3550,""right"":2757,""top"":3878,""bottom"":4563},""time"":1729913900088},{""box"":{""left"":3550,""right"":2757,""top"":3878,""bottom"":4563},""time"":1729913900143},{""box"":{""left"":3550,""right"":2757,""top"":3878,""bottom"":4563},""time"":1729913900178},{""box"":{""left"":3550,""right"":2757,""top"":3878,""bottom"":4563},""time"":1729913900233},{""box"":{""left"":3550,""right"":2757,""top"":3878,""bottom"":4563},""time"":1729913900257},{""box"":{""left"":3550,""right"":2757,""top"":3878,""bottom"":4563},""time"":1729913900323},{""box"":{""left"":3550,""right"":2757,""top"":3878,""bottom"":4563},""time"":1729913900358},{""box"":{""left"":3550,""right"":2757,""top"":3878,""bottom"":4563},""time"":1729913900382},{""box"":{""left"":3550,""right"":2757,""top"":3878,""bottom"":4563},""time"":1729913900438},{""box"":{""left"":3550,""right"":2757,""top"":3878,""bottom"":4563},""time"":1729913900481},{""box"":{""left"":3550,""right"":2757,""top"":3878,""bottom"":4563},""time"":1729913900506},{""box"":{""left"":3550,""right"":2757,""top"":3878,""bottom"":4563},""time"":1729913900535},{""box"":{""left"":3550,""right"":2757,""top"":3878,""bottom"":4563},""time"":1729913900546},{""box"":{""left"":3550,""right"":2757,""top"":3878,""bottom"":4563},""time"":1729913900567},{""box"":{""left"":3550,""right"":2757,""top"":3878,""bottom"":4563},""time"":1729913900589},{""box"":{""left"":3550,""right"":2757,""top"":3878,""bottom"":4563},""time"":1729913900656},{""box"":{""left"":3550,""right"":2757,""top"":3878,""bottom"":4563},""time"":1729913900680},{""box"":{""left"":3550,""right"":2757,""top"":3878,""bottom"":4563},""time"":1729913900746},{""box"":{""left"":3550,""right"":2757,""top"":3878,""bottom"":4563},""time"":1729913900762},{""box"":{""left"":3550,""right"":2757,""top"":3878,""bottom"":4563},""time"":1729913900788},{""box"":{""left"":3550,""right"":2757,""top"":3878,""bottom"":4563},""time"":1729913900813},{""box"":{""left"":3550,""right"":2757,""top"":3878,""bottom"":4563},""time"":1729913900880},{""box"":{""left"":3550,""right"":2757,""top"":3878,""bottom"":4563},""time"":1729913900907},{""box"":{""left"":3550,""right"":2757,""top"":3878,""bottom"":4563},""time"":1729913900931},{""box"":{""left"":3550,""right"":2757,""top"":3878,""bottom"":4563},""time"":1729913900988},{""box"":{""left"":3550,""right"":2757,""top"":3878,""bottom"":4563},""time"":1729913901016},{""box"":{""left"":3550,""right"":2757,""top"":3878,""bottom"":4563},""time"":1729913901037},{""box"":{""left"":3550,""right"":2757,""top"":3878,""bottom"":4563},""time"":1729913901062},{""box"":{""left"":3550,""right"":2757,""top"":3878,""bottom"":4563},""time"":1729913901085},{""box"":{""left"":3550,""right"":2757,""top"":3878,""bottom"":4563},""time"":1729913901152},{""box"":{""left"":3550,""right"":2757,""top"":3878,""bottom"":4563},""time"":1729913901174},{""box"":{""left"":3550,""right"":2757,""top"":3878,""bottom"":4563},""time"":1729913901195},{""box"":{""left"":3550,""right"":2757,""top"":3878,""bottom"":4563},""time"":1729913901218},{""box"":{""left"":3550,""right"":2757,""top"":3878,""bottom"":4563},""time"":1729913901274},{""box"":{""left"":3550,""right"":2757,""top"":3878,""bottom"":4563},""time"":1729913901294},{""box"":{""left"":3550,""right"":2757,""top"":3878,""bottom"":4563},""time"":1729913901316},{""box"":{""left"":3550,""right"":2757,""top"":3878,""bottom"":4563},""time"":1729913901396},{""box"":{""left"":3550,""right"":2757,""top"":3878,""bottom"":4563},""time"":1729913901433},{""box"":{""left"":3550,""right"":2757,""top"":3878,""bottom"":4563},""time"":1729913901500},{""box"":{""left"":3550,""right"":2757,""top"":3878,""bottom"":4563},""time"":1729913901559},{""box"":{""left"":3550,""right"":2757,""top"":3878,""bottom"":4563},""time"":1729913901675},{""box"":{""left"":3550,""right"":2757,""top"":3878,""bottom"":4563},""time"":1729913901702},{""box"":{""left"":3550,""right"":2757,""top"":3878,""bottom"":4563},""time"":1729913901723},{""box"":{""left"":3550,""right"":2757,""top"":3878,""bottom"":4563},""time"":1729913901743},{""box"":{""left"":3550,""right"":2757,""top"":3878,""bottom"":4563},""time"":1729913901769},{""box"":{""left"":3550,""right"":2757,""top"":3878,""bottom"":4563},""time"":1729913901815},{""box"":{""left"":3550,""right"":2757,""top"":3878,""bottom"":4563},""time"":1729913901874},{""box"":{""left"":3550,""right"":2757,""top"":3878,""bottom"":4563},""time"":1729913901896},{""box"":{""left"":3550,""right"":2757,""top"":3878,""bottom"":4563},""time"":1729913901919},{""box"":{""left"":3550,""right"":2757,""top"":3878,""bottom"":4563},""time"":1729913901976},{""box"":{""left"":3550,""right"":2757,""top"":3878,""bottom"":4563},""time"":1729913902006},{""box"":{""left"":3550,""right"":2757,""top"":3878,""bottom"":4563},""time"":1729913902030},{""box"":{""left"":3550,""right"":2757,""top"":3878,""bottom"":4563},""time"":1729913902077},{""box"":{""left"":3550,""right"":2757,""top"":3878,""bottom"":4563},""time"":1729913902108},{""box"":{""left"":3550,""right"":2757,""top"":3878,""bottom"":4563},""time"":1729913902123},{""box"":{""left"":3550,""right"":2757,""top"":3878,""bottom"":4563},""time"":1729913902181},{""box"":{""left"":3550,""right"":2757,""top"":3878,""bottom"":4563},""time"":1729913902193},{""box"":{""left"":3550,""right"":2757,""top"":3878,""bottom"":4563},""time"":1729913902273},{""box"":{""left"":3550,""right"":2757,""top"":3878,""bottom"":4563},""time"":1729913902284},{""box"":{""left"":3550,""right"":2757,""top"":3878,""bottom"":4563},""time"":1729913902343},{""box"":{""left"":3550,""right"":2757,""top"":3878,""bottom"":4563},""time"":1729913902356},{""box"":{""left"":3550,""right"":2757,""top"":3878,""bottom"":4563},""time"":1729913902417},{""box"":{""left"":3550,""right"":2757,""top"":3878,""bottom"":4563},""time"":1729913902429},{""box"":{""left"":3550,""right"":2757,""top"":3878,""bottom"":4563},""time"":1729913902489},{""box"":{""left"":3550,""right"":2757,""top"":3878,""bottom"":4563},""time"":1729913902515},{""box"":{""left"":3550,""right"":2757,""top"":3878,""bottom"":4563},""time"":1729913902541},{""box"":{""left"":3550,""right"":2757,""top"":3878,""bottom"":4563},""time"":1729913902575},{""box"":{""left"":3550,""right"":2757,""top"":3878,""bottom"":4563},""time"":1729913902608},{""box"":{""left"":3550,""right"":2757,""top"":3878,""bottom"":4563},""time"":1729913902640},{""box"":{""left"":3550,""right"":2757,""top"":3878,""bottom"":4563},""time"":1729913902671},{""box"":{""left"":3550,""right"":2757,""top"":3878,""bottom"":4563},""time"":1729913902703},{""box"":{""left"":3550,""right"":2757,""top"":3878,""bottom"":4563},""time"":1729913902739},{""box"":{""left"":3550,""right"":2757,""top"":3878,""bottom"":4563},""time"":1729913902763},{""box"":{""left"":3550,""right"":2757,""top"":3878,""bottom"":4563},""time"":1729913902775},{""box"":{""left"":3550,""right"":2757,""top"":3878,""bottom"":4563},""time"":1729913902833},{""box"":{""left"":3550,""right"":2757,""top"":3878,""bottom"":4563},""time"":1729913902845},{""box"":{""left"":3550,""right"":2757,""top"":3878,""bottom"":4563},""time"":1729913902908},{""box"":{""left"":3550,""right"":2757,""top"":3878,""bottom"":4563},""time"":1729913902920},{""box"":{""left"":3550,""right"":2757,""top"":3878,""bottom"":4563},""time"":1729913902980},{""box"":{""left"":3550,""right"":2757,""top"":3878,""bottom"":4563},""time"":1729913902993},{""box"":{""left"":3550,""right"":2757,""top"":3878,""bottom"":4563},""time"":1729913903055},{""box"":{""left"":3550,""right"":2757,""top"":3878,""bottom"":4563},""time"":1729913903066},{""box"":{""left"":3550,""right"":2757,""top"":3878,""bottom"":4563},""time"":1729913903140},{""box"":{""left"":3550,""right"":2757,""top"":3878,""bottom"":4563},""time"":1729913903152},{""box"":{""left"":3550,""right"":2757,""top"":3878,""bottom"":4563},""time"":1729913903200},{""box"":{""left"":3550,""right"":2757,""top"":3878,""bottom"":4563},""time"":1729913903211},{""box"":{""left"":3550,""right"":2757,""top"":3878,""bottom"":4563},""time"":1729913903240},{""box"":{""left"":3550,""right"":2757,""top"":3878,""bottom"":4563},""time"":1729913903254},{""box"":{""left"":3550,""right"":2757,""top"":3878,""bottom"":4563},""time"":1729913903314},{""box"":{""left"":3550,""right"":2757,""top"":3878,""bottom"":4563},""time"":1729913903326},{""box"":{""left"":3550,""right"":2757,""top"":3878,""bottom"":4563},""time"":1729913903384},{""box"":{""left"":3550,""right"":2757,""top"":3878,""bottom"":4563},""time"":1729913903396},{""box"":{""left"":3550,""right"":2757,""top"":3878,""bottom"":4563},""time"":1729913903454},{""box"":{""left"":3550,""right"":2757,""top"":3878,""bottom"":4563},""time"":1729913903468},{""box"":{""left"":3550,""right"":2757,""top"":3878,""bottom"":4563},""time"":1729913903525},{""box"":{""left"":3550,""right"":2757,""top"":3878,""bottom"":4563},""time"":1729913903546},{""box"":{""left"":3550,""right"":2757,""top"":3878,""bottom"":4563},""time"":1729913903557},{""box"":{""left"":3550,""right"":2757,""top"":3878,""bottom"":4563},""time"":1729913903613},{""box"":{""left"":3550,""right"":2757,""top"":3878,""bottom"":4563},""time"":1729913903624},{""box"":{""left"":3550,""right"":2757,""top"":3878,""bottom"":4563},""time"":1729913903669},{""box"":{""left"":3550,""right"":2757,""top"":3878,""bottom"":4563},""time"":1729913903695},{""box"":{""left"":3550,""right"":2757,""top"":3878,""bottom"":4563},""time"":1729913903750},{""box"":{""left"":3550,""right"":2757,""top"":3878,""bottom"":4563},""time"":1729913903762},{""box"":{""left"":3550,""right"":2757,""top"":3878,""bottom"":4563},""time"":1729913903819},{""box"":{""left"":3550,""right"":2757,""top"":3878,""bottom"":4563},""time"":1729913903831},{""box"":{""left"":3550,""right"":2757,""top"":3878,""bottom"":4563},""time"":1729913903890},{""box"":{""left"":3550,""right"":2757,""top"":3878,""bottom"":4563},""time"":1729913903901},{""box"":{""left"":3550,""right"":2757,""top"":3878,""bottom"":4563},""time"":1729913903927},{""box"":{""left"":3550,""right"":2757,""top"":3878,""bottom"":4563},""time"":1729913903938},{""box"":{""left"":3550,""right"":2757,""top"":3878,""bottom"":4563},""time"":1729913903997},{""box"":{""left"":3550,""right"":2757,""top"":3878,""bottom"":4563},""time"":1729913904020},{""box"":{""left"":3550,""right"":2757,""top"":3878,""bottom"":4563},""time"":1729913904076},{""box"":{""left"":3550,""right"":2757,""top"":3878,""bottom"":4563},""time"":1729913904101},{""box"":{""left"":3550,""right"":2757,""top"":3878,""bottom"":4563},""time"":1729913904125},{""box"":{""left"":3550,""right"":2757,""top"":3878,""bottom"":4563},""time"":1729913904144},{""box"":{""left"":3550,""right"":2757,""top"":3878,""bottom"":4563},""time"":1729913904178},{""box"":{""left"":3550,""right"":2757,""top"":3878,""bottom"":4563},""time"":1729913904238},{""box"":{""left"":3550,""right"":2757,""top"":3878,""bottom"":4563},""time"":1729913904260},{""box"":{""left"":3550,""right"":2757,""top"":3878,""bottom"":4563},""time"":1729913904272},{""box"":{""left"":3550,""right"":2757,""top"":3878,""bottom"":4563},""time"":1729913904331},{""box"":{""left"":3550,""right"":2757,""top"":3878,""bottom"":4563},""time"":1729913904352},{""box"":{""left"":3550,""right"":2757,""top"":3878,""bottom"":4563},""time"":1729913904373},{""box"":{""left"":3550,""right"":2757,""top"":3878,""bottom"":4563},""time"":1729913904395},{""box"":{""left"":3550,""right"":2757,""top"":3878,""bottom"":4563},""time"":1729913904416},{""box"":{""left"":3550,""right"":2757,""top"":3878,""bottom"":4563},""time"":1729913904436},{""box"":{""left"":3550,""right"":2757,""top"":3878,""bottom"":4563},""time"":1729913904767},{""box"":{""left"":3550,""right"":2757,""top"":3878,""bottom"":4563},""time"":1729913904831},{""box"":{""left"":3550,""right"":2757,""top"":3878,""bottom"":4563},""time"":1729913905016},{""box"":{""left"":3550,""right"":2757,""top"":3878,""bottom"":4563},""time"":1729913905074},{""box"":{""left"":3550,""right"":2757,""top"":3878,""bottom"":4563},""time"":1729913905144},{""box"":{""left"":3550,""right"":2757,""top"":3878,""bottom"":4563},""time"":1729913905215},{""box"":{""left"":3550,""right"":2757,""top"":3878,""bottom"":4563},""time"":1729913905285},{""box"":{""left"":3550,""right"":2757,""top"":3878,""bottom"":4563},""time"":1729913905343},{""box"":{""left"":3550,""right"":2757,""top"":3878,""bottom"":4563},""time"":1729913905400},{""box"":{""left"":3550,""right"":2757,""top"":3878,""bottom"":4563},""time"":1729913905459},{""box"":{""left"":3550,""right"":2757,""top"":3878,""bottom"":4563},""time"":1729913905516},{""box"":{""left"":3550,""right"":2757,""top"":3878,""bottom"":4563},""time"":1729913905588},{""box"":{""left"":3550,""right"":2757,""top"":3878,""bottom"":4563},""time"":1729913905646},{""box"":{""left"":3550,""right"":2757,""top"":3878,""bottom"":4563},""time"":1729913905681},{""box"":{""left"":3550,""right"":2757,""top"":3878,""bottom"":4563},""time"":1729913905740},{""box"":{""left"":3550,""right"":2757,""top"":3878,""bottom"":4563},""time"":1729913905797},{""box"":{""left"":3550,""right"":2757,""top"":3878,""bottom"":4563},""time"":1729913905830},{""box"":{""left"":3550,""right"":2757,""top"":3878,""bottom"":4563},""time"":1729913905887},{""box"":{""left"":3550,""right"":2757,""top"":3878,""bottom"":4563},""time"":1729913905921},{""box"":{""left"":3550,""right"":2757,""top"":3878,""bottom"":4563},""time"":1729913906007},{""box"":{""left"":3550,""right"":2757,""top"":3878,""bottom"":4563},""time"":1729913906065},{""box"":{""left"":3550,""right"":2757,""top"":3878,""bottom"":4563},""time"":1729913906085},{""box"":{""left"":3550,""right"":2757,""top"":3878,""bottom"":4563},""time"":1729913906108},{""box"":{""left"":3550,""right"":2757,""top"":3878,""bottom"":4563},""time"":1729913906140},{""box"":{""left"":3550,""right"":2757,""top"":3878,""bottom"":4563},""time"":1729913906172},{""box"":{""left"":3550,""right"":2757,""top"":3878,""bottom"":4563},""time"":1729913906198},{""box"":{""left"":3550,""right"":2757,""top"":3878,""bottom"":4563},""time"":1729913906715},{""box"":{""left"":3550,""right"":2757,""top"":3878,""bottom"":4563},""time"":1729913906744}",,,,,
57117,Person,2024-10-26 12:37:45,2024-10-26 12:38:00,"{""left"":2592,""right"":2919,""top"":2984,""bottom"":4992},{""box"":{""left"":2592,""right"":2919,""top"":2984,""bottom"":4992},""time"":1729913866036},{""box"":{""left"":2592,""right"":2919,""top"":2984,""bottom"":4992},""time"":1729913866171},{""box"":{""left"":2592,""right"":2919,""top"":2984,""bottom"":4992},""time"":1729913866294},{""box"":{""left"":2592,""right"":2919,""top"":2984,""bottom"":4992},""time"":1729913866702},{""box"":{""left"":2592,""right"":2919,""top"":2984,""bottom"":4992},""time"":1729913866855},{""box"":{""left"":2592,""right"":2919,""top"":2984,""bottom"":4992},""time"":1729913866985},{""box"":{""left"":2592,""right"":2919,""top"":2984,""bottom"":4992},""time"":1729913867126},{""box"":{""left"":2592,""right"":2919,""top"":2984,""bottom"":4992},""time"":1729913867842},{""box"":{""left"":2592,""right"":2919,""top"":2984,""bottom"":4992},""time"":1729913868418},{""box"":{""left"":2592,""right"":2919,""top"":2984,""bottom"":4992},""time"":1729913868738},{""box"":{""left"":2592,""right"":2919,""top"":2984,""bottom"":4992},""time"":1729913868877},{""box"":{""left"":2592,""right"":2919,""top"":2984,""bottom"":4992},""time"":1729913868994},{""box"":{""left"":2592,""right"":2919,""top"":2984,""bottom"":4992},""time"":1729913869175},{""box"":{""left"":2592,""right"":2919,""top"":2984,""bottom"":4992},""time"":1729913869304},{""box"":{""left"":2592,""right"":2919,""top"":2984,""bottom"":4992},""time"":1729913869445},{""box"":{""left"":2592,""right"":2919,""top"":2984,""bottom"":4992},""time"":1729913869794},{""box"":{""left"":2592,""right"":2919,""top"":2984,""bottom"":4992},""time"":1729913869939},{""box"":{""left"":2592,""right"":2919,""top"":2984,""bottom"":4992},""time"":1729913870067},{""box"":{""left"":2592,""right"":2919,""top"":2984,""bottom"":4992},""time"":1729913870211},{""box"":{""left"":2592,""right"":2919,""top"":2984,""bottom"":4992},""time"":1729913870345},{""box"":{""left"":2592,""right"":2919,""top"":2984,""bottom"":4992},""time"":1729913870473},{""box"":{""left"":2592,""right"":2919,""top"":2984,""bottom"":4992},""time"":1729913870592},{""box"":{""left"":2592,""right"":2919,""top"":2984,""bottom"":4992},""time"":1729913870705},{""box"":{""left"":2592,""right"":2919,""top"":2984,""bottom"":4992},""time"":1729913870812},{""box"":{""left"":2592,""right"":2919,""top"":2984,""bottom"":4992},""time"":1729913871125},{""box"":{""left"":2592,""right"":2919,""top"":2984,""bottom"":4992},""time"":1729913871472},{""box"":{""left"":2592,""right"":2919,""top"":2984,""bottom"":4992},""time"":1729913871612},{""box"":{""left"":2592,""right"":2919,""top"":2984,""bottom"":4992},""time"":1729913872102},{""box"":{""left"":2592,""right"":2919,""top"":2984,""bottom"":4992},""time"":1729913872305},{""box"":{""left"":2592,""right"":2919,""top"":2984,""bottom"":4992},""time"":1729913872662},{""box"":{""left"":2592,""right"":2919,""top"":2984,""bottom"":4992},""time"":1729913872779},{""box"":{""left"":2592,""right"":2919,""top"":2984,""bottom"":4992},""time"":1729913872915},{""box"":{""left"":2592,""right"":2919,""top"":2984,""bottom"":4992},""time"":1729913873029},{""box"":{""left"":2592,""right"":2919,""top"":2984,""bottom"":4992},""time"":1729913873252},{""box"":{""left"":2592,""right"":2919,""top"":2984,""bottom"":4992},""time"":1729913873496},{""box"":{""left"":2592,""right"":2919,""top"":2984,""bottom"":4992},""time"":1729913873615},{""box"":{""left"":2592,""right"":2919,""top"":2984,""bottom"":4992},""time"":1729913873870},{""box"":{""left"":2592,""right"":2919,""top"":2984,""bottom"":4992},""time"":1729913873996},{""box"":{""left"":2592,""right"":2919,""top"":2984,""bottom"":4992},""time"":1729913874137},{""box"":{""left"":2592,""right"":2919,""top"":2984,""bottom"":4992},""time"":1729913874270},{""box"":{""left"":2592,""right"":2919,""top"":2984,""bottom"":4992},""time"":1729913874389},{""box"":{""left"":2592,""right"":2919,""top"":2984,""bottom"":4992},""time"":1729913874674},{""box"":{""left"":2592,""right"":2919,""top"":2984,""bottom"":4992},""time"":1729913875134},{""box"":{""left"":2592,""right"":2919,""top"":2984,""bottom"":4992},""time"":1729913875453},{""box"":{""left"":2592,""right"":2919,""top"":2984,""bottom"":4992},""time"":1729913875700},{""box"":{""left"":2592,""right"":2919,""top"":2984,""bottom"":4992},""time"":1729913876269},{""box"":{""left"":2592,""right"":2919,""top"":2984,""bottom"":4992},""time"":1729913877042},{""box"":{""left"":2592,""right"":2919,""top"":2984,""bottom"":4992},""time"":1729913877444},{""box"":{""left"":2592,""right"":2919,""top"":2984,""bottom"":4992},""time"":1729913877570},{""box"":{""left"":2592,""right"":2919,""top"":2984,""bottom"":4992},""time"":1729913878387},{""box"":{""left"":2592,""right"":2919,""top"":2984,""bottom"":4992},""time"":1729913878503},{""box"":{""left"":2592,""right"":2919,""top"":2984,""bottom"":4992},""time"":1729913878754},{""box"":{""left"":2592,""right"":2919,""top"":2984,""bottom"":4992},""time"":1729913878899},{""box"":{""left"":2592,""right"":2919,""top"":2984,""bottom"":4992},""time"":1729913879014},{""box"":{""left"":2592,""right"":2919,""top"":2984,""bottom"":4992},""time"":1729913879137},{""box"":{""left"":2592,""right"":2919,""top"":2984,""bottom"":4992},""time"":1729913879273},{""box"":{""left"":2592,""right"":2919,""top"":2984,""bottom"":4992},""time"":1729913879424},{""box"":{""left"":2592,""right"":2919,""top"":2984,""bottom"":4992},""time"":1729913879518},{""box"":{""left"":2592,""right"":2919,""top"":2984,""bottom"":4992},""time"":1729913879824},{""box"":{""left"":2592,""right"":2919,""top"":2984,""bottom"":4992},""time"":1729913879883},{""box"":{""left"":2592,""right"":2919,""top"":2984,""bottom"":4992},""time"":1729913879979},{""box"":{""left"":2592,""right"":2919,""top"":2984,""bottom"":4992},""time"":1729913880065},{""box"":{""left"":2592,""right"":2919,""top"":2984,""bottom"":4992},""time"":1729913880155},{""box"":{""left"":2592,""right"":2919,""top"":2984,""bottom"":4992},""time"":1729913880291}",,,,,
57118,Person,2024-10-26 12:37:45,2024-10-26 12:38:31,"{""left"":3722,""right"":3200,""top"":4114,""bottom"":4600},{""box"":{""left"":3722,""right"":3200,""top"":4114,""bottom"":4600},""time"":1729913865602},{""box"":{""left"":3722,""right"":3200,""top"":4114,""bottom"":4600},""time"":1729913865725},{""box"":{""left"":3722,""right"":3200,""top"":4114,""bottom"":4600},""time"":1729913866047},{""box"":{""left"":3722,""right"":3200,""top"":4114,""bottom"":4600},""time"":1729913866182},{""box"":{""left"":3722,""right"":3200,""top"":4114,""bottom"":4600},""time"":1729913866305},{""box"":{""left"":3722,""right"":3200,""top"":4114,""bottom"":4600},""time"":1729913866713},{""box"":{""left"":3722,""right"":3200,""top"":4114,""bottom"":4600},""time"":1729913866866},{""box"":{""left"":3722,""right"":3200,""top"":4114,""bottom"":4600},""time"":1729913866997},{""box"":{""left"":3722,""right"":3200,""top"":4114,""bottom"":4600},""time"":1729913867137},{""box"":{""left"":3722,""right"":3200,""top"":4114,""bottom"":4600},""time"":1729913867853},{""box"":{""left"":3722,""right"":3200,""top"":4114,""bottom"":4600},""time"":1729913868429},{""box"":{""left"":3722,""right"":3200,""top"":4114,""bottom"":4600},""time"":1729913868749},{""box"":{""left"":3722,""right"":3200,""top"":4114,""bottom"":4600},""time"":1729913868888},{""box"":{""left"":3722,""right"":3200,""top"":4114,""bottom"":4600},""time"":1729913869005},{""box"":{""left"":3722,""right"":3200,""top"":4114,""bottom"":4600},""time"":1729913869186},{""box"":{""left"":3722,""right"":3200,""top"":4114,""bottom"":4600},""time"":1729913869316},{""box"":{""left"":3722,""right"":3200,""top"":4114,""bottom"":4600},""time"":1729913869457},{""box"":{""left"":3722,""right"":3200,""top"":4114,""bottom"":4600},""time"":1729913869805},{""box"":{""left"":3722,""right"":3200,""top"":4114,""bottom"":4600},""time"":1729913869950},{""box"":{""left"":3722,""right"":3200,""top"":4114,""bottom"":4600},""time"":1729913870078},{""box"":{""left"":3722,""right"":3200,""top"":4114,""bottom"":4600},""time"":1729913870223},{""box"":{""left"":3722,""right"":3200,""top"":4114,""bottom"":4600},""time"":1729913870356},{""box"":{""left"":3722,""right"":3200,""top"":4114,""bottom"":4600},""time"":1729913870485},{""box"":{""left"":3722,""right"":3200,""top"":4114,""bottom"":4600},""time"":1729913870603},{""box"":{""left"":3722,""right"":3200,""top"":4114,""bottom"":4600},""time"":1729913870823},{""box"":{""left"":3722,""right"":3200,""top"":4114,""bottom"":4600},""time"":1729913871137},{""box"":{""left"":3722,""right"":3200,""top"":4114,""bottom"":4600},""time"":1729913871483},{""box"":{""left"":3722,""right"":3200,""top"":4114,""bottom"":4600},""time"":1729913871624},{""box"":{""left"":3722,""right"":3200,""top"":4114,""bottom"":4600},""time"":1729913871920},{""box"":{""left"":3722,""right"":3200,""top"":4114,""bottom"":4600},""time"":1729913872114},{""box"":{""left"":3722,""right"":3200,""top"":4114,""bottom"":4600},""time"":1729913872316},{""box"":{""left"":3722,""right"":3200,""top"":4114,""bottom"":4600},""time"":1729913872673},{""box"":{""left"":3722,""right"":3200,""top"":4114,""bottom"":4600},""time"":1729913872790},{""box"":{""left"":3722,""right"":3200,""top"":4114,""bottom"":4600},""time"":1729913872926},{""box"":{""left"":3722,""right"":3200,""top"":4114,""bottom"":4600},""time"":1729913873040},{""box"":{""left"":3722,""right"":3200,""top"":4114,""bottom"":4600},""time"":1729913873263},{""box"":{""left"":3722,""right"":3200,""top"":4114,""bottom"":4600},""time"":1729913873507},{""box"":{""left"":3722,""right"":3200,""top"":4114,""bottom"":4600},""time"":1729913873626},{""box"":{""left"":3722,""right"":3200,""top"":4114,""bottom"":4600},""time"":1729913873882},{""box"":{""left"":3722,""right"":3200,""top"":4114,""bottom"":4600},""time"":1729913874007},{""box"":{""left"":3722,""right"":3200,""top"":4114,""bottom"":4600},""time"":1729913874148},{""box"":{""left"":3722,""right"":3200,""top"":4114,""bottom"":4600},""time"":1729913874281},{""box"":{""left"":3722,""right"":3200,""top"":4114,""bottom"":4600},""time"":1729913874401},{""box"":{""left"":3722,""right"":3200,""top"":4114,""bottom"":4600},""time"":1729913874685},{""box"":{""left"":3722,""right"":3200,""top"":4114,""bottom"":4600},""time"":1729913874805},{""box"":{""left"":3722,""right"":3200,""top"":4114,""bottom"":4600},""time"":1729913875145},{""box"":{""left"":3722,""right"":3200,""top"":4114,""bottom"":4600},""time"":1729913875464},{""box"":{""left"":3722,""right"":3200,""top"":4114,""bottom"":4600},""time"":1729913875712},{""box"":{""left"":3722,""right"":3200,""top"":4114,""bottom"":4600},""time"":1729913876280},{""box"":{""left"":3722,""right"":3200,""top"":4114,""bottom"":4600},""time"":1729913877052},{""box"":{""left"":3722,""right"":3200,""top"":4114,""bottom"":4600},""time"":1729913877455},{""box"":{""left"":3722,""right"":3200,""top"":4114,""bottom"":4600},""time"":1729913877581},{""box"":{""left"":3722,""right"":3200,""top"":4114,""bottom"":4600},""time"":1729913877628},{""box"":{""left"":3722,""right"":3200,""top"":4114,""bottom"":4600},""time"":1729913878048},{""box"":{""left"":3722,""right"":3200,""top"":4114,""bottom"":4600},""time"":1729913878128},{""box"":{""left"":3722,""right"":3200,""top"":4114,""bottom"":4600},""time"":1729913878398},{""box"":{""left"":3722,""right"":3200,""top"":4114,""bottom"":4600},""time"":1729913878696},{""box"":{""left"":3722,""right"":3200,""top"":4114,""bottom"":4600},""time"":1729913878765},{""box"":{""left"":3722,""right"":3200,""top"":4114,""bottom"":4600},""time"":1729913878842},{""box"":{""left"":3722,""right"":3200,""top"":4114,""bottom"":4600},""time"":1729913878911},{""box"":{""left"":3722,""right"":3200,""top"":4114,""bottom"":4600},""time"":1729913878957},{""box"":{""left"":3722,""right"":3200,""top"":4114,""bottom"":4600},""time"":1729913879026},{""box"":{""left"":3722,""right"":3200,""top"":4114,""bottom"":4600},""time"":1729913879148},{""box"":{""left"":3722,""right"":3200,""top"":4114,""bottom"":4600},""time"":1729913879215},{""box"":{""left"":3722,""right"":3200,""top"":4114,""bottom"":4600},""time"":1729913879284},{""box"":{""left"":3722,""right"":3200,""top"":4114,""bottom"":4600},""time"":1729913879435},{""box"":{""left"":3722,""right"":3200,""top"":4114,""bottom"":4600},""time"":1729913879460},{""box"":{""left"":3722,""right"":3200,""top"":4114,""bottom"":4600},""time"":1729913879530},{""box"":{""left"":3722,""right"":3200,""top"":4114,""bottom"":4600},""time"":1729913879767},{""box"":{""left"":3722,""right"":3200,""top"":4114,""bottom"":4600},""time"":1729913879836},{""box"":{""left"":3722,""right"":3200,""top"":4114,""bottom"":4600},""time"":1729913879893},{""box"":{""left"":3722,""right"":3200,""top"":4114,""bottom"":4600},""time"":1729913879931},{""box"":{""left"":3722,""right"":3200,""top"":4114,""bottom"":4600},""time"":1729913879988},{""box"":{""left"":3722,""right"":3200,""top"":4114,""bottom"":4600},""time"":1729913880074},{""box"":{""left"":3722,""right"":3200,""top"":4114,""bottom"":4600},""time"":1729913880164},{""box"":{""left"":3722,""right"":3200,""top"":4114,""bottom"":4600},""time"":1729913880252},{""box"":{""left"":3722,""right"":3200,""top"":4114,""bottom"":4600},""time"":1729913880300},{""box"":{""left"":3722,""right"":3200,""top"":4114,""bottom"":4600},""time"":1729913880465},{""box"":{""left"":3722,""right"":3200,""top"":4114,""bottom"":4600},""time"":1729913880559},{""box"":{""left"":3722,""right"":3200,""top"":4114,""bottom"":4600},""time"":1729913880588},{""box"":{""left"":3722,""right"":3200,""top"":4114,""bottom"":4600},""time"":1729913880636},{""box"":{""left"":3722,""right"":3200,""top"":4114,""bottom"":4600},""time"":1729913880674},{""box"":{""left"":3722,""right"":3200,""top"":4114,""bottom"":4600},""time"":1729913880766},{""box"":{""left"":3722,""right"":3200,""top"":4114,""bottom"":4600},""time"":1729913880804},{""box"":{""left"":3722,""right"":3200,""top"":4114,""bottom"":4600},""time"":1729913880851},{""box"":{""left"":3722,""right"":3200,""top"":4114,""bottom"":4600},""time"":1729913880889},{""box"":{""left"":3722,""right"":3200,""top"":4114,""bottom"":4600},""time"":1729913880936},{""box"":{""left"":3722,""right"":3200,""top"":4114,""bottom"":4600},""time"":1729913880974},{""box"":{""left"":3722,""right"":3200,""top"":4114,""bottom"":4600},""time"":1729913881054},{""box"":{""left"":3722,""right"":3200,""top"":4114,""bottom"":4600},""time"":1729913881092},{""box"":{""left"":3722,""right"":3200,""top"":4114,""bottom"":4600},""time"":1729913881188},{""box"":{""left"":3722,""right"":3200,""top"":4114,""bottom"":4600},""time"":1729913881220},{""box"":{""left"":3722,""right"":3200,""top"":4114,""bottom"":4600},""time"":1729913881258},{""box"":{""left"":3722,""right"":3200,""top"":4114,""bottom"":4600},""time"":1729913881360},{""box"":{""left"":3722,""right"":3200,""top"":4114,""bottom"":4600},""time"":1729913881379},{""box"":{""left"":3722,""right"":3200,""top"":4114,""bottom"":4600},""time"":1729913881407},{""box"":{""left"":3722,""right"":3200,""top"":4114,""bottom"":4600},""time"":1729913881426},{""box"":{""left"":3722,""right"":3200,""top"":4114,""bottom"":4600},""time"":1729913881455},{""box"":{""left"":3722,""right"":3200,""top"":4114,""bottom"":4600},""time"":1729913881482},{""box"":{""left"":3722,""right"":3200,""top"":4114,""bottom"":4600},""time"":1729913881511},{""box"":{""left"":3722,""right"":3200,""top"":4114,""bottom"":4600},""time"":1729913881539},{""box"":{""left"":3722,""right"":3200,""top"":4114,""bottom"":4600},""time"":1729913881568},{""box"":{""left"":3722,""right"":3200,""top"":4114,""bottom"":4600},""time"":1729913881596},{""box"":{""left"":3722,""right"":3200,""top"":4114,""bottom"":4600},""time"":1729913881606},{""box"":{""left"":3722,""right"":3200,""top"":4114,""bottom"":4600},""time"":1729913881634},{""box"":{""left"":3722,""right"":3200,""top"":4114,""bottom"":4600},""time"":1729913881662},{""box"":{""left"":3722,""right"":3200,""top"":4114,""bottom"":4600},""time"":1729913881691},{""box"":{""left"":3722,""right"":3200,""top"":4114,""bottom"":4600},""time"":1729913881743},{""box"":{""left"":3722,""right"":3200,""top"":4114,""bottom"":4600},""time"":1729913881763},{""box"":{""left"":3722,""right"":3200,""top"":4114,""bottom"":4600},""time"":1729913881810},{""box"":{""left"":3722,""right"":3200,""top"":4114,""bottom"":4600},""time"":1729913881848},{""box"":{""left"":3722,""right"":3200,""top"":4114,""bottom"":4600},""time"":1729913881877},{""box"":{""left"":3722,""right"":3200,""top"":4114,""bottom"":4600},""time"":1729913881945},{""box"":{""left"":3722,""right"":3200,""top"":4114,""bottom"":4600},""time"":1729913881974},{""box"":{""left"":3722,""right"":3200,""top"":4114,""bottom"":4600},""time"":1729913882012},{""box"":{""left"":3722,""right"":3200,""top"":4114,""bottom"":4600},""time"":1729913882041},{""box"":{""left"":3722,""right"":3200,""top"":4114,""bottom"":4600},""time"":1729913882060},{""box"":{""left"":3722,""right"":3200,""top"":4114,""bottom"":4600},""time"":1729913882099},{""box"":{""left"":3722,""right"":3200,""top"":4114,""bottom"":4600},""time"":1729913882127},{""box"":{""left"":3722,""right"":3200,""top"":4114,""bottom"":4600},""time"":1729913882147},{""box"":{""left"":3722,""right"":3200,""top"":4114,""bottom"":4600},""time"":1729913882185},{""box"":{""left"":3722,""right"":3200,""top"":4114,""bottom"":4600},""time"":1729913882204},{""box"":{""left"":3722,""right"":3200,""top"":4114,""bottom"":4600},""time"":1729913882223},{""box"":{""left"":3722,""right"":3200,""top"":4114,""bottom"":4600},""time"":1729913882252},{""box"":{""left"":3722,""right"":3200,""top"":4114,""bottom"":4600},""time"":1729913882290},{""box"":{""left"":3722,""right"":3200,""top"":4114,""bottom"":4600},""time"":1729913882329},{""box"":{""left"":3722,""right"":3200,""top"":4114,""bottom"":4600},""time"":1729913882367},{""box"":{""left"":3722,""right"":3200,""top"":4114,""bottom"":4600},""time"":1729913882406},{""box"":{""left"":3722,""right"":3200,""top"":4114,""bottom"":4600},""time"":1729913882444},{""box"":{""left"":3722,""right"":3200,""top"":4114,""bottom"":4600},""time"":1729913882482},{""box"":{""left"":3722,""right"":3200,""top"":4114,""bottom"":4600},""time"":1729913882520},{""box"":{""left"":3722,""right"":3200,""top"":4114,""bottom"":4600},""time"":1729913882550},{""box"":{""left"":3722,""right"":3200,""top"":4114,""bottom"":4600},""time"":1729913882569},{""box"":{""left"":3722,""right"":3200,""top"":4114,""bottom"":4600},""time"":1729913882607},{""box"":{""left"":3722,""right"":3200,""top"":4114,""bottom"":4600},""time"":1729913882635},{""box"":{""left"":3722,""right"":3200,""top"":4114,""bottom"":4600},""time"":1729913882664},{""box"":{""left"":3722,""right"":3200,""top"":4114,""bottom"":4600},""time"":1729913882693},{""box"":{""left"":3722,""right"":3200,""top"":4114,""bottom"":4600},""time"":1729913882721},{""box"":{""left"":3722,""right"":3200,""top"":4114,""bottom"":4600},""time"":1729913882741},{""box"":{""left"":3722,""right"":3200,""top"":4114,""bottom"":4600},""time"":1729913882769},{""box"":{""left"":3722,""right"":3200,""top"":4114,""bottom"":4600},""time"":1729913882788},{""box"":{""left"":3722,""right"":3200,""top"":4114,""bottom"":4600},""time"":1729913882817},{""box"":{""left"":3722,""right"":3200,""top"":4114,""bottom"":4600},""time"":1729913882836},{""box"":{""left"":3722,""right"":3200,""top"":4114,""bottom"":4600},""time"":1729913882864},{""box"":{""left"":3722,""right"":3200,""top"":4114,""bottom"":4600},""time"":1729913882902},{""box"":{""left"":3722,""right"":3200,""top"":4114,""bottom"":4600},""time"":1729913882934},{""box"":{""left"":3722,""right"":3200,""top"":4114,""bottom"":4600},""time"":1729913882962},{""box"":{""left"":3722,""right"":3200,""top"":4114,""bottom"":4600},""time"":1729913882981},{""box"":{""left"":3722,""right"":3200,""top"":4114,""bottom"":4600},""time"":1729913883012},{""box"":{""left"":3722,""right"":3200,""top"":4114,""bottom"":4600},""time"":1729913883031},{""box"":{""left"":3722,""right"":3200,""top"":4114,""bottom"":4600},""time"":1729913883059},{""box"":{""left"":3722,""right"":3200,""top"":4114,""bottom"":4600},""time"":1729913883078},{""box"":{""left"":3722,""right"":3200,""top"":4114,""bottom"":4600},""time"":1729913883107},{""box"":{""left"":3722,""right"":3200,""top"":4114,""bottom"":4600},""time"":1729913883126},{""box"":{""left"":3722,""right"":3200,""top"":4114,""bottom"":4600},""time"":1729913883155},{""box"":{""left"":3722,""right"":3200,""top"":4114,""bottom"":4600},""time"":1729913883197},{""box"":{""left"":3722,""right"":3200,""top"":4114,""bottom"":4600},""time"":1729913883226},{""box"":{""left"":3722,""right"":3200,""top"":4114,""bottom"":4600},""time"":1729913883283},{""box"":{""left"":3722,""right"":3200,""top"":4114,""bottom"":4600},""time"":1729913883322},{""box"":{""left"":3722,""right"":3200,""top"":4114,""bottom"":4600},""time"":1729913883350},{""box"":{""left"":3722,""right"":3200,""top"":4114,""bottom"":4600},""time"":1729913883369},{""box"":{""left"":3722,""right"":3200,""top"":4114,""bottom"":4600},""time"":1729913883388},{""box"":{""left"":3722,""right"":3200,""top"":4114,""bottom"":4600},""time"":1729913883426},{""box"":{""left"":3722,""right"":3200,""top"":4114,""bottom"":4600},""time"":1729913883455},{""box"":{""left"":3722,""right"":3200,""top"":4114,""bottom"":4600},""time"":1729913883503},{""box"":{""left"":3722,""right"":3200,""top"":4114,""bottom"":4600},""time"":1729913883538},{""box"":{""left"":3722,""right"":3200,""top"":4114,""bottom"":4600},""time"":1729913883567},{""box"":{""left"":3722,""right"":3200,""top"":4114,""bottom"":4600},""time"":1729913883586},{""box"":{""left"":3722,""right"":3200,""top"":4114,""bottom"":4600},""time"":1729913883614},{""box"":{""left"":3722,""right"":3200,""top"":4114,""bottom"":4600},""time"":1729913883634},{""box"":{""left"":3722,""right"":3200,""top"":4114,""bottom"":4600},""time"":1729913883662},{""box"":{""left"":3722,""right"":3200,""top"":4114,""bottom"":4600},""time"":1729913883681},{""box"":{""left"":3722,""right"":3200,""top"":4114,""bottom"":4600},""time"":1729913883712},{""box"":{""left"":3722,""right"":3200,""top"":4114,""bottom"":4600},""time"":1729913883731},{""box"":{""left"":3722,""right"":3200,""top"":4114,""bottom"":4600},""time"":1729913883760},{""box"":{""left"":3722,""right"":3200,""top"":4114,""bottom"":4600},""time"":1729913883779},{""box"":{""left"":3722,""right"":3200,""top"":4114,""bottom"":4600},""time"":1729913883807},{""box"":{""left"":3722,""right"":3200,""top"":4114,""bottom"":4600},""time"":1729913883826},{""box"":{""left"":3722,""right"":3200,""top"":4114,""bottom"":4600},""time"":1729913883855},{""box"":{""left"":3722,""right"":3200,""top"":4114,""bottom"":4600},""time"":1729913883874},{""box"":{""left"":3722,""right"":3200,""top"":4114,""bottom"":4600},""time"":1729913883903},{""box"":{""left"":3722,""right"":3200,""top"":4114,""bottom"":4600},""time"":1729913883950},{""box"":{""left"":3722,""right"":3200,""top"":4114,""bottom"":4600},""time"":1729913883978},{""box"":{""left"":3722,""right"":3200,""top"":4114,""bottom"":4600},""time"":1729913884050},{""box"":{""left"":3722,""right"":3200,""top"":4114,""bottom"":4600},""time"":1729913884078},{""box"":{""left"":3722,""right"":3200,""top"":4114,""bottom"":4600},""time"":1729913884116},{""box"":{""left"":3722,""right"":3200,""top"":4114,""bottom"":4600},""time"":1729913884145},{""box"":{""left"":3722,""right"":3200,""top"":4114,""bottom"":4600},""time"":1729913884184},{""box"":{""left"":3722,""right"":3200,""top"":4114,""bottom"":4600},""time"":1729913884212},{""box"":{""left"":3722,""right"":3200,""top"":4114,""bottom"":4600},""time"":1729913884241},{""box"":{""left"":3722,""right"":3200,""top"":4114,""bottom"":4600},""time"":1729913884269},{""box"":{""left"":3722,""right"":3200,""top"":4114,""bottom"":4600},""time"":1729913884298},{""box"":{""left"":3722,""right"":3200,""top"":4114,""bottom"":4600},""time"":1729913884326},{""box"":{""left"":3722,""right"":3200,""top"":4114,""bottom"":4600},""time"":1729913884355},{""box"":{""left"":3722,""right"":3200,""top"":4114,""bottom"":4600},""time"":1729913884384},{""box"":{""left"":3722,""right"":3200,""top"":4114,""bottom"":4600},""time"":1729913884412},{""box"":{""left"":3722,""right"":3200,""top"":4114,""bottom"":4600},""time"":1729913884441},{""box"":{""left"":3722,""right"":3200,""top"":4114,""bottom"":4600},""time"":1729913884470},{""box"":{""left"":3722,""right"":3200,""top"":4114,""bottom"":4600},""time"":1729913884498},{""box"":{""left"":3722,""right"":3200,""top"":4114,""bottom"":4600},""time"":1729913884527},{""box"":{""left"":3722,""right"":3200,""top"":4114,""bottom"":4600},""time"":1729913884555},{""box"":{""left"":3722,""right"":3200,""top"":4114,""bottom"":4600},""time"":1729913884584},{""box"":{""left"":3722,""right"":3200,""top"":4114,""bottom"":4600},""time"":1729913884613},{""box"":{""left"":3722,""right"":3200,""top"":4114,""bottom"":4600},""time"":1729913884641},{""box"":{""left"":3722,""right"":3200,""top"":4114,""bottom"":4600},""time"":1729913884670},{""box"":{""left"":3722,""right"":3200,""top"":4114,""bottom"":4600},""time"":1729913884699},{""box"":{""left"":3722,""right"":3200,""top"":4114,""bottom"":4600},""time"":1729913884727},{""box"":{""left"":3722,""right"":3200,""top"":4114,""bottom"":4600},""time"":1729913884756},{""box"":{""left"":3722,""right"":3200,""top"":4114,""bottom"":4600},""time"":1729913884784},{""box"":{""left"":3722,""right"":3200,""top"":4114,""bottom"":4600},""time"":1729913884813},{""box"":{""left"":3722,""right"":3200,""top"":4114,""bottom"":4600},""time"":1729913884844},{""box"":{""left"":3722,""right"":3200,""top"":4114,""bottom"":4600},""time"":1729913884873},{""box"":{""left"":3722,""right"":3200,""top"":4114,""bottom"":4600},""time"":1729913884901},{""box"":{""left"":3722,""right"":3200,""top"":4114,""bottom"":4600},""time"":1729913884930},{""box"":{""left"":3722,""right"":3200,""top"":4114,""bottom"":4600},""time"":1729913884962},{""box"":{""left"":3722,""right"":3200,""top"":4114,""bottom"":4600},""time"":1729913884991},{""box"":{""left"":3722,""right"":3200,""top"":4114,""bottom"":4600},""time"":1729913885019},{""box"":{""left"":3722,""right"":3200,""top"":4114,""bottom"":4600},""time"":1729913885048},{""box"":{""left"":3722,""right"":3200,""top"":4114,""bottom"":4600},""time"":1729913885104},{""box"":{""left"":3722,""right"":3200,""top"":4114,""bottom"":4600},""time"":1729913885133},{""box"":{""left"":3722,""right"":3200,""top"":4114,""bottom"":4600},""time"":1729913885161},{""box"":{""left"":3722,""right"":3200,""top"":4114,""bottom"":4600},""time"":1729913885190},{""box"":{""left"":3722,""right"":3200,""top"":4114,""bottom"":4600},""time"":1729913885219},{""box"":{""left"":3722,""right"":3200,""top"":4114,""bottom"":4600},""time"":1729913885248},{""box"":{""left"":3722,""right"":3200,""top"":4114,""bottom"":4600},""time"":1729913885276},{""box"":{""left"":3722,""right"":3200,""top"":4114,""bottom"":4600},""time"":1729913885307},{""box"":{""left"":3722,""right"":3200,""top"":4114,""bottom"":4600},""time"":1729913885335},{""box"":{""left"":3722,""right"":3200,""top"":4114,""bottom"":4600},""time"":1729913885364},{""box"":{""left"":3722,""right"":3200,""top"":4114,""bottom"":4600},""time"":1729913885392},{""box"":{""left"":3722,""right"":3200,""top"":4114,""bottom"":4600},""time"":1729913885421},{""box"":{""left"":3722,""right"":3200,""top"":4114,""bottom"":4600},""time"":1729913885449},{""box"":{""left"":3722,""right"":3200,""top"":4114,""bottom"":4600},""time"":1729913885479},{""box"":{""left"":3722,""right"":3200,""top"":4114,""bottom"":4600},""time"":1729913885511},{""box"":{""left"":3722,""right"":3200,""top"":4114,""bottom"":4600},""time"":1729913885541},{""box"":{""left"":3722,""right"":3200,""top"":4114,""bottom"":4600},""time"":1729913885578},{""box"":{""left"":3722,""right"":3200,""top"":4114,""bottom"":4600},""time"":1729913885607},{""box"":{""left"":3722,""right"":3200,""top"":4114,""bottom"":4600},""time"":1729913885644},{""box"":{""left"":3722,""right"":3200,""top"":4114,""bottom"":4600},""time"":1729913885674},{""box"":{""left"":3722,""right"":3200,""top"":4114,""bottom"":4600},""time"":1729913885711},{""box"":{""left"":3722,""right"":3200,""top"":4114,""bottom"":4600},""time"":1729913885740},{""box"":{""left"":3722,""right"":3200,""top"":4114,""bottom"":4600},""time"":1729913885816},{""box"":{""left"":3722,""right"":3200,""top"":4114,""bottom"":4600},""time"":1729913885884},{""box"":{""left"":3722,""right"":3200,""top"":4114,""bottom"":4600},""time"":1729913885913},{""box"":{""left"":3722,""right"":3200,""top"":4114,""bottom"":4600},""time"":1729913885942},{""box"":{""left"":3722,""right"":3200,""top"":4114,""bottom"":4600},""time"":1729913885980},{""box"":{""left"":3722,""right"":3200,""top"":4114,""bottom"":4600},""time"":1729913886039},{""box"":{""left"":3722,""right"":3200,""top"":4114,""bottom"":4600},""time"":1729913886096},{""box"":{""left"":3722,""right"":3200,""top"":4114,""bottom"":4600},""time"":1729913886125},{""box"":{""left"":3722,""right"":3200,""top"":4114,""bottom"":4600},""time"":1729913886163},{""box"":{""left"":3722,""right"":3200,""top"":4114,""bottom"":4600},""time"":1729913886192},{""box"":{""left"":3722,""right"":3200,""top"":4114,""bottom"":4600},""time"":1729913886229},{""box"":{""left"":3722,""right"":3200,""top"":4114,""bottom"":4600},""time"":1729913886258},{""box"":{""left"":3722,""right"":3200,""top"":4114,""bottom"":4600},""time"":1729913886296},{""box"":{""left"":3722,""right"":3200,""top"":4114,""bottom"":4600},""time"":1729913886306},{""box"":{""left"":3722,""right"":3200,""top"":4114,""bottom"":4600},""time"":1729913886334},{""box"":{""left"":3722,""right"":3200,""top"":4114,""bottom"":4600},""time"":1729913886372},{""box"":{""left"":3722,""right"":3200,""top"":4114,""bottom"":4600},""time"":1729913886401},{""box"":{""left"":3722,""right"":3200,""top"":4114,""bottom"":4600},""time"":1729913886439},{""box"":{""left"":3722,""right"":3200,""top"":4114,""bottom"":4600},""time"":1729913886470},{""box"":{""left"":3722,""right"":3200,""top"":4114,""bottom"":4600},""time"":1729913886508},{""box"":{""left"":3722,""right"":3200,""top"":4114,""bottom"":4600},""time"":1729913886565},{""box"":{""left"":3722,""right"":3200,""top"":4114,""bottom"":4600},""time"":1729913886594},{""box"":{""left"":3722,""right"":3200,""top"":4114,""bottom"":4600},""time"":1729913886632},{""box"":{""left"":3722,""right"":3200,""top"":4114,""bottom"":4600},""time"":1729913886660},{""box"":{""left"":3722,""right"":3200,""top"":4114,""bottom"":4600},""time"":1729913886698},{""box"":{""left"":3722,""right"":3200,""top"":4114,""bottom"":4600},""time"":1729913886727},{""box"":{""left"":3722,""right"":3200,""top"":4114,""bottom"":4600},""time"":1729913886764},{""box"":{""left"":3722,""right"":3200,""top"":4114,""bottom"":4600},""time"":1729913886821},{""box"":{""left"":3722,""right"":3200,""top"":4114,""bottom"":4600},""time"":1729913886878},{""box"":{""left"":3722,""right"":3200,""top"":4114,""bottom"":4600},""time"":1729913886963},{""box"":{""left"":3722,""right"":3200,""top"":4114,""bottom"":4600},""time"":1729913886991},{""box"":{""left"":3722,""right"":3200,""top"":4114,""bottom"":4600},""time"":1729913887020},{""box"":{""left"":3722,""right"":3200,""top"":4114,""bottom"":4600},""time"":1729913887058},{""box"":{""left"":3722,""right"":3200,""top"":4114,""bottom"":4600},""time"":1729913887086},{""box"":{""left"":3722,""right"":3200,""top"":4114,""bottom"":4600},""time"":1729913887115},{""box"":{""left"":3722,""right"":3200,""top"":4114,""bottom"":4600},""time"":1729913887143},{""box"":{""left"":3722,""right"":3200,""top"":4114,""bottom"":4600},""time"":1729913887171},{""box"":{""left"":3722,""right"":3200,""top"":4114,""bottom"":4600},""time"":1729913887202},{""box"":{""left"":3722,""right"":3200,""top"":4114,""bottom"":4600},""time"":1729913887231},{""box"":{""left"":3722,""right"":3200,""top"":4114,""bottom"":4600},""time"":1729913887258},{""box"":{""left"":3722,""right"":3200,""top"":4114,""bottom"":4600},""time"":1729913887330},{""box"":{""left"":3722,""right"":3200,""top"":4114,""bottom"":4600},""time"":1729913887389},{""box"":{""left"":3722,""right"":3200,""top"":4114,""bottom"":4600},""time"":1729913887418},{""box"":{""left"":3722,""right"":3200,""top"":4114,""bottom"":4600},""time"":1729913887488},{""box"":{""left"":3722,""right"":3200,""top"":4114,""bottom"":4600},""time"":1729913887537},{""box"":{""left"":3722,""right"":3200,""top"":4114,""bottom"":4600},""time"":1729913887565},{""box"":{""left"":3722,""right"":3200,""top"":4114,""bottom"":4600},""time"":1729913887602},{""box"":{""left"":3722,""right"":3200,""top"":4114,""bottom"":4600},""time"":1729913887632},{""box"":{""left"":3722,""right"":3200,""top"":4114,""bottom"":4600},""time"":1729913887669},{""box"":{""left"":3722,""right"":3200,""top"":4114,""bottom"":4600},""time"":1729913887697},{""box"":{""left"":3722,""right"":3200,""top"":4114,""bottom"":4600},""time"":1729913887735},{""box"":{""left"":3722,""right"":3200,""top"":4114,""bottom"":4600},""time"":1729913887764},{""box"":{""left"":3722,""right"":3200,""top"":4114,""bottom"":4600},""time"":1729913887802},{""box"":{""left"":3722,""right"":3200,""top"":4114,""bottom"":4600},""time"":1729913887830},{""box"":{""left"":3722,""right"":3200,""top"":4114,""bottom"":4600},""time"":1729913887867},{""box"":{""left"":3722,""right"":3200,""top"":4114,""bottom"":4600},""time"":1729913887896},{""box"":{""left"":3722,""right"":3200,""top"":4114,""bottom"":4600},""time"":1729913887934},{""box"":{""left"":3722,""right"":3200,""top"":4114,""bottom"":4600},""time"":1729913887963},{""box"":{""left"":3722,""right"":3200,""top"":4114,""bottom"":4600},""time"":1729913888000},{""box"":{""left"":3722,""right"":3200,""top"":4114,""bottom"":4600},""time"":1729913888029},{""box"":{""left"":3722,""right"":3200,""top"":4114,""bottom"":4600},""time"":1729913888066},{""box"":{""left"":3722,""right"":3200,""top"":4114,""bottom"":4600},""time"":1729913888095},{""box"":{""left"":3722,""right"":3200,""top"":4114,""bottom"":4600},""time"":1729913888133},{""box"":{""left"":3722,""right"":3200,""top"":4114,""bottom"":4600},""time"":1729913888189},{""box"":{""left"":3722,""right"":3200,""top"":4114,""bottom"":4600},""time"":1729913888218},{""box"":{""left"":3722,""right"":3200,""top"":4114,""bottom"":4600},""time"":1729913888261},{""box"":{""left"":3722,""right"":3200,""top"":4114,""bottom"":4600},""time"":1729913888289},{""box"":{""left"":3722,""right"":3200,""top"":4114,""bottom"":4600},""time"":1729913888333},{""box"":{""left"":3722,""right"":3200,""top"":4114,""bottom"":4600},""time"":1729913888362},{""box"":{""left"":3722,""right"":3200,""top"":4114,""bottom"":4600},""time"":1729913888405},{""box"":{""left"":3722,""right"":3200,""top"":4114,""bottom"":4600},""time"":1729913888434},{""box"":{""left"":3722,""right"":3200,""top"":4114,""bottom"":4600},""time"":1729913888477},{""box"":{""left"":3722,""right"":3200,""top"":4114,""bottom"":4600},""time"":1729913888505},{""box"":{""left"":3722,""right"":3200,""top"":4114,""bottom"":4600},""time"":1729913888548},{""box"":{""left"":3722,""right"":3200,""top"":4114,""bottom"":4600},""time"":1729913888577},{""box"":{""left"":3722,""right"":3200,""top"":4114,""bottom"":4600},""time"":1729913888620},{""box"":{""left"":3722,""right"":3200,""top"":4114,""bottom"":4600},""time"":1729913888649},{""box"":{""left"":3722,""right"":3200,""top"":4114,""bottom"":4600},""time"":1729913888692},{""box"":{""left"":3722,""right"":3200,""top"":4114,""bottom"":4600},""time"":1729913888720},{""box"":{""left"":3722,""right"":3200,""top"":4114,""bottom"":4600},""time"":1729913888763},{""box"":{""left"":3722,""right"":3200,""top"":4114,""bottom"":4600},""time"":1729913888792},{""box"":{""left"":3722,""right"":3200,""top"":4114,""bottom"":4600},""time"":1729913888902},{""box"":{""left"":3722,""right"":3200,""top"":4114,""bottom"":4600},""time"":1729913888930},{""box"":{""left"":3722,""right"":3200,""top"":4114,""bottom"":4600},""time"":1729913888973},{""box"":{""left"":3722,""right"":3200,""top"":4114,""bottom"":4600},""time"":1729913889002},{""box"":{""left"":3722,""right"":3200,""top"":4114,""bottom"":4600},""time"":1729913889055},{""box"":{""left"":3722,""right"":3200,""top"":4114,""bottom"":4600},""time"":1729913889085},{""box"":{""left"":3722,""right"":3200,""top"":4114,""bottom"":4600},""time"":1729913889128},{""box"":{""left"":3722,""right"":3200,""top"":4114,""bottom"":4600},""time"":1729913889156},{""box"":{""left"":3722,""right"":3200,""top"":4114,""bottom"":4600},""time"":1729913889199},{""box"":{""left"":3722,""right"":3200,""top"":4114,""bottom"":4600},""time"":1729913889228},{""box"":{""left"":3722,""right"":3200,""top"":4114,""bottom"":4600},""time"":1729913889271},{""box"":{""left"":3722,""right"":3200,""top"":4114,""bottom"":4600},""time"":1729913889301},{""box"":{""left"":3722,""right"":3200,""top"":4114,""bottom"":4600},""time"":1729913889344},{""box"":{""left"":3722,""right"":3200,""top"":4114,""bottom"":4600},""time"":1729913889372},{""box"":{""left"":3722,""right"":3200,""top"":4114,""bottom"":4600},""time"":1729913889429},{""box"":{""left"":3722,""right"":3200,""top"":4114,""bottom"":4600},""time"":1729913889457},{""box"":{""left"":3722,""right"":3200,""top"":4114,""bottom"":4600},""time"":1729913889500},{""box"":{""left"":3722,""right"":3200,""top"":4114,""bottom"":4600},""time"":1729913889529},{""box"":{""left"":3722,""right"":3200,""top"":4114,""bottom"":4600},""time"":1729913889601},{""box"":{""left"":3722,""right"":3200,""top"":4114,""bottom"":4600},""time"":1729913889630},{""box"":{""left"":3722,""right"":3200,""top"":4114,""bottom"":4600},""time"":1729913889733},{""box"":{""left"":3722,""right"":3200,""top"":4114,""bottom"":4600},""time"":1729913889815},{""box"":{""left"":3722,""right"":3200,""top"":4114,""bottom"":4600},""time"":1729913889868},{""box"":{""left"":3722,""right"":3200,""top"":4114,""bottom"":4600},""time"":1729913889907},{""box"":{""left"":3722,""right"":3200,""top"":4114,""bottom"":4600},""time"":1729913889950},{""box"":{""left"":3722,""right"":3200,""top"":4114,""bottom"":4600},""time"":1729913889979},{""box"":{""left"":3722,""right"":3200,""top"":4114,""bottom"":4600},""time"":1729913889996},{""box"":{""left"":3722,""right"":3200,""top"":4114,""bottom"":4600},""time"":1729913890024},{""box"":{""left"":3722,""right"":3200,""top"":4114,""bottom"":4600},""time"":1729913890042},{""box"":{""left"":3722,""right"":3200,""top"":4114,""bottom"":4600},""time"":1729913890070},{""box"":{""left"":3722,""right"":3200,""top"":4114,""bottom"":4600},""time"":1729913890117},{""box"":{""left"":3722,""right"":3200,""top"":4114,""bottom"":4600},""time"":1729913890189},{""box"":{""left"":3722,""right"":3200,""top"":4114,""bottom"":4600},""time"":1729913890261},{""box"":{""left"":3722,""right"":3200,""top"":4114,""bottom"":4600},""time"":1729913890332},{""box"":{""left"":3722,""right"":3200,""top"":4114,""bottom"":4600},""time"":1729913890404},{""box"":{""left"":3722,""right"":3200,""top"":4114,""bottom"":4600},""time"":1729913890476},{""box"":{""left"":3722,""right"":3200,""top"":4114,""bottom"":4600},""time"":1729913890548},{""box"":{""left"":3722,""right"":3200,""top"":4114,""bottom"":4600},""time"":1729913890610},{""box"":{""left"":3722,""right"":3200,""top"":4114,""bottom"":4600},""time"":1729913890649},{""box"":{""left"":3722,""right"":3200,""top"":4114,""bottom"":4600},""time"":1729913890686},{""box"":{""left"":3722,""right"":3200,""top"":4114,""bottom"":4600},""time"":1729913890759},{""box"":{""left"":3722,""right"":3200,""top"":4114,""bottom"":4600},""time"":1729913890831},{""box"":{""left"":3722,""right"":3200,""top"":4114,""bottom"":4600},""time"":1729913890874},{""box"":{""left"":3722,""right"":3200,""top"":4114,""bottom"":4600},""time"":1729913890902},{""box"":{""left"":3722,""right"":3200,""top"":4114,""bottom"":4600},""time"":1729913890962},{""box"":{""left"":3722,""right"":3200,""top"":4114,""bottom"":4600},""time"":1729913891054},{""box"":{""left"":3722,""right"":3200,""top"":4114,""bottom"":4600},""time"":1729913891145},{""box"":{""left"":3722,""right"":3200,""top"":4114,""bottom"":4600},""time"":1729913891173},{""box"":{""left"":3722,""right"":3200,""top"":4114,""bottom"":4600},""time"":1729913891242},{""box"":{""left"":3722,""right"":3200,""top"":4114,""bottom"":4600},""time"":1729913891324},{""box"":{""left"":3722,""right"":3200,""top"":4114,""bottom"":4600},""time"":1729913891434},{""box"":{""left"":3722,""right"":3200,""top"":4114,""bottom"":4600},""time"":1729913891486},{""box"":{""left"":3722,""right"":3200,""top"":4114,""bottom"":4600},""time"":1729913891579},{""box"":{""left"":3722,""right"":3200,""top"":4114,""bottom"":4600},""time"":1729913891608},{""box"":{""left"":3722,""right"":3200,""top"":4114,""bottom"":4600},""time"":1729913891729},{""box"":{""left"":3722,""right"":3200,""top"":4114,""bottom"":4600},""time"":1729913891840},{""box"":{""left"":3722,""right"":3200,""top"":4114,""bottom"":4600},""time"":1729913891921},{""box"":{""left"":3722,""right"":3200,""top"":4114,""bottom"":4600},""time"":1729913891950},{""box"":{""left"":3722,""right"":3200,""top"":4114,""bottom"":4600},""time"":1729913891990},{""box"":{""left"":3722,""right"":3200,""top"":4114,""bottom"":4600},""time"":1729913892019},{""box"":{""left"":3722,""right"":3200,""top"":4114,""bottom"":4600},""time"":1729913892118},{""box"":{""left"":3722,""right"":3200,""top"":4114,""bottom"":4600},""time"":1729913892235},{""box"":{""left"":3722,""right"":3200,""top"":4114,""bottom"":4600},""time"":1729913892318},{""box"":{""left"":3722,""right"":3200,""top"":4114,""bottom"":4600},""time"":1729913892370},{""box"":{""left"":3722,""right"":3200,""top"":4114,""bottom"":4600},""time"":1729913892400},{""box"":{""left"":3722,""right"":3200,""top"":4114,""bottom"":4600},""time"":1729913892469},{""box"":{""left"":3722,""right"":3200,""top"":4114,""bottom"":4600},""time"":1729913892550},{""box"":{""left"":3722,""right"":3200,""top"":4114,""bottom"":4600},""time"":1729913892626},{""box"":{""left"":3722,""right"":3200,""top"":4114,""bottom"":4600},""time"":1729913892673},{""box"":{""left"":3722,""right"":3200,""top"":4114,""bottom"":4600},""time"":1729913892711},{""box"":{""left"":3722,""right"":3200,""top"":4114,""bottom"":4600},""time"":1729913892788},{""box"":{""left"":3722,""right"":3200,""top"":4114,""bottom"":4600},""time"":1729913892864},{""box"":{""left"":3722,""right"":3200,""top"":4114,""bottom"":4600},""time"":1729913892941},{""box"":{""left"":3722,""right"":3200,""top"":4114,""bottom"":4600},""time"":1729913893016},{""box"":{""left"":3722,""right"":3200,""top"":4114,""bottom"":4600},""time"":1729913893093},{""box"":{""left"":3722,""right"":3200,""top"":4114,""bottom"":4600},""time"":1729913893169},{""box"":{""left"":3722,""right"":3200,""top"":4114,""bottom"":4600},""time"":1729913893245},{""box"":{""left"":3722,""right"":3200,""top"":4114,""bottom"":4600},""time"":1729913893322},{""box"":{""left"":3722,""right"":3200,""top"":4114,""bottom"":4600},""time"":1729913893378},{""box"":{""left"":3722,""right"":3200,""top"":4114,""bottom"":4600},""time"":1729913893475},{""box"":{""left"":3722,""right"":3200,""top"":4114,""bottom"":4600},""time"":1729913893553},{""box"":{""left"":3722,""right"":3200,""top"":4114,""bottom"":4600},""time"":1729913893630},{""box"":{""left"":3722,""right"":3200,""top"":4114,""bottom"":4600},""time"":1729913893707},{""box"":{""left"":3722,""right"":3200,""top"":4114,""bottom"":4600},""time"":1729913893785},{""box"":{""left"":3722,""right"":3200,""top"":4114,""bottom"":4600},""time"":1729913893862},{""box"":{""left"":3722,""right"":3200,""top"":4114,""bottom"":4600},""time"":1729913893940},{""box"":{""left"":3722,""right"":3200,""top"":4114,""bottom"":4600},""time"":1729913894027},{""box"":{""left"":3722,""right"":3200,""top"":4114,""bottom"":4600},""time"":1729913894151},{""box"":{""left"":3722,""right"":3200,""top"":4114,""bottom"":4600},""time"":1729913894229},{""box"":{""left"":3722,""right"":3200,""top"":4114,""bottom"":4600},""time"":1729913894307},{""box"":{""left"":3722,""right"":3200,""top"":4114,""bottom"":4600},""time"":1729913894364},{""box"":{""left"":3722,""right"":3200,""top"":4114,""bottom"":4600},""time"":1729913894471},{""box"":{""left"":3722,""right"":3200,""top"":4114,""bottom"":4600},""time"":1729913894576},{""box"":{""left"":3722,""right"":3200,""top"":4114,""bottom"":4600},""time"":1729913894754},{""box"":{""left"":3722,""right"":3200,""top"":4114,""bottom"":4600},""time"":1729913894792},{""box"":{""left"":3722,""right"":3200,""top"":4114,""bottom"":4600},""time"":1729913894870},{""box"":{""left"":3722,""right"":3200,""top"":4114,""bottom"":4600},""time"":1729913894948},{""box"":{""left"":3722,""right"":3200,""top"":4114,""bottom"":4600},""time"":1729913895018},{""box"":{""left"":3722,""right"":3200,""top"":4114,""bottom"":4600},""time"":1729913895097},{""box"":{""left"":3722,""right"":3200,""top"":4114,""bottom"":4600},""time"":1729913895175},{""box"":{""left"":3722,""right"":3200,""top"":4114,""bottom"":4600},""time"":1729913895252},{""box"":{""left"":3722,""right"":3200,""top"":4114,""bottom"":4600},""time"":1729913895331},{""box"":{""left"":3722,""right"":3200,""top"":4114,""bottom"":4600},""time"":1729913895409},{""box"":{""left"":3722,""right"":3200,""top"":4114,""bottom"":4600},""time"":1729913895486},{""box"":{""left"":3722,""right"":3200,""top"":4114,""bottom"":4600},""time"":1729913895563},{""box"":{""left"":3722,""right"":3200,""top"":4114,""bottom"":4600},""time"":1729913895640},{""box"":{""left"":3722,""right"":3200,""top"":4114,""bottom"":4600},""time"":1729913895718},{""box"":{""left"":3722,""right"":3200,""top"":4114,""bottom"":4600},""time"":1729913895806},{""box"":{""left"":3722,""right"":3200,""top"":4114,""bottom"":4600},""time"":1729913895950},{""box"":{""left"":3722,""right"":3200,""top"":4114,""bottom"":4600},""time"":1729913896026},{""box"":{""left"":3722,""right"":3200,""top"":4114,""bottom"":4600},""time"":1729913896104},{""box"":{""left"":3722,""right"":3200,""top"":4114,""bottom"":4600},""time"":1729913896266},{""box"":{""left"":3722,""right"":3200,""top"":4114,""bottom"":4600},""time"":1729913896329},{""box"":{""left"":3722,""right"":3200,""top"":4114,""bottom"":4600},""time"":1729913896425},{""box"":{""left"":3722,""right"":3200,""top"":4114,""bottom"":4600},""time"":1729913896512},{""box"":{""left"":3722,""right"":3200,""top"":4114,""bottom"":4600},""time"":1729913896607},{""box"":{""left"":3722,""right"":3200,""top"":4114,""bottom"":4600},""time"":1729913896746},{""box"":{""left"":3722,""right"":3200,""top"":4114,""bottom"":4600},""time"":1729913896790},{""box"":{""left"":3722,""right"":3200,""top"":4114,""bottom"":4600},""time"":1729913896819},{""box"":{""left"":3722,""right"":3200,""top"":4114,""bottom"":4600},""time"":1729913896905},{""box"":{""left"":3722,""right"":3200,""top"":4114,""bottom"":4600},""time"":1729913897068},{""box"":{""left"":3722,""right"":3200,""top"":4114,""bottom"":4600},""time"":1729913897097},{""box"":{""left"":3722,""right"":3200,""top"":4114,""bottom"":4600},""time"":1729913897161},{""box"":{""left"":3722,""right"":3200,""top"":4114,""bottom"":4600},""time"":1729913897242},{""box"":{""left"":3722,""right"":3200,""top"":4114,""bottom"":4600},""time"":1729913897300},{""box"":{""left"":3722,""right"":3200,""top"":4114,""bottom"":4600},""time"":1729913897339},{""box"":{""left"":3722,""right"":3200,""top"":4114,""bottom"":4600},""time"":1729913897444},{""box"":{""left"":3722,""right"":3200,""top"":4114,""bottom"":4600},""time"":1729913897507},{""box"":{""left"":3722,""right"":3200,""top"":4114,""bottom"":4600},""time"":1729913897589},{""box"":{""left"":3722,""right"":3200,""top"":4114,""bottom"":4600},""time"":1729913897665},{""box"":{""left"":3722,""right"":3200,""top"":4114,""bottom"":4600},""time"":1729913897750},{""box"":{""left"":3722,""right"":3200,""top"":4114,""bottom"":4600},""time"":1729913897849},{""box"":{""left"":3722,""right"":3200,""top"":4114,""bottom"":4600},""time"":1729913898000},{""box"":{""left"":3722,""right"":3200,""top"":4114,""bottom"":4600},""time"":1729913898068},{""box"":{""left"":3722,""right"":3200,""top"":4114,""bottom"":4600},""time"":1729913898109},{""box"":{""left"":3722,""right"":3200,""top"":4114,""bottom"":4600},""time"":1729913898158},{""box"":{""left"":3722,""right"":3200,""top"":4114,""bottom"":4600},""time"":1729913898188},{""box"":{""left"":3722,""right"":3200,""top"":4114,""bottom"":4600},""time"":1729913898287},{""box"":{""left"":3722,""right"":3200,""top"":4114,""bottom"":4600},""time"":1729913898386},{""box"":{""left"":3722,""right"":3200,""top"":4114,""bottom"":4600},""time"":1729913898425},{""box"":{""left"":3722,""right"":3200,""top"":4114,""bottom"":4600},""time"":1729913898446},{""box"":{""left"":3722,""right"":3200,""top"":4114,""bottom"":4600},""time"":1729913898488},{""box"":{""left"":3722,""right"":3200,""top"":4114,""bottom"":4600},""time"":1729913898507},{""box"":{""left"":3722,""right"":3200,""top"":4114,""bottom"":4600},""time"":1729913898595},{""box"":{""left"":3722,""right"":3200,""top"":4114,""bottom"":4600},""time"":1729913898624},{""box"":{""left"":3722,""right"":3200,""top"":4114,""bottom"":4600},""time"":1729913898886},{""box"":{""left"":3722,""right"":3200,""top"":4114,""bottom"":4600},""time"":1729913898964},{""box"":{""left"":3722,""right"":3200,""top"":4114,""bottom"":4600},""time"":1729913899045},{""box"":{""left"":3722,""right"":3200,""top"":4114,""bottom"":4600},""time"":1729913899113},{""box"":{""left"":3722,""right"":3200,""top"":4114,""bottom"":4600},""time"":1729913899143},{""box"":{""left"":3722,""right"":3200,""top"":4114,""bottom"":4600},""time"":1729913899231},{""box"":{""left"":3722,""right"":3200,""top"":4114,""bottom"":4600},""time"":1729913899293},{""box"":{""left"":3722,""right"":3200,""top"":4114,""bottom"":4600},""time"":1729913899466},{""box"":{""left"":3722,""right"":3200,""top"":4114,""bottom"":4600},""time"":1729913899571},{""box"":{""left"":3722,""right"":3200,""top"":4114,""bottom"":4600},""time"":1729913899715},{""box"":{""left"":3722,""right"":3200,""top"":4114,""bottom"":4600},""time"":1729913899748},{""box"":{""left"":3722,""right"":3200,""top"":4114,""bottom"":4600},""time"":1729913899831},{""box"":{""left"":3722,""right"":3200,""top"":4114,""bottom"":4600},""time"":1729913899998},{""box"":{""left"":3722,""right"":3200,""top"":4114,""bottom"":4600},""time"":1729913900099},{""box"":{""left"":3722,""right"":3200,""top"":4114,""bottom"":4600},""time"":1729913900189},{""box"":{""left"":3722,""right"":3200,""top"":4114,""bottom"":4600},""time"":1729913900268},{""box"":{""left"":3722,""right"":3200,""top"":4114,""bottom"":4600},""time"":1729913900392},{""box"":{""left"":3722,""right"":3200,""top"":4114,""bottom"":4600},""time"":1729913900449},{""box"":{""left"":3722,""right"":3200,""top"":4114,""bottom"":4600},""time"":1729913900495},{""box"":{""left"":3722,""right"":3200,""top"":4114,""bottom"":4600},""time"":1729913900517},{""box"":{""left"":3722,""right"":3200,""top"":4114,""bottom"":4600},""time"":1729913900600},{""box"":{""left"":3722,""right"":3200,""top"":4114,""bottom"":4600},""time"":1729913900669},{""box"":{""left"":3722,""right"":3200,""top"":4114,""bottom"":4600},""time"":1729913900692},{""box"":{""left"":3722,""right"":3200,""top"":4114,""bottom"":4600},""time"":1729913900824},{""box"":{""left"":3722,""right"":3200,""top"":4114,""bottom"":4600},""time"":1729913900942},{""box"":{""left"":3722,""right"":3200,""top"":4114,""bottom"":4600},""time"":1729913901098},{""box"":{""left"":3722,""right"":3200,""top"":4114,""bottom"":4600},""time"":1729913901206},{""box"":{""left"":3722,""right"":3200,""top"":4114,""bottom"":4600},""time"":1729913901229},{""box"":{""left"":3722,""right"":3200,""top"":4114,""bottom"":4600},""time"":1729913901329},{""box"":{""left"":3722,""right"":3200,""top"":4114,""bottom"":4600},""time"":1729913901410},{""box"":{""left"":3722,""right"":3200,""top"":4114,""bottom"":4600},""time"":1729913901444},{""box"":{""left"":3722,""right"":3200,""top"":4114,""bottom"":4600},""time"":1729913901514},{""box"":{""left"":3722,""right"":3200,""top"":4114,""bottom"":4600},""time"":1729913901570},{""box"":{""left"":3722,""right"":3200,""top"":4114,""bottom"":4600},""time"":1729913901602},{""box"":{""left"":3722,""right"":3200,""top"":4114,""bottom"":4600},""time"":1729913901616},{""box"":{""left"":3722,""right"":3200,""top"":4114,""bottom"":4600},""time"":1729913901757},{""box"":{""left"":3722,""right"":3200,""top"":4114,""bottom"":4600},""time"":1729913901780},{""box"":{""left"":3722,""right"":3200,""top"":4114,""bottom"":4600},""time"":1729913901828},{""box"":{""left"":3722,""right"":3200,""top"":4114,""bottom"":4600},""time"":1729913901932},{""box"":{""left"":3722,""right"":3200,""top"":4114,""bottom"":4600},""time"":1729913902018},{""box"":{""left"":3722,""right"":3200,""top"":4114,""bottom"":4600},""time"":1729913902041},{""box"":{""left"":3722,""right"":3200,""top"":4114,""bottom"":4600},""time"":1729913902135},{""box"":{""left"":3722,""right"":3200,""top"":4114,""bottom"":4600},""time"":1729913902204},{""box"":{""left"":3722,""right"":3200,""top"":4114,""bottom"":4600},""time"":1729913902297},{""box"":{""left"":3722,""right"":3200,""top"":4114,""bottom"":4600},""time"":1729913902367},{""box"":{""left"":3722,""right"":3200,""top"":4114,""bottom"":4600},""time"":1729913902440},{""box"":{""left"":3722,""right"":3200,""top"":4114,""bottom"":4600},""time"":1729913902786},{""box"":{""left"":3722,""right"":3200,""top"":4114,""bottom"":4600},""time"":1729913902858},{""box"":{""left"":3722,""right"":3200,""top"":4114,""bottom"":4600},""time"":1729913902931},{""box"":{""left"":3722,""right"":3200,""top"":4114,""bottom"":4600},""time"":1729913903004},{""box"":{""left"":3722,""right"":3200,""top"":4114,""bottom"":4600},""time"":1729913903082},{""box"":{""left"":3722,""right"":3200,""top"":4114,""bottom"":4600},""time"":1729913903163},{""box"":{""left"":3722,""right"":3200,""top"":4114,""bottom"":4600},""time"":1729913903222},{""box"":{""left"":3722,""right"":3200,""top"":4114,""bottom"":4600},""time"":1729913903265},{""box"":{""left"":3722,""right"":3200,""top"":4114,""bottom"":4600},""time"":1729913903337},{""box"":{""left"":3722,""right"":3200,""top"":4114,""bottom"":4600},""time"":1729913903407},{""box"":{""left"":3722,""right"":3200,""top"":4114,""bottom"":4600},""time"":1729913903480},{""box"":{""left"":3722,""right"":3200,""top"":4114,""bottom"":4600},""time"":1729913903568},{""box"":{""left"":3722,""right"":3200,""top"":4114,""bottom"":4600},""time"":1729913903637},{""box"":{""left"":3722,""right"":3200,""top"":4114,""bottom"":4600},""time"":1729913903683},{""box"":{""left"":3722,""right"":3200,""top"":4114,""bottom"":4600},""time"":1729913903706},{""box"":{""left"":3722,""right"":3200,""top"":4114,""bottom"":4600},""time"":1729913903773},{""box"":{""left"":3722,""right"":3200,""top"":4114,""bottom"":4600},""time"":1729913903843},{""box"":{""left"":3722,""right"":3200,""top"":4114,""bottom"":4600},""time"":1729913903912},{""box"":{""left"":3722,""right"":3200,""top"":4114,""bottom"":4600},""time"":1729913903951},{""box"":{""left"":3722,""right"":3200,""top"":4114,""bottom"":4600},""time"":1729913904009},{""box"":{""left"":3722,""right"":3200,""top"":4114,""bottom"":4600},""time"":1729913904031},{""box"":{""left"":3722,""right"":3200,""top"":4114,""bottom"":4600},""time"":1729913904165},{""box"":{""left"":3722,""right"":3200,""top"":4114,""bottom"":4600},""time"":1729913904190},{""box"":{""left"":3722,""right"":3200,""top"":4114,""bottom"":4600},""time"":1729913904283},{""box"":{""left"":3722,""right"":3200,""top"":4114,""bottom"":4600},""time"":1729913904457},{""box"":{""left"":3722,""right"":3200,""top"":4114,""bottom"":4600},""time"":1729913904469},{""box"":{""left"":3722,""right"":3200,""top"":4114,""bottom"":4600},""time"":1729913904515},{""box"":{""left"":3722,""right"":3200,""top"":4114,""bottom"":4600},""time"":1729913904561},{""box"":{""left"":3722,""right"":3200,""top"":4114,""bottom"":4600},""time"":1729913904573},{""box"":{""left"":3722,""right"":3200,""top"":4114,""bottom"":4600},""time"":1729913904627},{""box"":{""left"":3722,""right"":3200,""top"":4114,""bottom"":4600},""time"":1729913904652},{""box"":{""left"":3722,""right"":3200,""top"":4114,""bottom"":4600},""time"":1729913904697},{""box"":{""left"":3722,""right"":3200,""top"":4114,""bottom"":4600},""time"":1729913904709},{""box"":{""left"":3722,""right"":3200,""top"":4114,""bottom"":4600},""time"":1729913904756},{""box"":{""left"":3722,""right"":3200,""top"":4114,""bottom"":4600},""time"":1729913904779},{""box"":{""left"":3722,""right"":3200,""top"":4114,""bottom"":4600},""time"":1729913904819},{""box"":{""left"":3722,""right"":3200,""top"":4114,""bottom"":4600},""time"":1729913904842},{""box"":{""left"":3722,""right"":3200,""top"":4114,""bottom"":4600},""time"":1729913904888},{""box"":{""left"":3722,""right"":3200,""top"":4114,""bottom"":4600},""time"":1729913904945},{""box"":{""left"":3722,""right"":3200,""top"":4114,""bottom"":4600},""time"":1729913904960},{""box"":{""left"":3722,""right"":3200,""top"":4114,""bottom"":4600},""time"":1729913905005},{""box"":{""left"":3722,""right"":3200,""top"":4114,""bottom"":4600},""time"":1729913905028},{""box"":{""left"":3722,""right"":3200,""top"":4114,""bottom"":4600},""time"":1729913905086},{""box"":{""left"":3722,""right"":3200,""top"":4114,""bottom"":4600},""time"":1729913905132},{""box"":{""left"":3722,""right"":3200,""top"":4114,""bottom"":4600},""time"":1729913905155},{""box"":{""left"":3722,""right"":3200,""top"":4114,""bottom"":4600},""time"":1729913905201},{""box"":{""left"":3722,""right"":3200,""top"":4114,""bottom"":4600},""time"":1729913905227},{""box"":{""left"":3722,""right"":3200,""top"":4114,""bottom"":4600},""time"":1729913905273},{""box"":{""left"":3722,""right"":3200,""top"":4114,""bottom"":4600},""time"":1729913905296},{""box"":{""left"":3722,""right"":3200,""top"":4114,""bottom"":4600},""time"":1729913905355},{""box"":{""left"":3722,""right"":3200,""top"":4114,""bottom"":4600},""time"":1729913905412},{""box"":{""left"":3722,""right"":3200,""top"":4114,""bottom"":4600},""time"":1729913905470},{""box"":{""left"":3722,""right"":3200,""top"":4114,""bottom"":4600},""time"":1729913905529},{""box"":{""left"":3722,""right"":3200,""top"":4114,""bottom"":4600},""time"":1729913905574},{""box"":{""left"":3722,""right"":3200,""top"":4114,""bottom"":4600},""time"":1729913905599},{""box"":{""left"":3722,""right"":3200,""top"":4114,""bottom"":4600},""time"":1729913905657},{""box"":{""left"":3722,""right"":3200,""top"":4114,""bottom"":4600},""time"":1729913905669},{""box"":{""left"":3722,""right"":3200,""top"":4114,""bottom"":4600},""time"":1729913905694},{""box"":{""left"":3722,""right"":3200,""top"":4114,""bottom"":4600},""time"":1729913905751},{""box"":{""left"":3722,""right"":3200,""top"":4114,""bottom"":4600},""time"":1729913905841},{""box"":{""left"":3722,""right"":3200,""top"":4114,""bottom"":4600},""time"":1729913905907},{""box"":{""left"":3722,""right"":3200,""top"":4114,""bottom"":4600},""time"":1729913905932},{""box"":{""left"":3722,""right"":3200,""top"":4114,""bottom"":4600},""time"":1729913906018},{""box"":{""left"":3722,""right"":3200,""top"":4114,""bottom"":4600},""time"":1729913906226},{""box"":{""left"":3722,""right"":3200,""top"":4114,""bottom"":4600},""time"":1729913906253},{""box"":{""left"":3722,""right"":3200,""top"":4114,""bottom"":4600},""time"":1729913906305},{""box"":{""left"":3722,""right"":3200,""top"":4114,""bottom"":4600},""time"":1729913906361},{""box"":{""left"":3722,""right"":3200,""top"":4114,""bottom"":4600},""time"":1729913906373},{""box"":{""left"":3722,""right"":3200,""top"":4114,""bottom"":4600},""time"":1729913906432},{""box"":{""left"":3722,""right"":3200,""top"":4114,""bottom"":4600},""time"":1729913906489},{""box"":{""left"":3722,""right"":3200,""top"":4114,""bottom"":4600},""time"":1729913906512},{""box"":{""left"":3722,""right"":3200,""top"":4114,""bottom"":4600},""time"":1729913906539},{""box"":{""left"":3722,""right"":3200,""top"":4114,""bottom"":4600},""time"":1729913906559},{""box"":{""left"":3722,""right"":3200,""top"":4114,""bottom"":4600},""time"":1729913906584},{""box"":{""left"":3722,""right"":3200,""top"":4114,""bottom"":4600},""time"":1729913906612},{""box"":{""left"":3722,""right"":3200,""top"":4114,""bottom"":4600},""time"":1729913906633},{""box"":{""left"":3722,""right"":3200,""top"":4114,""bottom"":4600},""time"":1729913906659},{""box"":{""left"":3722,""right"":3200,""top"":4114,""bottom"":4600},""time"":1729913906678},{""box"":{""left"":3722,""right"":3200,""top"":4114,""bottom"":4600},""time"":1729913906695},{""box"":{""left"":3722,""right"":3200,""top"":4114,""bottom"":4600},""time"":1729913906773},{""box"":{""left"":3722,""right"":3200,""top"":4114,""bottom"":4600},""time"":1729913906793},{""box"":{""left"":3722,""right"":3200,""top"":4114,""bottom"":4600},""time"":1729913906816},{""box"":{""left"":3722,""right"":3200,""top"":4114,""bottom"":4600},""time"":1729913906839},{""box"":{""left"":3722,""right"":3200,""top"":4114,""bottom"":4600},""time"":1729913906857},{""box"":{""left"":3722,""right"":3200,""top"":4114,""bottom"":4600},""time"":1729913906881},{""box"":{""left"":3722,""right"":3200,""top"":4114,""bottom"":4600},""time"":1729913906898},{""box"":{""left"":3722,""right"":3200,""top"":4114,""bottom"":4600},""time"":1729913906921},{""box"":{""left"":3722,""right"":3200,""top"":4114,""bottom"":4600},""time"":1729913906950},{""box"":{""left"":3722,""right"":3200,""top"":4114,""bottom"":4600},""time"":1729913906969},{""box"":{""left"":3722,""right"":3200,""top"":4114,""bottom"":4600},""time"":1729913906992},{""box"":{""left"":3722,""right"":3200,""top"":4114,""bottom"":4600},""time"":1729913907021},{""box"":{""left"":3722,""right"":3200,""top"":4114,""bottom"":4600},""time"":1729913907040},{""box"":{""left"":3722,""right"":3200,""top"":4114,""bottom"":4600},""time"":1729913907091},{""box"":{""left"":3722,""right"":3200,""top"":4114,""bottom"":4600},""time"":1729913907102},{""box"":{""left"":3722,""right"":3200,""top"":4114,""bottom"":4600},""time"":1729913907166},{""box"":{""left"":3722,""right"":3200,""top"":4114,""bottom"":4600},""time"":1729913907176},{""box"":{""left"":3722,""right"":3200,""top"":4114,""bottom"":4600},""time"":1729913907229},{""box"":{""left"":3722,""right"":3200,""top"":4114,""bottom"":4600},""time"":1729913907249},{""box"":{""left"":3722,""right"":3200,""top"":4114,""bottom"":4600},""time"":1729913907312},{""box"":{""left"":3722,""right"":3200,""top"":4114,""bottom"":4600},""time"":1729913907321},{""box"":{""left"":3722,""right"":3200,""top"":4114,""bottom"":4600},""time"":1729913907372},{""box"":{""left"":3722,""right"":3200,""top"":4114,""bottom"":4600},""time"":1729913907392},{""box"":{""left"":3722,""right"":3200,""top"":4114,""bottom"":4600},""time"":1729913907453},{""box"":{""left"":3722,""right"":3200,""top"":4114,""bottom"":4600},""time"":1729913907491},{""box"":{""left"":3722,""right"":3200,""top"":4114,""bottom"":4600},""time"":1729913907501},{""box"":{""left"":3722,""right"":3200,""top"":4114,""bottom"":4600},""time"":1729913907553},{""box"":{""left"":3722,""right"":3200,""top"":4114,""bottom"":4600},""time"":1729913907563},{""box"":{""left"":3722,""right"":3200,""top"":4114,""bottom"":4600},""time"":1729913907616},{""box"":{""left"":3722,""right"":3200,""top"":4114,""bottom"":4600},""time"":1729913907635},{""box"":{""left"":3722,""right"":3200,""top"":4114,""bottom"":4600},""time"":1729913907686},{""box"":{""left"":3722,""right"":3200,""top"":4114,""bottom"":4600},""time"":1729913907696},{""box"":{""left"":3722,""right"":3200,""top"":4114,""bottom"":4600},""time"":1729913907745},{""box"":{""left"":3722,""right"":3200,""top"":4114,""bottom"":4600},""time"":1729913907766},{""box"":{""left"":3722,""right"":3200,""top"":4114,""bottom"":4600},""time"":1729913907827},{""box"":{""left"":3722,""right"":3200,""top"":4114,""bottom"":4600},""time"":1729913907837},{""box"":{""left"":3722,""right"":3200,""top"":4114,""bottom"":4600},""time"":1729913907890},{""box"":{""left"":3722,""right"":3200,""top"":4114,""bottom"":4600},""time"":1729913907900},{""box"":{""left"":3722,""right"":3200,""top"":4114,""bottom"":4600},""time"":1729913907951},{""box"":{""left"":3722,""right"":3200,""top"":4114,""bottom"":4600},""time"":1729913907970},{""box"":{""left"":3722,""right"":3200,""top"":4114,""bottom"":4600},""time"":1729913908033},{""box"":{""left"":3722,""right"":3200,""top"":4114,""bottom"":4600},""time"":1729913908042},{""box"":{""left"":3722,""right"":3200,""top"":4114,""bottom"":4600},""time"":1729913908095},{""box"":{""left"":3722,""right"":3200,""top"":4114,""bottom"":4600},""time"":1729913908131},{""box"":{""left"":3722,""right"":3200,""top"":4114,""bottom"":4600},""time"":1729913908160},{""box"":{""left"":3722,""right"":3200,""top"":4114,""bottom"":4600},""time"":1729913908199},{""box"":{""left"":3722,""right"":3200,""top"":4114,""bottom"":4600},""time"":1729913908235},{""box"":{""left"":3722,""right"":3200,""top"":4114,""bottom"":4600},""time"":1729913908271},{""box"":{""left"":3722,""right"":3200,""top"":4114,""bottom"":4600},""time"":1729913908423},{""box"":{""left"":3722,""right"":3200,""top"":4114,""bottom"":4600},""time"":1729913908459},{""box"":{""left"":3722,""right"":3200,""top"":4114,""bottom"":4600},""time"":1729913908697},{""box"":{""left"":3722,""right"":3200,""top"":4114,""bottom"":4600},""time"":1729913908716},{""box"":{""left"":3722,""right"":3200,""top"":4114,""bottom"":4600},""time"":1729913908787},{""box"":{""left"":3722,""right"":3200,""top"":4114,""bottom"":4600},""time"":1729913908797},{""box"":{""left"":3722,""right"":3200,""top"":4114,""bottom"":4600},""time"":1729913908849},{""box"":{""left"":3722,""right"":3200,""top"":4114,""bottom"":4600},""time"":1729913908861},{""box"":{""left"":3722,""right"":3200,""top"":4114,""bottom"":4600},""time"":1729913908923},{""box"":{""left"":3722,""right"":3200,""top"":4114,""bottom"":4600},""time"":1729913909020},{""box"":{""left"":3722,""right"":3200,""top"":4114,""bottom"":4600},""time"":1729913909099},{""box"":{""left"":3722,""right"":3200,""top"":4114,""bottom"":4600},""time"":1729913909230},{""box"":{""left"":3722,""right"":3200,""top"":4114,""bottom"":4600},""time"":1729913909240},{""box"":{""left"":3722,""right"":3200,""top"":4114,""bottom"":4600},""time"":1729913909293},{""box"":{""left"":3722,""right"":3200,""top"":4114,""bottom"":4600},""time"":1729913909312},{""box"":{""left"":3722,""right"":3200,""top"":4114,""bottom"":4600},""time"":1729913909355},{""box"":{""left"":3722,""right"":3200,""top"":4114,""bottom"":4600},""time"":1729913909374},{""box"":{""left"":3722,""right"":3200,""top"":4114,""bottom"":4600},""time"":1729913909441},{""box"":{""left"":3722,""right"":3200,""top"":4114,""bottom"":4600},""time"":1729913909451},{""box"":{""left"":3722,""right"":3200,""top"":4114,""bottom"":4600},""time"":1729913909481},{""box"":{""left"":3722,""right"":3200,""top"":4114,""bottom"":4600},""time"":1729913909502},{""box"":{""left"":3722,""right"":3200,""top"":4114,""bottom"":4600},""time"":1729913909541},{""box"":{""left"":3722,""right"":3200,""top"":4114,""bottom"":4600},""time"":1729913909560},{""box"":{""left"":3722,""right"":3200,""top"":4114,""bottom"":4600},""time"":1729913909588},{""box"":{""left"":3722,""right"":3200,""top"":4114,""bottom"":4600},""time"":1729913909609},{""box"":{""left"":3722,""right"":3200,""top"":4114,""bottom"":4600},""time"":1729913909648},{""box"":{""left"":3722,""right"":3200,""top"":4114,""bottom"":4600},""time"":1729913909667},{""box"":{""left"":3722,""right"":3200,""top"":4114,""bottom"":4600},""time"":1729913909709},{""box"":{""left"":3722,""right"":3200,""top"":4114,""bottom"":4600},""time"":1729913909728},{""box"":{""left"":3722,""right"":3200,""top"":4114,""bottom"":4600},""time"":1729913909769},{""box"":{""left"":3722,""right"":3200,""top"":4114,""bottom"":4600},""time"":1729913909789},{""box"":{""left"":3722,""right"":3200,""top"":4114,""bottom"":4600},""time"":1729913909830},{""box"":{""left"":3722,""right"":3200,""top"":4114,""bottom"":4600},""time"":1729913909849},{""box"":{""left"":3722,""right"":3200,""top"":4114,""bottom"":4600},""time"":1729913909907},{""box"":{""left"":3722,""right"":3200,""top"":4114,""bottom"":4600},""time"":1729913909926},{""box"":{""left"":3722,""right"":3200,""top"":4114,""bottom"":4600},""time"":1729913909967},{""box"":{""left"":3722,""right"":3200,""top"":4114,""bottom"":4600},""time"":1729913909986},{""box"":{""left"":3722,""right"":3200,""top"":4114,""bottom"":4600},""time"":1729913910015},{""box"":{""left"":3722,""right"":3200,""top"":4114,""bottom"":4600},""time"":1729913910034},{""box"":{""left"":3722,""right"":3200,""top"":4114,""bottom"":4600},""time"":1729913910064},{""box"":{""left"":3722,""right"":3200,""top"":4114,""bottom"":4600},""time"":1729913910083},{""box"":{""left"":3722,""right"":3200,""top"":4114,""bottom"":4600},""time"":1729913910123},{""box"":{""left"":3722,""right"":3200,""top"":4114,""bottom"":4600},""time"":1729913910143},{""box"":{""left"":3722,""right"":3200,""top"":4114,""bottom"":4600},""time"":1729913910185},{""box"":{""left"":3722,""right"":3200,""top"":4114,""bottom"":4600},""time"":1729913910204},{""box"":{""left"":3722,""right"":3200,""top"":4114,""bottom"":4600},""time"":1729913910246},{""box"":{""left"":3722,""right"":3200,""top"":4114,""bottom"":4600},""time"":1729913910265},{""box"":{""left"":3722,""right"":3200,""top"":4114,""bottom"":4600},""time"":1729913910321},{""box"":{""left"":3722,""right"":3200,""top"":4114,""bottom"":4600},""time"":1729913910342},{""box"":{""left"":3722,""right"":3200,""top"":4114,""bottom"":4600},""time"":1729913910398},{""box"":{""left"":3722,""right"":3200,""top"":4114,""bottom"":4600},""time"":1729913910419},{""box"":{""left"":3722,""right"":3200,""top"":4114,""bottom"":4600},""time"":1729913910474},{""box"":{""left"":3722,""right"":3200,""top"":4114,""bottom"":4600},""time"":1729913910493},{""box"":{""left"":3722,""right"":3200,""top"":4114,""bottom"":4600},""time"":1729913910515},{""box"":{""left"":3722,""right"":3200,""top"":4114,""bottom"":4600},""time"":1729913910534},{""box"":{""left"":3722,""right"":3200,""top"":4114,""bottom"":4600},""time"":1729913910553},{""box"":{""left"":3722,""right"":3200,""top"":4114,""bottom"":4600},""time"":1729913910572},{""box"":{""left"":3722,""right"":3200,""top"":4114,""bottom"":4600},""time"":1729913910630},{""box"":{""left"":3722,""right"":3200,""top"":4114,""bottom"":4600},""time"":1729913910649},{""box"":{""left"":3722,""right"":3200,""top"":4114,""bottom"":4600},""time"":1729913910690},{""box"":{""left"":3722,""right"":3200,""top"":4114,""bottom"":4600},""time"":1729913910710},{""box"":{""left"":3722,""right"":3200,""top"":4114,""bottom"":4600},""time"":1729913910730},{""box"":{""left"":3722,""right"":3200,""top"":4114,""bottom"":4600},""time"":1729913910749},{""box"":{""left"":3722,""right"":3200,""top"":4114,""bottom"":4600},""time"":1729913910769},{""box"":{""left"":3722,""right"":3200,""top"":4114,""bottom"":4600},""time"":1729913910787},{""box"":{""left"":3722,""right"":3200,""top"":4114,""bottom"":4600},""time"":1729913910807},{""box"":{""left"":3722,""right"":3200,""top"":4114,""bottom"":4600},""time"":1729913910827},{""box"":{""left"":3722,""right"":3200,""top"":4114,""bottom"":4600},""time"":1729913910848},{""box"":{""left"":3722,""right"":3200,""top"":4114,""bottom"":4600},""time"":1729913910857},{""box"":{""left"":3722,""right"":3200,""top"":4114,""bottom"":4600},""time"":1729913910896},{""box"":{""left"":3722,""right"":3200,""top"":4114,""bottom"":4600},""time"":1729913910916},{""box"":{""left"":3722,""right"":3200,""top"":4114,""bottom"":4600},""time"":1729913910937},{""box"":{""left"":3722,""right"":3200,""top"":4114,""bottom"":4600},""time"":1729913910956},{""box"":{""left"":3722,""right"":3200,""top"":4114,""bottom"":4600},""time"":1729913910976},{""box"":{""left"":3722,""right"":3200,""top"":4114,""bottom"":4600},""time"":1729913910995},{""box"":{""left"":3722,""right"":3200,""top"":4114,""bottom"":4600},""time"":1729913911016},{""box"":{""left"":3722,""right"":3200,""top"":4114,""bottom"":4600},""time"":1729913911037},{""box"":{""left"":3722,""right"":3200,""top"":4114,""bottom"":4600},""time"":1729913911054},{""box"":{""left"":3722,""right"":3200,""top"":4114,""bottom"":4600},""time"":1729913911073},{""box"":{""left"":3722,""right"":3200,""top"":4114,""bottom"":4600},""time"":1729913911092},{""box"":{""left"":3722,""right"":3200,""top"":4114,""bottom"":4600},""time"":1729913911111},{""box"":{""left"":3722,""right"":3200,""top"":4114,""bottom"":4600},""time"":1729913911154},{""box"":{""left"":3722,""right"":3200,""top"":4114,""bottom"":4600},""time"":1729913911173},{""box"":{""left"":3722,""right"":3200,""top"":4114,""bottom"":4600},""time"":1729913911192},{""box"":{""left"":3722,""right"":3200,""top"":4114,""bottom"":4600},""time"":1729913911211},{""box"":{""left"":3722,""right"":3200,""top"":4114,""bottom"":4600},""time"":1729913911231},{""box"":{""left"":3722,""right"":3200,""top"":4114,""bottom"":4600},""time"":1729913911252},{""box"":{""left"":3722,""right"":3200,""top"":4114,""bottom"":4600},""time"":1729913911269},{""box"":{""left"":3722,""right"":3200,""top"":4114,""bottom"":4600},""time"":1729913911279},{""box"":{""left"":3722,""right"":3200,""top"":4114,""bottom"":4600},""time"":1729913911330},{""box"":{""left"":3722,""right"":3200,""top"":4114,""bottom"":4600},""time"":1729913911340},{""box"":{""left"":3722,""right"":3200,""top"":4114,""bottom"":4600},""time"":1729913911381},{""box"":{""left"":3722,""right"":3200,""top"":4114,""bottom"":4600},""time"":1729913911391},{""box"":{""left"":3722,""right"":3200,""top"":4114,""bottom"":4600},""time"":1729913911445},{""box"":{""left"":3722,""right"":3200,""top"":4114,""bottom"":4600},""time"":1729913911455},{""box"":{""left"":3722,""right"":3200,""top"":4114,""bottom"":4600},""time"":1729913911507},{""box"":{""left"":3722,""right"":3200,""top"":4114,""bottom"":4600},""time"":1729913911517},{""box"":{""left"":3722,""right"":3200,""top"":4114,""bottom"":4600},""time"":1729913911572},{""box"":{""left"":3722,""right"":3200,""top"":4114,""bottom"":4600},""time"":1729913911591},{""box"":{""left"":3722,""right"":3200,""top"":4114,""bottom"":4600},""time"":1729913911672},{""box"":{""left"":3722,""right"":3200,""top"":4114,""bottom"":4600},""time"":1729913911682}",,,,,
57119,Face,2024-10-26 12:37:41,2024-10-26 12:37:45,"{""left"":4570,""right"":5521,""top"":4914,""bottom"":5962},{""box"":{""left"":5345,""right"":6806,""top"":5728,""bottom"":7296},""time"":1729913863855},{""box"":{""left"":5442,""right"":7093,""top"":5825,""bottom"":7583},""time"":1729913864204}","25,34",male,,,
57120,Person,2024-10-26 12:37:49,2024-10-26 12:37:55,"{""left"":35,""right"":7899,""top"":1241,""bottom"":9970},{""box"":{""left"":35,""right"":7899,""top"":1241,""bottom"":9970},""time"":1729913870614},{""box"":{""left"":35,""right"":7899,""top"":1241,""bottom"":9970},""time"":1729913870834},{""box"":{""left"":35,""right"":7899,""top"":1241,""bottom"":9970},""time"":1729913871495},{""box"":{""left"":35,""right"":7899,""top"":1241,""bottom"":9970},""time"":1729913871931},{""box"":{""left"":35,""right"":7899,""top"":1241,""bottom"":9970},""time"":1729913872125},{""box"":{""left"":35,""right"":7899,""top"":1241,""bottom"":9970},""time"":1729913872328},{""box"":{""left"":35,""right"":7899,""top"":1241,""bottom"":9970},""time"":1729913872685},{""box"":{""left"":35,""right"":7899,""top"":1241,""bottom"":9970},""time"":1729913872802},{""box"":{""left"":35,""right"":7899,""top"":1241,""bottom"":9970},""time"":1729913872937},{""box"":{""left"":35,""right"":7899,""top"":1241,""bottom"":9970},""time"":1729913873051},{""box"":{""left"":35,""right"":7899,""top"":1241,""bottom"":9970},""time"":1729913873274},{""box"":{""left"":35,""right"":7899,""top"":1241,""bottom"":9970},""time"":1729913873518},{""box"":{""left"":35,""right"":7899,""top"":1241,""bottom"":9970},""time"":1729913873637},{""box"":{""left"":35,""right"":7899,""top"":1241,""bottom"":9970},""time"":1729913873893},{""box"":{""left"":35,""right"":7899,""top"":1241,""bottom"":9970},""time"":1729913874019},{""box"":{""left"":35,""right"":7899,""top"":1241,""bottom"":9970},""time"":1729913874159},{""box"":{""left"":35,""right"":7899,""top"":1241,""bottom"":9970},""time"":1729913874292},{""box"":{""left"":35,""right"":7899,""top"":1241,""bottom"":9970},""time"":1729913874412},{""box"":{""left"":35,""right"":7899,""top"":1241,""bottom"":9970},""time"":1729913874697},{""box"":{""left"":35,""right"":7899,""top"":1241,""bottom"":9970},""time"":1729913874816},{""box"":{""left"":35,""right"":7899,""top"":1241,""bottom"":9970},""time"":1729913875156},{""box"":{""left"":35,""right"":7899,""top"":1241,""bottom"":9970},""time"":1729913875475},{""box"":{""left"":35,""right"":7899,""top"":1241,""bottom"":9970},""time"":1729913875723}",,,,,
57121,Person,2024-10-26 12:37:45,2024-10-26 12:38:01,"{""left"":2019,""right"":2830,""top"":2256,""bottom"":3881},{""box"":{""left"":2019,""right"":2830,""top"":2256,""bottom"":3881},""time"":1729913873063},{""box"":{""left"":2019,""right"":2830,""top"":2256,""bottom"":3881},""time"":1729913876291},{""box"":{""left"":2019,""right"":2830,""top"":2256,""bottom"":3881},""time"":1729913877064},{""box"":{""left"":2019,""right"":2830,""top"":2256,""bottom"":3881},""time"":1729913877466},{""box"":{""left"":2019,""right"":2830,""top"":2256,""bottom"":3881},""time"":1729913877593},{""box"":{""left"":2019,""right"":2830,""top"":2256,""bottom"":3881},""time"":1729913878139},{""box"":{""left"":2019,""right"":2830,""top"":2256,""bottom"":3881},""time"":1729913878409},{""box"":{""left"":2019,""right"":2830,""top"":2256,""bottom"":3881},""time"":1729913878777},{""box"":{""left"":2019,""right"":2830,""top"":2256,""bottom"":3881},""time"":1729913878922},{""box"":{""left"":2019,""right"":2830,""top"":2256,""bottom"":3881},""time"":1729913879037},{""box"":{""left"":2019,""right"":2830,""top"":2256,""bottom"":3881},""time"":1729913879295},{""box"":{""left"":2019,""right"":2830,""top"":2256,""bottom"":3881},""time"":1729913879447},{""box"":{""left"":2019,""right"":2830,""top"":2256,""bottom"":3881},""time"":1729913879541},{""box"":{""left"":2019,""right"":2830,""top"":2256,""bottom"":3881},""time"":1729913879847},{""box"":{""left"":2019,""right"":2830,""top"":2256,""bottom"":3881},""time"":1729913879902},{""box"":{""left"":2019,""right"":2830,""top"":2256,""bottom"":3881},""time"":1729913879998},{""box"":{""left"":2019,""right"":2830,""top"":2256,""bottom"":3881},""time"":1729913880084},{""box"":{""left"":2019,""right"":2830,""top"":2256,""bottom"":3881},""time"":1729913880174},{""box"":{""left"":2019,""right"":2830,""top"":2256,""bottom"":3881},""time"":1729913880310},{""box"":{""left"":2019,""right"":2830,""top"":2256,""bottom"":3881},""time"":1729913880493},{""box"":{""left"":2019,""right"":2830,""top"":2256,""bottom"":3881},""time"":1729913880598},{""box"":{""left"":2019,""right"":2830,""top"":2256,""bottom"":3881},""time"":1729913880683},{""box"":{""left"":2019,""right"":2830,""top"":2256,""bottom"":3881},""time"":1729913880813},{""box"":{""left"":2019,""right"":2830,""top"":2256,""bottom"":3881},""time"":1729913880899},{""box"":{""left"":2019,""right"":2830,""top"":2256,""bottom"":3881},""time"":1729913880984},{""box"":{""left"":2019,""right"":2830,""top"":2256,""bottom"":3881},""time"":1729913881101},{""box"":{""left"":2019,""right"":2830,""top"":2256,""bottom"":3881},""time"":1729913881268}",,,,,
57122,Face,2024-10-26 12:37:46,2024-10-26 12:37:49,"{""left"":3810,""right"":5394,""top"":4175,""bottom"":5893},{""box"":{""left"":4115,""right"":5576,""top"":4480,""bottom"":6119},""time"":1729913869700}","25,34",female,,,
57123,Face,2024-10-26 12:37:47,2024-10-26 12:37:47,"{""left"":7035,""right"":8585,""top"":7535,""bottom"":9085}","6,12",male,,,
57126,Face,2024-10-26 12:37:54,2024-10-26 12:37:58,"{""left"":4755,""right"":5153,""top"":5103,""bottom"":5605},{""box"":{""left"":4755,""right"":5283,""top"":5103,""bottom"":5757},""time"":1729913874594},{""box"":{""left"":4848,""right"":5531,""top"":5196,""bottom"":6005},""time"":1729913875373},{""box"":{""left"":5474,""right"":6247,""top"":5836,""bottom"":6761},""time"":1729913876605}","25,34",female,,,
57128,Person,2024-10-26 12:37:58,2024-10-26 12:38:17,"{""left"":2490,""right"":6312,""top"":4049,""bottom"":9972},{""box"":{""left"":2490,""right"":6312,""top"":4049,""bottom"":9972},""time"":1729913878788},{""box"":{""left"":2490,""right"":6312,""top"":4049,""bottom"":9972},""time"":1729913878933},{""box"":{""left"":2490,""right"":6312,""top"":4049,""bottom"":9972},""time"":1729913879048},{""box"":{""left"":2490,""right"":6312,""top"":4049,""bottom"":9972},""time"":1729913879307},{""box"":{""left"":2490,""right"":6312,""top"":4049,""bottom"":9972},""time"":1729913879912},{""box"":{""left"":2490,""right"":6312,""top"":4049,""bottom"":9972},""time"":1729913880007},{""box"":{""left"":2490,""right"":6312,""top"":4049,""bottom"":9972},""time"":1729913880093},{""box"":{""left"":2490,""right"":6312,""top"":4049,""bottom"":9972},""time"":1729913880183},{""box"":{""left"":2490,""right"":6312,""top"":4049,""bottom"":9972},""time"":1729913880319},{""box"":{""left"":2490,""right"":6312,""top"":4049,""bottom"":9972},""time"":1729913880502},{""box"":{""left"":2490,""right"":6312,""top"":4049,""bottom"":9972},""time"":1729913880607},{""box"":{""left"":2490,""right"":6312,""top"":4049,""bottom"":9972},""time"":1729913880692},{""box"":{""left"":2490,""right"":6312,""top"":4049,""bottom"":9972},""time"":1729913880823},{""box"":{""left"":2490,""right"":6312,""top"":4049,""bottom"":9972},""time"":1729913880908},{""box"":{""left"":2490,""right"":6312,""top"":4049,""bottom"":9972},""time"":1729913880993},{""box"":{""left"":2490,""right"":6312,""top"":4049,""bottom"":9972},""time"":1729913881111},{""box"":{""left"":2490,""right"":6312,""top"":4049,""bottom"":9972},""time"":1729913881277},{""box"":{""left"":2490,""right"":6312,""top"":4049,""bottom"":9972},""time"":1729913881369},{""box"":{""left"":2490,""right"":6312,""top"":4049,""bottom"":9972},""time"":1729913881417},{""box"":{""left"":2490,""right"":6312,""top"":4049,""bottom"":9972},""time"":1729913881464},{""box"":{""left"":2490,""right"":6312,""top"":4049,""bottom"":9972},""time"":1729913881520},{""box"":{""left"":2490,""right"":6312,""top"":4049,""bottom"":9972},""time"":1729913881577},{""box"":{""left"":2490,""right"":6312,""top"":4049,""bottom"":9972},""time"":1729913881644},{""box"":{""left"":2490,""right"":6312,""top"":4049,""bottom"":9972},""time"":1729913881700},{""box"":{""left"":2490,""right"":6312,""top"":4049,""bottom"":9972},""time"":1729913881772},{""box"":{""left"":2490,""right"":6312,""top"":4049,""bottom"":9972},""time"":1729913881820},{""box"":{""left"":2490,""right"":6312,""top"":4049,""bottom"":9972},""time"":1729913881886},{""box"":{""left"":2490,""right"":6312,""top"":4049,""bottom"":9972},""time"":1729913881983},{""box"":{""left"":2490,""right"":6312,""top"":4049,""bottom"":9972},""time"":1729913882022},{""box"":{""left"":2490,""right"":6312,""top"":4049,""bottom"":9972},""time"":1729913882070},{""box"":{""left"":2490,""right"":6312,""top"":4049,""bottom"":9972},""time"":1729913882108},{""box"":{""left"":2490,""right"":6312,""top"":4049,""bottom"":9972},""time"":1729913882156},{""box"":{""left"":2490,""right"":6312,""top"":4049,""bottom"":9972},""time"":1729913882261},{""box"":{""left"":2490,""right"":6312,""top"":4049,""bottom"":9972},""time"":1729913882300},{""box"":{""left"":2490,""right"":6312,""top"":4049,""bottom"":9972},""time"":1729913882338},{""box"":{""left"":2490,""right"":6312,""top"":4049,""bottom"":9972},""time"":1729913882377},{""box"":{""left"":2490,""right"":6312,""top"":4049,""bottom"":9972},""time"":1729913882415},{""box"":{""left"":2490,""right"":6312,""top"":4049,""bottom"":9972},""time"":1729913882454},{""box"":{""left"":2490,""right"":6312,""top"":4049,""bottom"":9972},""time"":1729913882492},{""box"":{""left"":2490,""right"":6312,""top"":4049,""bottom"":9972},""time"":1729913882530},{""box"":{""left"":2490,""right"":6312,""top"":4049,""bottom"":9972},""time"":1729913882578},{""box"":{""left"":2490,""right"":6312,""top"":4049,""bottom"":9972},""time"":1729913882616},{""box"":{""left"":2490,""right"":6312,""top"":4049,""bottom"":9972},""time"":1729913882673},{""box"":{""left"":2490,""right"":6312,""top"":4049,""bottom"":9972},""time"":1729913882731},{""box"":{""left"":2490,""right"":6312,""top"":4049,""bottom"":9972},""time"":1729913882778},{""box"":{""left"":2490,""right"":6312,""top"":4049,""bottom"":9972},""time"":1729913882826},{""box"":{""left"":2490,""right"":6312,""top"":4049,""bottom"":9972},""time"":1729913882874},{""box"":{""left"":2490,""right"":6312,""top"":4049,""bottom"":9972},""time"":1729913882912},{""box"":{""left"":2490,""right"":6312,""top"":4049,""bottom"":9972},""time"":1729913882972},{""box"":{""left"":2490,""right"":6312,""top"":4049,""bottom"":9972},""time"":1729913883021},{""box"":{""left"":2490,""right"":6312,""top"":4049,""bottom"":9972},""time"":1729913883069},{""box"":{""left"":2490,""right"":6312,""top"":4049,""bottom"":9972},""time"":1729913883116},{""box"":{""left"":2490,""right"":6312,""top"":4049,""bottom"":9972},""time"":1729913883165},{""box"":{""left"":2490,""right"":6312,""top"":4049,""bottom"":9972},""time"":1729913883235},{""box"":{""left"":2490,""right"":6312,""top"":4049,""bottom"":9972},""time"":1729913883292},{""box"":{""left"":2490,""right"":6312,""top"":4049,""bottom"":9972},""time"":1729913883331},{""box"":{""left"":2490,""right"":6312,""top"":4049,""bottom"":9972},""time"":1729913883417},{""box"":{""left"":2490,""right"":6312,""top"":4049,""bottom"":9972},""time"":1729913883464},{""box"":{""left"":2490,""right"":6312,""top"":4049,""bottom"":9972},""time"":1729913883512},{""box"":{""left"":2490,""right"":6312,""top"":4049,""bottom"":9972},""time"":1729913883576},{""box"":{""left"":2490,""right"":6312,""top"":4049,""bottom"":9972},""time"":1729913883624},{""box"":{""left"":2490,""right"":6312,""top"":4049,""bottom"":9972},""time"":1729913883672},{""box"":{""left"":2490,""right"":6312,""top"":4049,""bottom"":9972},""time"":1729913883721},{""box"":{""left"":2490,""right"":6312,""top"":4049,""bottom"":9972},""time"":1729913883769},{""box"":{""left"":2490,""right"":6312,""top"":4049,""bottom"":9972},""time"":1729913883816},{""box"":{""left"":2490,""right"":6312,""top"":4049,""bottom"":9972},""time"":1729913883864},{""box"":{""left"":2490,""right"":6312,""top"":4049,""bottom"":9972},""time"":1729913883912},{""box"":{""left"":2490,""right"":6312,""top"":4049,""bottom"":9972},""time"":1729913883988},{""box"":{""left"":2490,""right"":6312,""top"":4049,""bottom"":9972},""time"":1729913884088},{""box"":{""left"":2490,""right"":6312,""top"":4049,""bottom"":9972},""time"":1729913884154},{""box"":{""left"":2490,""right"":6312,""top"":4049,""bottom"":9972},""time"":1729913884222},{""box"":{""left"":2490,""right"":6312,""top"":4049,""bottom"":9972},""time"":1729913884279},{""box"":{""left"":2490,""right"":6312,""top"":4049,""bottom"":9972},""time"":1729913884336},{""box"":{""left"":2490,""right"":6312,""top"":4049,""bottom"":9972},""time"":1729913884394},{""box"":{""left"":2490,""right"":6312,""top"":4049,""bottom"":9972},""time"":1729913884451},{""box"":{""left"":2490,""right"":6312,""top"":4049,""bottom"":9972},""time"":1729913884508},{""box"":{""left"":2490,""right"":6312,""top"":4049,""bottom"":9972},""time"":1729913884565},{""box"":{""left"":2490,""right"":6312,""top"":4049,""bottom"":9972},""time"":1729913884622},{""box"":{""left"":2490,""right"":6312,""top"":4049,""bottom"":9972},""time"":1729913884680},{""box"":{""left"":2490,""right"":6312,""top"":4049,""bottom"":9972},""time"":1729913884737},{""box"":{""left"":2490,""right"":6312,""top"":4049,""bottom"":9972},""time"":1729913884794},{""box"":{""left"":2490,""right"":6312,""top"":4049,""bottom"":9972},""time"":1729913884854},{""box"":{""left"":2490,""right"":6312,""top"":4049,""bottom"":9972},""time"":1729913884911},{""box"":{""left"":2490,""right"":6312,""top"":4049,""bottom"":9972},""time"":1729913885000},{""box"":{""left"":2490,""right"":6312,""top"":4049,""bottom"":9972},""time"":1729913885057},{""box"":{""left"":2490,""right"":6312,""top"":4049,""bottom"":9972},""time"":1729913885142},{""box"":{""left"":2490,""right"":6312,""top"":4049,""bottom"":9972},""time"":1729913885200},{""box"":{""left"":2490,""right"":6312,""top"":4049,""bottom"":9972},""time"":1729913885257},{""box"":{""left"":2490,""right"":6312,""top"":4049,""bottom"":9972},""time"":1729913885316},{""box"":{""left"":2490,""right"":6312,""top"":4049,""bottom"":9972},""time"":1729913885373},{""box"":{""left"":2490,""right"":6312,""top"":4049,""bottom"":9972},""time"":1729913885430},{""box"":{""left"":2490,""right"":6312,""top"":4049,""bottom"":9972},""time"":1729913885488},{""box"":{""left"":2490,""right"":6312,""top"":4049,""bottom"":9972},""time"":1729913885550},{""box"":{""left"":2490,""right"":6312,""top"":4049,""bottom"":9972},""time"":1729913885617},{""box"":{""left"":2490,""right"":6312,""top"":4049,""bottom"":9972},""time"":1729913885683},{""box"":{""left"":2490,""right"":6312,""top"":4049,""bottom"":9972},""time"":1729913885750},{""box"":{""left"":2490,""right"":6312,""top"":4049,""bottom"":9972},""time"":1729913885826},{""box"":{""left"":2490,""right"":6312,""top"":4049,""bottom"":9972},""time"":1729913885893},{""box"":{""left"":2490,""right"":6312,""top"":4049,""bottom"":9972},""time"":1729913885951},{""box"":{""left"":2490,""right"":6312,""top"":4049,""bottom"":9972},""time"":1729913886008},{""box"":{""left"":2490,""right"":6312,""top"":4049,""bottom"":9972},""time"":1729913886067},{""box"":{""left"":2490,""right"":6312,""top"":4049,""bottom"":9972},""time"":1729913886134},{""box"":{""left"":2490,""right"":6312,""top"":4049,""bottom"":9972},""time"":1729913886201},{""box"":{""left"":2490,""right"":6312,""top"":4049,""bottom"":9972},""time"":1729913886268},{""box"":{""left"":2490,""right"":6312,""top"":4049,""bottom"":9972},""time"":1729913886344},{""box"":{""left"":2490,""right"":6312,""top"":4049,""bottom"":9972},""time"":1729913886411},{""box"":{""left"":2490,""right"":6312,""top"":4049,""bottom"":9972},""time"":1729913886480},{""box"":{""left"":2490,""right"":6312,""top"":4049,""bottom"":9972},""time"":1729913886537},{""box"":{""left"":2490,""right"":6312,""top"":4049,""bottom"":9972},""time"":1729913886603},{""box"":{""left"":2490,""right"":6312,""top"":4049,""bottom"":9972},""time"":1729913886670},{""box"":{""left"":2490,""right"":6312,""top"":4049,""bottom"":9972},""time"":1729913886736},{""box"":{""left"":2490,""right"":6312,""top"":4049,""bottom"":9972},""time"":1729913886793},{""box"":{""left"":2490,""right"":6312,""top"":4049,""bottom"":9972},""time"":1729913886850},{""box"":{""left"":2490,""right"":6312,""top"":4049,""bottom"":9972},""time"":1729913886906},{""box"":{""left"":2490,""right"":6312,""top"":4049,""bottom"":9972},""time"":1729913886973},{""box"":{""left"":2490,""right"":6312,""top"":4049,""bottom"":9972},""time"":1729913887029},{""box"":{""left"":2490,""right"":6312,""top"":4049,""bottom"":9972},""time"":1729913887096},{""box"":{""left"":2490,""right"":6312,""top"":4049,""bottom"":9972},""time"":1729913887153},{""box"":{""left"":2490,""right"":6312,""top"":4049,""bottom"":9972},""time"":1729913887211},{""box"":{""left"":2490,""right"":6312,""top"":4049,""bottom"":9972},""time"":1729913887269},{""box"":{""left"":2490,""right"":6312,""top"":4049,""bottom"":9972},""time"":1729913887340},{""box"":{""left"":2490,""right"":6312,""top"":4049,""bottom"":9972},""time"":1729913887427},{""box"":{""left"":2490,""right"":6312,""top"":4049,""bottom"":9972},""time"":1729913887498},{""box"":{""left"":2490,""right"":6312,""top"":4049,""bottom"":9972},""time"":1729913887574},{""box"":{""left"":2490,""right"":6312,""top"":4049,""bottom"":9972},""time"":1729913887641},{""box"":{""left"":2490,""right"":6312,""top"":4049,""bottom"":9972},""time"":1729913887707},{""box"":{""left"":2490,""right"":6312,""top"":4049,""bottom"":9972},""time"":1729913887773},{""box"":{""left"":2490,""right"":6312,""top"":4049,""bottom"":9972},""time"":1729913887840},{""box"":{""left"":2490,""right"":6312,""top"":4049,""bottom"":9972},""time"":1729913887905},{""box"":{""left"":2490,""right"":6312,""top"":4049,""bottom"":9972},""time"":1729913887972},{""box"":{""left"":2490,""right"":6312,""top"":4049,""bottom"":9972},""time"":1729913888038},{""box"":{""left"":2490,""right"":6312,""top"":4049,""bottom"":9972},""time"":1729913888104},{""box"":{""left"":2490,""right"":6312,""top"":4049,""bottom"":9972},""time"":1729913888161},{""box"":{""left"":2490,""right"":6312,""top"":4049,""bottom"":9972},""time"":1729913888227},{""box"":{""left"":2490,""right"":6312,""top"":4049,""bottom"":9972},""time"":1729913888299},{""box"":{""left"":2490,""right"":6312,""top"":4049,""bottom"":9972},""time"":1729913888371},{""box"":{""left"":2490,""right"":6312,""top"":4049,""bottom"":9972},""time"":1729913888443},{""box"":{""left"":2490,""right"":6312,""top"":4049,""bottom"":9972},""time"":1729913888514},{""box"":{""left"":2490,""right"":6312,""top"":4049,""bottom"":9972},""time"":1729913888586},{""box"":{""left"":2490,""right"":6312,""top"":4049,""bottom"":9972},""time"":1729913888658},{""box"":{""left"":2490,""right"":6312,""top"":4049,""bottom"":9972},""time"":1729913888729},{""box"":{""left"":2490,""right"":6312,""top"":4049,""bottom"":9972},""time"":1729913888801},{""box"":{""left"":2490,""right"":6312,""top"":4049,""bottom"":9972},""time"":1729913888939},{""box"":{""left"":2490,""right"":6312,""top"":4049,""bottom"":9972},""time"":1729913889011},{""box"":{""left"":2490,""right"":6312,""top"":4049,""bottom"":9972},""time"":1729913889094},{""box"":{""left"":2490,""right"":6312,""top"":4049,""bottom"":9972},""time"":1729913889166},{""box"":{""left"":2490,""right"":6312,""top"":4049,""bottom"":9972},""time"":1729913889238},{""box"":{""left"":2490,""right"":6312,""top"":4049,""bottom"":9972},""time"":1729913889310},{""box"":{""left"":2490,""right"":6312,""top"":4049,""bottom"":9972},""time"":1729913889382},{""box"":{""left"":2490,""right"":6312,""top"":4049,""bottom"":9972},""time"":1729913889467},{""box"":{""left"":2490,""right"":6312,""top"":4049,""bottom"":9972},""time"":1729913889539},{""box"":{""left"":2490,""right"":6312,""top"":4049,""bottom"":9972},""time"":1729913889639},{""box"":{""left"":2490,""right"":6312,""top"":4049,""bottom"":9972},""time"":1729913889743},{""box"":{""left"":2490,""right"":6312,""top"":4049,""bottom"":9972},""time"":1729913889786},{""box"":{""left"":2490,""right"":6312,""top"":4049,""bottom"":9972},""time"":1729913889825},{""box"":{""left"":2490,""right"":6312,""top"":4049,""bottom"":9972},""time"":1729913889878},{""box"":{""left"":2490,""right"":6312,""top"":4049,""bottom"":9972},""time"":1729913889916},{""box"":{""left"":2490,""right"":6312,""top"":4049,""bottom"":9972},""time"":1729913890089},{""box"":{""left"":2490,""right"":6312,""top"":4049,""bottom"":9972},""time"":1729913890126},{""box"":{""left"":2490,""right"":6312,""top"":4049,""bottom"":9972},""time"":1729913890160},{""box"":{""left"":2490,""right"":6312,""top"":4049,""bottom"":9972},""time"":1729913890198},{""box"":{""left"":2490,""right"":6312,""top"":4049,""bottom"":9972},""time"":1729913890232},{""box"":{""left"":2490,""right"":6312,""top"":4049,""bottom"":9972},""time"":1729913890270},{""box"":{""left"":2490,""right"":6312,""top"":4049,""bottom"":9972},""time"":1729913890304},{""box"":{""left"":2490,""right"":6312,""top"":4049,""bottom"":9972},""time"":1729913890342},{""box"":{""left"":2490,""right"":6312,""top"":4049,""bottom"":9972},""time"":1729913890375},{""box"":{""left"":2490,""right"":6312,""top"":4049,""bottom"":9972},""time"":1729913890414},{""box"":{""left"":2490,""right"":6312,""top"":4049,""bottom"":9972},""time"":1729913890447},{""box"":{""left"":2490,""right"":6312,""top"":4049,""bottom"":9972},""time"":1729913890486},{""box"":{""left"":2490,""right"":6312,""top"":4049,""bottom"":9972},""time"":1729913890520},{""box"":{""left"":2490,""right"":6312,""top"":4049,""bottom"":9972},""time"":1729913890557},{""box"":{""left"":2490,""right"":6312,""top"":4049,""bottom"":9972},""time"":1729913890620},{""box"":{""left"":2490,""right"":6312,""top"":4049,""bottom"":9972},""time"":1729913890659},{""box"":{""left"":2490,""right"":6312,""top"":4049,""bottom"":9972},""time"":1729913890697},{""box"":{""left"":2490,""right"":6312,""top"":4049,""bottom"":9972},""time"":1729913890730},{""box"":{""left"":2490,""right"":6312,""top"":4049,""bottom"":9972},""time"":1729913890768},{""box"":{""left"":2490,""right"":6312,""top"":4049,""bottom"":9972},""time"":1729913890802},{""box"":{""left"":2490,""right"":6312,""top"":4049,""bottom"":9972},""time"":1729913890840},{""box"":{""left"":2490,""right"":6312,""top"":4049,""bottom"":9972},""time"":1729913890913},{""box"":{""left"":2490,""right"":6312,""top"":4049,""bottom"":9972},""time"":1729913890933},{""box"":{""left"":2490,""right"":6312,""top"":4049,""bottom"":9972},""time"":1729913890972},{""box"":{""left"":2490,""right"":6312,""top"":4049,""bottom"":9972},""time"":1729913891064},{""box"":{""left"":2490,""right"":6312,""top"":4049,""bottom"":9972},""time"":1729913891184},{""box"":{""left"":2490,""right"":6312,""top"":4049,""bottom"":9972},""time"":1729913891213},{""box"":{""left"":2490,""right"":6312,""top"":4049,""bottom"":9972},""time"":1729913891252},{""box"":{""left"":2490,""right"":6312,""top"":4049,""bottom"":9972},""time"":1729913891295},{""box"":{""left"":2490,""right"":6312,""top"":4049,""bottom"":9972},""time"":1729913891333},{""box"":{""left"":2490,""right"":6312,""top"":4049,""bottom"":9972},""time"":1729913891405},{""box"":{""left"":2490,""right"":6312,""top"":4049,""bottom"":9972},""time"":1729913891443},{""box"":{""left"":2490,""right"":6312,""top"":4049,""bottom"":9972},""time"":1729913891618},{""box"":{""left"":2490,""right"":6312,""top"":4049,""bottom"":9972},""time"":1729913891700},{""box"":{""left"":2490,""right"":6312,""top"":4049,""bottom"":9972},""time"":1729913891738},{""box"":{""left"":2490,""right"":6312,""top"":4049,""bottom"":9972},""time"":1729913891811},{""box"":{""left"":2490,""right"":6312,""top"":4049,""bottom"":9972},""time"":1729913891849},{""box"":{""left"":2490,""right"":6312,""top"":4049,""bottom"":9972},""time"":1729913891959},{""box"":{""left"":2490,""right"":6312,""top"":4049,""bottom"":9972},""time"":1729913892028},{""box"":{""left"":2490,""right"":6312,""top"":4049,""bottom"":9972},""time"":1729913892090},{""box"":{""left"":2490,""right"":6312,""top"":4049,""bottom"":9972},""time"":1729913892130},{""box"":{""left"":2490,""right"":6312,""top"":4049,""bottom"":9972},""time"":1729913892207},{""box"":{""left"":2490,""right"":6312,""top"":4049,""bottom"":9972},""time"":1729913892246},{""box"":{""left"":2490,""right"":6312,""top"":4049,""bottom"":9972},""time"":1729913892290},{""box"":{""left"":2490,""right"":6312,""top"":4049,""bottom"":9972},""time"":1729913892327},{""box"":{""left"":2490,""right"":6312,""top"":4049,""bottom"":9972},""time"":1729913892409},{""box"":{""left"":2490,""right"":6312,""top"":4049,""bottom"":9972},""time"":1729913892440},{""box"":{""left"":2490,""right"":6312,""top"":4049,""bottom"":9972},""time"":1729913892478},{""box"":{""left"":2490,""right"":6312,""top"":4049,""bottom"":9972},""time"":1729913892521},{""box"":{""left"":2490,""right"":6312,""top"":4049,""bottom"":9972},""time"":1729913892559},{""box"":{""left"":2490,""right"":6312,""top"":4049,""bottom"":9972},""time"":1729913892597},{""box"":{""left"":2490,""right"":6312,""top"":4049,""bottom"":9972},""time"":1729913892636},{""box"":{""left"":2490,""right"":6312,""top"":4049,""bottom"":9972},""time"":1729913892683},{""box"":{""left"":2490,""right"":6312,""top"":4049,""bottom"":9972},""time"":1729913892722},{""box"":{""left"":2490,""right"":6312,""top"":4049,""bottom"":9972},""time"":1729913892759},{""box"":{""left"":2490,""right"":6312,""top"":4049,""bottom"":9972},""time"":1729913892797},{""box"":{""left"":2490,""right"":6312,""top"":4049,""bottom"":9972},""time"":1729913892835},{""box"":{""left"":2490,""right"":6312,""top"":4049,""bottom"":9972},""time"":1729913892873},{""box"":{""left"":2490,""right"":6312,""top"":4049,""bottom"":9972},""time"":1729913892911},{""box"":{""left"":2490,""right"":6312,""top"":4049,""bottom"":9972},""time"":1729913892950},{""box"":{""left"":2490,""right"":6312,""top"":4049,""bottom"":9972},""time"":1729913892988},{""box"":{""left"":2490,""right"":6312,""top"":4049,""bottom"":9972},""time"":1729913893027},{""box"":{""left"":2490,""right"":6312,""top"":4049,""bottom"":9972},""time"":1729913893065},{""box"":{""left"":2490,""right"":6312,""top"":4049,""bottom"":9972},""time"":1729913893102},{""box"":{""left"":2490,""right"":6312,""top"":4049,""bottom"":9972},""time"":1729913893140},{""box"":{""left"":2490,""right"":6312,""top"":4049,""bottom"":9972},""time"":1729913893178},{""box"":{""left"":2490,""right"":6312,""top"":4049,""bottom"":9972},""time"":1729913893216},{""box"":{""left"":2490,""right"":6312,""top"":4049,""bottom"":9972},""time"":1729913893255},{""box"":{""left"":2490,""right"":6312,""top"":4049,""bottom"":9972},""time"":1729913893293},{""box"":{""left"":2490,""right"":6312,""top"":4049,""bottom"":9972},""time"":1729913893331},{""box"":{""left"":2490,""right"":6312,""top"":4049,""bottom"":9972},""time"":1729913893387},{""box"":{""left"":2490,""right"":6312,""top"":4049,""bottom"":9972},""time"":1729913893418},{""box"":{""left"":2490,""right"":6312,""top"":4049,""bottom"":9972},""time"":1729913893446},{""box"":{""left"":2490,""right"":6312,""top"":4049,""bottom"":9972},""time"":1729913893484},{""box"":{""left"":2490,""right"":6312,""top"":4049,""bottom"":9972},""time"":1729913893524},{""box"":{""left"":2490,""right"":6312,""top"":4049,""bottom"":9972},""time"":1729913893562},{""box"":{""left"":2490,""right"":6312,""top"":4049,""bottom"":9972},""time"":1729913893601},{""box"":{""left"":2490,""right"":6312,""top"":4049,""bottom"":9972},""time"":1729913893640},{""box"":{""left"":2490,""right"":6312,""top"":4049,""bottom"":9972},""time"":1729913893679},{""box"":{""left"":2490,""right"":6312,""top"":4049,""bottom"":9972},""time"":1729913893717},{""box"":{""left"":2490,""right"":6312,""top"":4049,""bottom"":9972},""time"":1729913893757},{""box"":{""left"":2490,""right"":6312,""top"":4049,""bottom"":9972},""time"":1729913893794},{""box"":{""left"":2490,""right"":6312,""top"":4049,""bottom"":9972},""time"":1729913893833},{""box"":{""left"":2490,""right"":6312,""top"":4049,""bottom"":9972},""time"":1729913893872},{""box"":{""left"":2490,""right"":6312,""top"":4049,""bottom"":9972},""time"":1729913893911},{""box"":{""left"":2490,""right"":6312,""top"":4049,""bottom"":9972},""time"":1729913893949},{""box"":{""left"":2490,""right"":6312,""top"":4049,""bottom"":9972},""time"":1729913893998},{""box"":{""left"":2490,""right"":6312,""top"":4049,""bottom"":9972},""time"":1729913894036},{""box"":{""left"":2490,""right"":6312,""top"":4049,""bottom"":9972},""time"":1729913894122},{""box"":{""left"":2490,""right"":6312,""top"":4049,""bottom"":9972},""time"":1729913894161},{""box"":{""left"":2490,""right"":6312,""top"":4049,""bottom"":9972},""time"":1729913894200},{""box"":{""left"":2490,""right"":6312,""top"":4049,""bottom"":9972},""time"":1729913894238},{""box"":{""left"":2490,""right"":6312,""top"":4049,""bottom"":9972},""time"":1729913894278},{""box"":{""left"":2490,""right"":6312,""top"":4049,""bottom"":9972},""time"":1729913894316},{""box"":{""left"":2490,""right"":6312,""top"":4049,""bottom"":9972},""time"":1729913894380},{""box"":{""left"":2490,""right"":6312,""top"":4049,""bottom"":9972},""time"":1729913894409},{""box"":{""left"":2490,""right"":6312,""top"":4049,""bottom"":9972},""time"":1729913894443},{""box"":{""left"":2490,""right"":6312,""top"":4049,""bottom"":9972},""time"":1729913894480},{""box"":{""left"":2490,""right"":6312,""top"":4049,""bottom"":9972},""time"":1729913894547},{""box"":{""left"":2490,""right"":6312,""top"":4049,""bottom"":9972},""time"":1729913894585},{""box"":{""left"":2490,""right"":6312,""top"":4049,""bottom"":9972},""time"":1729913894676},{""box"":{""left"":2490,""right"":6312,""top"":4049,""bottom"":9972},""time"":1729913894705},{""box"":{""left"":2490,""right"":6312,""top"":4049,""bottom"":9972},""time"":1729913894763},{""box"":{""left"":2490,""right"":6312,""top"":4049,""bottom"":9972},""time"":1729913894802},{""box"":{""left"":2490,""right"":6312,""top"":4049,""bottom"":9972},""time"":1729913894841},{""box"":{""left"":2490,""right"":6312,""top"":4049,""bottom"":9972},""time"":1729913894880},{""box"":{""left"":2490,""right"":6312,""top"":4049,""bottom"":9972},""time"":1729913894919},{""box"":{""left"":2490,""right"":6312,""top"":4049,""bottom"":9972},""time"":1729913894957},{""box"":{""left"":2490,""right"":6312,""top"":4049,""bottom"":9972},""time"":1729913894990},{""box"":{""left"":2490,""right"":6312,""top"":4049,""bottom"":9972},""time"":1729913895028},{""box"":{""left"":2490,""right"":6312,""top"":4049,""bottom"":9972},""time"":1729913895067},{""box"":{""left"":2490,""right"":6312,""top"":4049,""bottom"":9972},""time"":1729913895106},{""box"":{""left"":2490,""right"":6312,""top"":4049,""bottom"":9972},""time"":1729913895145},{""box"":{""left"":2490,""right"":6312,""top"":4049,""bottom"":9972},""time"":1729913895184},{""box"":{""left"":2490,""right"":6312,""top"":4049,""bottom"":9972},""time"":1729913895223},{""box"":{""left"":2490,""right"":6312,""top"":4049,""bottom"":9972},""time"":1729913895262},{""box"":{""left"":2490,""right"":6312,""top"":4049,""bottom"":9972},""time"":1729913895302},{""box"":{""left"":2490,""right"":6312,""top"":4049,""bottom"":9972},""time"":1729913895342},{""box"":{""left"":2490,""right"":6312,""top"":4049,""bottom"":9972},""time"":1729913895379},{""box"":{""left"":2490,""right"":6312,""top"":4049,""bottom"":9972},""time"":1729913895418},{""box"":{""left"":2490,""right"":6312,""top"":4049,""bottom"":9972},""time"":1729913895456},{""box"":{""left"":2490,""right"":6312,""top"":4049,""bottom"":9972},""time"":1729913895495},{""box"":{""left"":2490,""right"":6312,""top"":4049,""bottom"":9972},""time"":1729913895534},{""box"":{""left"":2490,""right"":6312,""top"":4049,""bottom"":9972},""time"":1729913895573},{""box"":{""left"":2490,""right"":6312,""top"":4049,""bottom"":9972},""time"":1729913895612},{""box"":{""left"":2490,""right"":6312,""top"":4049,""bottom"":9972},""time"":1729913895650},{""box"":{""left"":2490,""right"":6312,""top"":4049,""bottom"":9972},""time"":1729913895690},{""box"":{""left"":2490,""right"":6312,""top"":4049,""bottom"":9972},""time"":1729913895727},{""box"":{""left"":2490,""right"":6312,""top"":4049,""bottom"":9972},""time"":1729913895777},{""box"":{""left"":2490,""right"":6312,""top"":4049,""bottom"":9972},""time"":1729913895815},{""box"":{""left"":2490,""right"":6312,""top"":4049,""bottom"":9972},""time"":1729913895920},{""box"":{""left"":2490,""right"":6312,""top"":4049,""bottom"":9972},""time"":1729913895959},{""box"":{""left"":2490,""right"":6312,""top"":4049,""bottom"":9972},""time"":1729913895998},{""box"":{""left"":2490,""right"":6312,""top"":4049,""bottom"":9972},""time"":1729913896037},{""box"":{""left"":2490,""right"":6312,""top"":4049,""bottom"":9972},""time"":1729913896076},{""box"":{""left"":2490,""right"":6312,""top"":4049,""bottom"":9972},""time"":1729913896114},{""box"":{""left"":2490,""right"":6312,""top"":4049,""bottom"":9972},""time"":1729913896275},{""box"":{""left"":2490,""right"":6312,""top"":4049,""bottom"":9972},""time"":1729913896299},{""box"":{""left"":2490,""right"":6312,""top"":4049,""bottom"":9972},""time"":1729913896339},{""box"":{""left"":2490,""right"":6312,""top"":4049,""bottom"":9972},""time"":1729913896395},{""box"":{""left"":2490,""right"":6312,""top"":4049,""bottom"":9972},""time"":1729913896434},{""box"":{""left"":2490,""right"":6312,""top"":4049,""bottom"":9972},""time"":1729913896483},{""box"":{""left"":2490,""right"":6312,""top"":4049,""bottom"":9972},""time"":1729913896522},{""box"":{""left"":2490,""right"":6312,""top"":4049,""bottom"":9972},""time"":1729913896577},{""box"":{""left"":2490,""right"":6312,""top"":4049,""bottom"":9972},""time"":1729913896616},{""box"":{""left"":2490,""right"":6312,""top"":4049,""bottom"":9972},""time"":1729913897172},{""box"":{""left"":2490,""right"":6312,""top"":4049,""bottom"":9972},""time"":1729913897252},{""box"":{""left"":2490,""right"":6312,""top"":4049,""bottom"":9972},""time"":1729913897349},{""box"":{""left"":2490,""right"":6312,""top"":4049,""bottom"":9972},""time"":1729913897415},{""box"":{""left"":2490,""right"":6312,""top"":4049,""bottom"":9972},""time"":1729913897454},{""box"":{""left"":2490,""right"":6312,""top"":4049,""bottom"":9972},""time"":1729913897516},{""box"":{""left"":2490,""right"":6312,""top"":4049,""bottom"":9972},""time"":1729913897598},{""box"":{""left"":2490,""right"":6312,""top"":4049,""bottom"":9972},""time"":1729913897760},{""box"":{""left"":2490,""right"":6312,""top"":4049,""bottom"":9972},""time"":1729913897858}",,,,,
57129,Face,2024-10-26 12:37:56,2024-10-26 12:37:56,"{""left"":7264,""right"":8838,""top"":7708,""bottom"":9499},{""box"":{""left"":7861,""right"":9340,""top"":8325,""bottom"":9997},""time"":1729913876962}","18,24",male,,,
57130,Face,2024-10-26 12:37:55,2024-10-26 12:37:55,"{""left"":6468,""right"":5769,""top"":6815,""bottom"":6238}","13,17",female,,,
57132,Face,2024-10-26 12:37:59,2024-10-26 12:38:00,"{""left"":8283,""right"":8510,""top"":8649,""bottom"":8973},{""box"":{""left"":8578,""right"":9142,""top"":8944,""bottom"":9600},""time"":1729913880017}","6,12",female,,,
57133,Face,2024-10-26 12:37:59,2024-10-26 12:38:00,"{""left"":7209,""right"":9045,""top"":7623,""bottom"":9612},{""box"":{""left"":7257,""right"":9247,""top"":7671,""bottom"":9814},""time"":1729913879940}","13,17",female,,,
57134,Person,2024-10-26 12:38:00,2024-10-26 12:38:01,"{""left"":8587,""right"":4049,""top"":9287,""bottom"":7715},{""box"":{""left"":8587,""right"":4049,""top"":9287,""bottom"":7715},""time"":1729913880328},{""box"":{""left"":8587,""right"":4049,""top"":9287,""bottom"":7715},""time"":1729913880512},{""box"":{""left"":8587,""right"":4049,""top"":9287,""bottom"":7715},""time"":1729913880616},{""box"":{""left"":8587,""right"":4049,""top"":9287,""bottom"":7715},""time"":1729913880701},{""box"":{""left"":8587,""right"":4049,""top"":9287,""bottom"":7715},""time"":1729913880832},{""box"":{""left"":8587,""right"":4049,""top"":9287,""bottom"":7715},""time"":1729913880917},{""box"":{""left"":8587,""right"":4049,""top"":9287,""bottom"":7715},""time"":1729913881002},{""box"":{""left"":8587,""right"":4049,""top"":9287,""bottom"":7715},""time"":1729913881120},{""box"":{""left"":8587,""right"":4049,""top"":9287,""bottom"":7715},""time"":1729913881286},{""box"":{""left"":8587,""right"":4049,""top"":9287,""bottom"":7715},""time"":1729913881473},{""box"":{""left"":8587,""right"":4049,""top"":9287,""bottom"":7715},""time"":1729913881530},{""box"":{""left"":8587,""right"":4049,""top"":9287,""bottom"":7715},""time"":1729913881587},{""box"":{""left"":8587,""right"":4049,""top"":9287,""bottom"":7715},""time"":1729913881653},{""box"":{""left"":8587,""right"":4049,""top"":9287,""bottom"":7715},""time"":1729913881709},{""box"":{""left"":8587,""right"":4049,""top"":9287,""bottom"":7715},""time"":1729913881781}",,,,,
57135,Person,2024-10-26 12:38:03,2024-10-26 12:38:07,"{""left"":6393,""right"":2651,""top"":6681,""bottom"":4057},{""box"":{""left"":6393,""right"":2651,""top"":6681,""bottom"":4057},""time"":1729913884097},{""box"":{""left"":6393,""right"":2651,""top"":6681,""bottom"":4057},""time"":1729913884164},{""box"":{""left"":6393,""right"":2651,""top"":6681,""bottom"":4057},""time"":1729913884231},{""box"":{""left"":6393,""right"":2651,""top"":6681,""bottom"":4057},""time"":1729913884288},{""box"":{""left"":6393,""right"":2651,""top"":6681,""bottom"":4057},""time"":1729913884345},{""box"":{""left"":6393,""right"":2651,""top"":6681,""bottom"":4057},""time"":1729913884403},{""box"":{""left"":6393,""right"":2651,""top"":6681,""bottom"":4057},""time"":1729913884460},{""box"":{""left"":6393,""right"":2651,""top"":6681,""bottom"":4057},""time"":1729913884517},{""box"":{""left"":6393,""right"":2651,""top"":6681,""bottom"":4057},""time"":1729913884574},{""box"":{""left"":6393,""right"":2651,""top"":6681,""bottom"":4057},""time"":1729913884632},{""box"":{""left"":6393,""right"":2651,""top"":6681,""bottom"":4057},""time"":1729913884689},{""box"":{""left"":6393,""right"":2651,""top"":6681,""bottom"":4057},""time"":1729913884746},{""box"":{""left"":6393,""right"":2651,""top"":6681,""bottom"":4057},""time"":1729913884803},{""box"":{""left"":6393,""right"":2651,""top"":6681,""bottom"":4057},""time"":1729913884863},{""box"":{""left"":6393,""right"":2651,""top"":6681,""bottom"":4057},""time"":1729913884920},{""box"":{""left"":6393,""right"":2651,""top"":6681,""bottom"":4057},""time"":1729913885010},{""box"":{""left"":6393,""right"":2651,""top"":6681,""bottom"":4057},""time"":1729913885067},{""box"":{""left"":6393,""right"":2651,""top"":6681,""bottom"":4057},""time"":1729913885152},{""box"":{""left"":6393,""right"":2651,""top"":6681,""bottom"":4057},""time"":1729913885209},{""box"":{""left"":6393,""right"":2651,""top"":6681,""bottom"":4057},""time"":1729913885266},{""box"":{""left"":6393,""right"":2651,""top"":6681,""bottom"":4057},""time"":1729913885326},{""box"":{""left"":6393,""right"":2651,""top"":6681,""bottom"":4057},""time"":1729913885383},{""box"":{""left"":6393,""right"":2651,""top"":6681,""bottom"":4057},""time"":1729913885440},{""box"":{""left"":6393,""right"":2651,""top"":6681,""bottom"":4057},""time"":1729913885497},{""box"":{""left"":6393,""right"":2651,""top"":6681,""bottom"":4057},""time"":1729913885559},{""box"":{""left"":6393,""right"":2651,""top"":6681,""bottom"":4057},""time"":1729913885626},{""box"":{""left"":6393,""right"":2651,""top"":6681,""bottom"":4057},""time"":1729913885692},{""box"":{""left"":6393,""right"":2651,""top"":6681,""bottom"":4057},""time"":1729913885759},{""box"":{""left"":6393,""right"":2651,""top"":6681,""bottom"":4057},""time"":1729913885835},{""box"":{""left"":6393,""right"":2651,""top"":6681,""bottom"":4057},""time"":1729913885903},{""box"":{""left"":6393,""right"":2651,""top"":6681,""bottom"":4057},""time"":1729913885961},{""box"":{""left"":6393,""right"":2651,""top"":6681,""bottom"":4057},""time"":1729913886020},{""box"":{""left"":6393,""right"":2651,""top"":6681,""bottom"":4057},""time"":1729913886077},{""box"":{""left"":6393,""right"":2651,""top"":6681,""bottom"":4057},""time"":1729913886144},{""box"":{""left"":6393,""right"":2651,""top"":6681,""bottom"":4057},""time"":1729913886210},{""box"":{""left"":6393,""right"":2651,""top"":6681,""bottom"":4057},""time"":1729913886277},{""box"":{""left"":6393,""right"":2651,""top"":6681,""bottom"":4057},""time"":1729913886353},{""box"":{""left"":6393,""right"":2651,""top"":6681,""bottom"":4057},""time"":1729913886420},{""box"":{""left"":6393,""right"":2651,""top"":6681,""bottom"":4057},""time"":1729913886489},{""box"":{""left"":6393,""right"":2651,""top"":6681,""bottom"":4057},""time"":1729913886546},{""box"":{""left"":6393,""right"":2651,""top"":6681,""bottom"":4057},""time"":1729913886613},{""box"":{""left"":6393,""right"":2651,""top"":6681,""bottom"":4057},""time"":1729913886679},{""box"":{""left"":6393,""right"":2651,""top"":6681,""bottom"":4057},""time"":1729913886745},{""box"":{""left"":6393,""right"":2651,""top"":6681,""bottom"":4057},""time"":1729913886802},{""box"":{""left"":6393,""right"":2651,""top"":6681,""bottom"":4057},""time"":1729913886859},{""box"":{""left"":6393,""right"":2651,""top"":6681,""bottom"":4057},""time"":1729913886915},{""box"":{""left"":6393,""right"":2651,""top"":6681,""bottom"":4057},""time"":1729913887039}",,,,,
57136,Person,2024-10-26 12:38:05,2024-10-26 12:38:20,"{""left"":6206,""right"":2770,""top"":6575,""bottom"":4760},{""box"":{""left"":6206,""right"":2770,""top"":6575,""bottom"":4760},""time"":1729913885702},{""box"":{""left"":6206,""right"":2770,""top"":6575,""bottom"":4760},""time"":1729913885768},{""box"":{""left"":6206,""right"":2770,""top"":6575,""bottom"":4760},""time"":1729913885970},{""box"":{""left"":6206,""right"":2770,""top"":6575,""bottom"":4760},""time"":1729913886029},{""box"":{""left"":6206,""right"":2770,""top"":6575,""bottom"":4760},""time"":1729913886086},{""box"":{""left"":6206,""right"":2770,""top"":6575,""bottom"":4760},""time"":1729913886153},{""box"":{""left"":6206,""right"":2770,""top"":6575,""bottom"":4760},""time"":1729913886219},{""box"":{""left"":6206,""right"":2770,""top"":6575,""bottom"":4760},""time"":1729913886286},{""box"":{""left"":6206,""right"":2770,""top"":6575,""bottom"":4760},""time"":1729913886363},{""box"":{""left"":6206,""right"":2770,""top"":6575,""bottom"":4760},""time"":1729913886429},{""box"":{""left"":6206,""right"":2770,""top"":6575,""bottom"":4760},""time"":1729913886498},{""box"":{""left"":6206,""right"":2770,""top"":6575,""bottom"":4760},""time"":1729913886555},{""box"":{""left"":6206,""right"":2770,""top"":6575,""bottom"":4760},""time"":1729913886622},{""box"":{""left"":6206,""right"":2770,""top"":6575,""bottom"":4760},""time"":1729913886688},{""box"":{""left"":6206,""right"":2770,""top"":6575,""bottom"":4760},""time"":1729913886755},{""box"":{""left"":6206,""right"":2770,""top"":6575,""bottom"":4760},""time"":1729913886811},{""box"":{""left"":6206,""right"":2770,""top"":6575,""bottom"":4760},""time"":1729913886868},{""box"":{""left"":6206,""right"":2770,""top"":6575,""bottom"":4760},""time"":1729913886925},{""box"":{""left"":6206,""right"":2770,""top"":6575,""bottom"":4760},""time"":1729913886982},{""box"":{""left"":6206,""right"":2770,""top"":6575,""bottom"":4760},""time"":1729913887049},{""box"":{""left"":6206,""right"":2770,""top"":6575,""bottom"":4760},""time"":1729913887105},{""box"":{""left"":6206,""right"":2770,""top"":6575,""bottom"":4760},""time"":1729913887162},{""box"":{""left"":6206,""right"":2770,""top"":6575,""bottom"":4760},""time"":1729913887221},{""box"":{""left"":6206,""right"":2770,""top"":6575,""bottom"":4760},""time"":1729913887278},{""box"":{""left"":6206,""right"":2770,""top"":6575,""bottom"":4760},""time"":1729913887349},{""box"":{""left"":6206,""right"":2770,""top"":6575,""bottom"":4760},""time"":1729913887436},{""box"":{""left"":6206,""right"":2770,""top"":6575,""bottom"":4760},""time"":1729913887508},{""box"":{""left"":6206,""right"":2770,""top"":6575,""bottom"":4760},""time"":1729913887584},{""box"":{""left"":6206,""right"":2770,""top"":6575,""bottom"":4760},""time"":1729913887650},{""box"":{""left"":6206,""right"":2770,""top"":6575,""bottom"":4760},""time"":1729913887716},{""box"":{""left"":6206,""right"":2770,""top"":6575,""bottom"":4760},""time"":1729913887782},{""box"":{""left"":6206,""right"":2770,""top"":6575,""bottom"":4760},""time"":1729913887849},{""box"":{""left"":6206,""right"":2770,""top"":6575,""bottom"":4760},""time"":1729913887915},{""box"":{""left"":6206,""right"":2770,""top"":6575,""bottom"":4760},""time"":1729913887981},{""box"":{""left"":6206,""right"":2770,""top"":6575,""bottom"":4760},""time"":1729913888048},{""box"":{""left"":6206,""right"":2770,""top"":6575,""bottom"":4760},""time"":1729913888113},{""box"":{""left"":6206,""right"":2770,""top"":6575,""bottom"":4760},""time"":1729913888170},{""box"":{""left"":6206,""right"":2770,""top"":6575,""bottom"":4760},""time"":1729913888237},{""box"":{""left"":6206,""right"":2770,""top"":6575,""bottom"":4760},""time"":1729913888309},{""box"":{""left"":6206,""right"":2770,""top"":6575,""bottom"":4760},""time"":1729913888380},{""box"":{""left"":6206,""right"":2770,""top"":6575,""bottom"":4760},""time"":1729913888452},{""box"":{""left"":6206,""right"":2770,""top"":6575,""bottom"":4760},""time"":1729913888524},{""box"":{""left"":6206,""right"":2770,""top"":6575,""bottom"":4760},""time"":1729913888595},{""box"":{""left"":6206,""right"":2770,""top"":6575,""bottom"":4760},""time"":1729913888667},{""box"":{""left"":6206,""right"":2770,""top"":6575,""bottom"":4760},""time"":1729913888739},{""box"":{""left"":6206,""right"":2770,""top"":6575,""bottom"":4760},""time"":1729913888810},{""box"":{""left"":6206,""right"":2770,""top"":6575,""bottom"":4760},""time"":1729913888949},{""box"":{""left"":6206,""right"":2770,""top"":6575,""bottom"":4760},""time"":1729913889021},{""box"":{""left"":6206,""right"":2770,""top"":6575,""bottom"":4760},""time"":1729913889103},{""box"":{""left"":6206,""right"":2770,""top"":6575,""bottom"":4760},""time"":1729913889176},{""box"":{""left"":6206,""right"":2770,""top"":6575,""bottom"":4760},""time"":1729913889248},{""box"":{""left"":6206,""right"":2770,""top"":6575,""bottom"":4760},""time"":1729913889319},{""box"":{""left"":6206,""right"":2770,""top"":6575,""bottom"":4760},""time"":1729913889391},{""box"":{""left"":6206,""right"":2770,""top"":6575,""bottom"":4760},""time"":1729913889476},{""box"":{""left"":6206,""right"":2770,""top"":6575,""bottom"":4760},""time"":1729913889549},{""box"":{""left"":6206,""right"":2770,""top"":6575,""bottom"":4760},""time"":1729913889648},{""box"":{""left"":6206,""right"":2770,""top"":6575,""bottom"":4760},""time"":1729913889752},{""box"":{""left"":6206,""right"":2770,""top"":6575,""bottom"":4760},""time"":1729913889834},{""box"":{""left"":6206,""right"":2770,""top"":6575,""bottom"":4760},""time"":1729913889925},{""box"":{""left"":6206,""right"":2770,""top"":6575,""bottom"":4760},""time"":1729913890136},{""box"":{""left"":6206,""right"":2770,""top"":6575,""bottom"":4760},""time"":1729913890207},{""box"":{""left"":6206,""right"":2770,""top"":6575,""bottom"":4760},""time"":1729913890280},{""box"":{""left"":6206,""right"":2770,""top"":6575,""bottom"":4760},""time"":1729913890352},{""box"":{""left"":6206,""right"":2770,""top"":6575,""bottom"":4760},""time"":1729913890423},{""box"":{""left"":6206,""right"":2770,""top"":6575,""bottom"":4760},""time"":1729913890495},{""box"":{""left"":6206,""right"":2770,""top"":6575,""bottom"":4760},""time"":1729913890567},{""box"":{""left"":6206,""right"":2770,""top"":6575,""bottom"":4760},""time"":1729913890629},{""box"":{""left"":6206,""right"":2770,""top"":6575,""bottom"":4760},""time"":1729913890706},{""box"":{""left"":6206,""right"":2770,""top"":6575,""bottom"":4760},""time"":1729913890778},{""box"":{""left"":6206,""right"":2770,""top"":6575,""bottom"":4760},""time"":1729913890849},{""box"":{""left"":6206,""right"":2770,""top"":6575,""bottom"":4760},""time"":1729913890922},{""box"":{""left"":6206,""right"":2770,""top"":6575,""bottom"":4760},""time"":1729913890981},{""box"":{""left"":6206,""right"":2770,""top"":6575,""bottom"":4760},""time"":1729913891193},{""box"":{""left"":6206,""right"":2770,""top"":6575,""bottom"":4760},""time"":1729913891261},{""box"":{""left"":6206,""right"":2770,""top"":6575,""bottom"":4760},""time"":1729913891342},{""box"":{""left"":6206,""right"":2770,""top"":6575,""bottom"":4760},""time"":1729913891452},{""box"":{""left"":6206,""right"":2770,""top"":6575,""bottom"":4760},""time"":1729913891627},{""box"":{""left"":6206,""right"":2770,""top"":6575,""bottom"":4760},""time"":1729913891748},{""box"":{""left"":6206,""right"":2770,""top"":6575,""bottom"":4760},""time"":1729913891858},{""box"":{""left"":6206,""right"":2770,""top"":6575,""bottom"":4760},""time"":1729913891968},{""box"":{""left"":6206,""right"":2770,""top"":6575,""bottom"":4760},""time"":1729913892037},{""box"":{""left"":6206,""right"":2770,""top"":6575,""bottom"":4760},""time"":1729913892142},{""box"":{""left"":6206,""right"":2770,""top"":6575,""bottom"":4760},""time"":1729913892255},{""box"":{""left"":6206,""right"":2770,""top"":6575,""bottom"":4760},""time"":1729913892337},{""box"":{""left"":6206,""right"":2770,""top"":6575,""bottom"":4760},""time"":1729913892419},{""box"":{""left"":6206,""right"":2770,""top"":6575,""bottom"":4760},""time"":1729913892487},{""box"":{""left"":6206,""right"":2770,""top"":6575,""bottom"":4760},""time"":1729913892568},{""box"":{""left"":6206,""right"":2770,""top"":6575,""bottom"":4760},""time"":1729913892645},{""box"":{""left"":6206,""right"":2770,""top"":6575,""bottom"":4760},""time"":1729913892731},{""box"":{""left"":6206,""right"":2770,""top"":6575,""bottom"":4760},""time"":1729913892807},{""box"":{""left"":6206,""right"":2770,""top"":6575,""bottom"":4760},""time"":1729913892883},{""box"":{""left"":6206,""right"":2770,""top"":6575,""bottom"":4760},""time"":1729913892959},{""box"":{""left"":6206,""right"":2770,""top"":6575,""bottom"":4760},""time"":1729913893036},{""box"":{""left"":6206,""right"":2770,""top"":6575,""bottom"":4760},""time"":1729913893112},{""box"":{""left"":6206,""right"":2770,""top"":6575,""bottom"":4760},""time"":1729913893187},{""box"":{""left"":6206,""right"":2770,""top"":6575,""bottom"":4760},""time"":1729913893264},{""box"":{""left"":6206,""right"":2770,""top"":6575,""bottom"":4760},""time"":1729913893340},{""box"":{""left"":6206,""right"":2770,""top"":6575,""bottom"":4760},""time"":1729913893427},{""box"":{""left"":6206,""right"":2770,""top"":6575,""bottom"":4760},""time"":1729913893495},{""box"":{""left"":6206,""right"":2770,""top"":6575,""bottom"":4760},""time"":1729913893571},{""box"":{""left"":6206,""right"":2770,""top"":6575,""bottom"":4760},""time"":1729913893649},{""box"":{""left"":6206,""right"":2770,""top"":6575,""bottom"":4760},""time"":1729913893727},{""box"":{""left"":6206,""right"":2770,""top"":6575,""bottom"":4760},""time"":1729913893804},{""box"":{""left"":6206,""right"":2770,""top"":6575,""bottom"":4760},""time"":1729913893881},{""box"":{""left"":6206,""right"":2770,""top"":6575,""bottom"":4760},""time"":1729913893958},{""box"":{""left"":6206,""right"":2770,""top"":6575,""bottom"":4760},""time"":1729913894045},{""box"":{""left"":6206,""right"":2770,""top"":6575,""bottom"":4760},""time"":1729913894171},{""box"":{""left"":6206,""right"":2770,""top"":6575,""bottom"":4760},""time"":1729913894247},{""box"":{""left"":6206,""right"":2770,""top"":6575,""bottom"":4760},""time"":1729913894325},{""box"":{""left"":6206,""right"":2770,""top"":6575,""bottom"":4760},""time"":1729913894418},{""box"":{""left"":6206,""right"":2770,""top"":6575,""bottom"":4760},""time"":1729913894490},{""box"":{""left"":6206,""right"":2770,""top"":6575,""bottom"":4760},""time"":1729913894594},{""box"":{""left"":6206,""right"":2770,""top"":6575,""bottom"":4760},""time"":1729913894714},{""box"":{""left"":6206,""right"":2770,""top"":6575,""bottom"":4760},""time"":1729913894812},{""box"":{""left"":6206,""right"":2770,""top"":6575,""bottom"":4760},""time"":1729913894889},{""box"":{""left"":6206,""right"":2770,""top"":6575,""bottom"":4760},""time"":1729913894967},{""box"":{""left"":6206,""right"":2770,""top"":6575,""bottom"":4760},""time"":1729913895038},{""box"":{""left"":6206,""right"":2770,""top"":6575,""bottom"":4760},""time"":1729913895115},{""box"":{""left"":6206,""right"":2770,""top"":6575,""bottom"":4760},""time"":1729913895193},{""box"":{""left"":6206,""right"":2770,""top"":6575,""bottom"":4760},""time"":1729913895271},{""box"":{""left"":6206,""right"":2770,""top"":6575,""bottom"":4760},""time"":1729913895351},{""box"":{""left"":6206,""right"":2770,""top"":6575,""bottom"":4760},""time"":1729913895429},{""box"":{""left"":6206,""right"":2770,""top"":6575,""bottom"":4760},""time"":1729913895504},{""box"":{""left"":6206,""right"":2770,""top"":6575,""bottom"":4760},""time"":1729913895582},{""box"":{""left"":6206,""right"":2770,""top"":6575,""bottom"":4760},""time"":1729913895660},{""box"":{""left"":6206,""right"":2770,""top"":6575,""bottom"":4760},""time"":1729913895737},{""box"":{""left"":6206,""right"":2770,""top"":6575,""bottom"":4760},""time"":1729913895825},{""box"":{""left"":6206,""right"":2770,""top"":6575,""bottom"":4760},""time"":1729913895968},{""box"":{""left"":6206,""right"":2770,""top"":6575,""bottom"":4760},""time"":1729913896046},{""box"":{""left"":6206,""right"":2770,""top"":6575,""bottom"":4760},""time"":1729913896124},{""box"":{""left"":6206,""right"":2770,""top"":6575,""bottom"":4760},""time"":1729913896349},{""box"":{""left"":6206,""right"":2770,""top"":6575,""bottom"":4760},""time"":1729913896443},{""box"":{""left"":6206,""right"":2770,""top"":6575,""bottom"":4760},""time"":1729913896531},{""box"":{""left"":6206,""right"":2770,""top"":6575,""bottom"":4760},""time"":1729913896625},{""box"":{""left"":6206,""right"":2770,""top"":6575,""bottom"":4760},""time"":1729913896755},{""box"":{""left"":6206,""right"":2770,""top"":6575,""bottom"":4760},""time"":1729913896829},{""box"":{""left"":6206,""right"":2770,""top"":6575,""bottom"":4760},""time"":1729913896914},{""box"":{""left"":6206,""right"":2770,""top"":6575,""bottom"":4760},""time"":1729913897107},{""box"":{""left"":6206,""right"":2770,""top"":6575,""bottom"":4760},""time"":1729913897181},{""box"":{""left"":6206,""right"":2770,""top"":6575,""bottom"":4760},""time"":1729913897213},{""box"":{""left"":6206,""right"":2770,""top"":6575,""bottom"":4760},""time"":1729913897262},{""box"":{""left"":6206,""right"":2770,""top"":6575,""bottom"":4760},""time"":1729913897311},{""box"":{""left"":6206,""right"":2770,""top"":6575,""bottom"":4760},""time"":1729913897359},{""box"":{""left"":6206,""right"":2770,""top"":6575,""bottom"":4760},""time"":1729913897463},{""box"":{""left"":6206,""right"":2770,""top"":6575,""bottom"":4760},""time"":1729913897526},{""box"":{""left"":6206,""right"":2770,""top"":6575,""bottom"":4760},""time"":1729913897607},{""box"":{""left"":6206,""right"":2770,""top"":6575,""bottom"":4760},""time"":1729913897769},{""box"":{""left"":6206,""right"":2770,""top"":6575,""bottom"":4760},""time"":1729913897867},{""box"":{""left"":6206,""right"":2770,""top"":6575,""bottom"":4760},""time"":1729913897971},{""box"":{""left"":6206,""right"":2770,""top"":6575,""bottom"":4760},""time"":1729913898009},{""box"":{""left"":6206,""right"":2770,""top"":6575,""bottom"":4760},""time"":1729913898078},{""box"":{""left"":6206,""right"":2770,""top"":6575,""bottom"":4760},""time"":1729913898120},{""box"":{""left"":6206,""right"":2770,""top"":6575,""bottom"":4760},""time"":1729913898169},{""box"":{""left"":6206,""right"":2770,""top"":6575,""bottom"":4760},""time"":1729913898198},{""box"":{""left"":6206,""right"":2770,""top"":6575,""bottom"":4760},""time"":1729913898257},{""box"":{""left"":6206,""right"":2770,""top"":6575,""bottom"":4760},""time"":1729913898298},{""box"":{""left"":6206,""right"":2770,""top"":6575,""bottom"":4760},""time"":1729913898356},{""box"":{""left"":6206,""right"":2770,""top"":6575,""bottom"":4760},""time"":1729913898395},{""box"":{""left"":6206,""right"":2770,""top"":6575,""bottom"":4760},""time"":1729913898455},{""box"":{""left"":6206,""right"":2770,""top"":6575,""bottom"":4760},""time"":1729913898539},{""box"":{""left"":6206,""right"":2770,""top"":6575,""bottom"":4760},""time"":1729913898633},{""box"":{""left"":6206,""right"":2770,""top"":6575,""bottom"":4760},""time"":1729913898665},{""box"":{""left"":6206,""right"":2770,""top"":6575,""bottom"":4760},""time"":1729913898857},{""box"":{""left"":6206,""right"":2770,""top"":6575,""bottom"":4760},""time"":1729913898896},{""box"":{""left"":6206,""right"":2770,""top"":6575,""bottom"":4760},""time"":1729913898934},{""box"":{""left"":6206,""right"":2770,""top"":6575,""bottom"":4760},""time"":1729913898974},{""box"":{""left"":6206,""right"":2770,""top"":6575,""bottom"":4760},""time"":1729913899015},{""box"":{""left"":6206,""right"":2770,""top"":6575,""bottom"":4760},""time"":1729913899054},{""box"":{""left"":6206,""right"":2770,""top"":6575,""bottom"":4760},""time"":1729913899153},{""box"":{""left"":6206,""right"":2770,""top"":6575,""bottom"":4760},""time"":1729913899241},{""box"":{""left"":6206,""right"":2770,""top"":6575,""bottom"":4760},""time"":1729913899304},{""box"":{""left"":6206,""right"":2770,""top"":6575,""bottom"":4760},""time"":1729913899476},{""box"":{""left"":6206,""right"":2770,""top"":6575,""bottom"":4760},""time"":1729913899758},{""box"":{""left"":6206,""right"":2770,""top"":6575,""bottom"":4760},""time"":1729913899842},{""box"":{""left"":6206,""right"":2770,""top"":6575,""bottom"":4760},""time"":1729913900011}",,,,,
57137,Person,2024-10-26 12:38:07,2024-10-26 12:38:23,"{""left"":6350,""right"":2625,""top"":6775,""bottom"":4541},{""box"":{""left"":6350,""right"":2625,""top"":6775,""bottom"":4541},""time"":1729913887726},{""box"":{""left"":6350,""right"":2625,""top"":6775,""bottom"":4541},""time"":1729913887792},{""box"":{""left"":6350,""right"":2625,""top"":6775,""bottom"":4541},""time"":1729913887858},{""box"":{""left"":6350,""right"":2625,""top"":6775,""bottom"":4541},""time"":1729913887925},{""box"":{""left"":6350,""right"":2625,""top"":6775,""bottom"":4541},""time"":1729913887990},{""box"":{""left"":6350,""right"":2625,""top"":6775,""bottom"":4541},""time"":1729913888057},{""box"":{""left"":6350,""right"":2625,""top"":6775,""bottom"":4541},""time"":1729913888123},{""box"":{""left"":6350,""right"":2625,""top"":6775,""bottom"":4541},""time"":1729913888180},{""box"":{""left"":6350,""right"":2625,""top"":6775,""bottom"":4541},""time"":1729913888246},{""box"":{""left"":6350,""right"":2625,""top"":6775,""bottom"":4541},""time"":1729913888318},{""box"":{""left"":6350,""right"":2625,""top"":6775,""bottom"":4541},""time"":1729913888390},{""box"":{""left"":6350,""right"":2625,""top"":6775,""bottom"":4541},""time"":1729913888461},{""box"":{""left"":6350,""right"":2625,""top"":6775,""bottom"":4541},""time"":1729913888533},{""box"":{""left"":6350,""right"":2625,""top"":6775,""bottom"":4541},""time"":1729913888605},{""box"":{""left"":6350,""right"":2625,""top"":6775,""bottom"":4541},""time"":1729913888676},{""box"":{""left"":6350,""right"":2625,""top"":6775,""bottom"":4541},""time"":1729913888748},{""box"":{""left"":6350,""right"":2625,""top"":6775,""bottom"":4541},""time"":1729913888820},{""box"":{""left"":6350,""right"":2625,""top"":6775,""bottom"":4541},""time"":1729913888958},{""box"":{""left"":6350,""right"":2625,""top"":6775,""bottom"":4541},""time"":1729913889031},{""box"":{""left"":6350,""right"":2625,""top"":6775,""bottom"":4541},""time"":1729913889112},{""box"":{""left"":6350,""right"":2625,""top"":6775,""bottom"":4541},""time"":1729913889185},{""box"":{""left"":6350,""right"":2625,""top"":6775,""bottom"":4541},""time"":1729913889257},{""box"":{""left"":6350,""right"":2625,""top"":6775,""bottom"":4541},""time"":1729913889328},{""box"":{""left"":6350,""right"":2625,""top"":6775,""bottom"":4541},""time"":1729913889400},{""box"":{""left"":6350,""right"":2625,""top"":6775,""bottom"":4541},""time"":1729913889486},{""box"":{""left"":6350,""right"":2625,""top"":6775,""bottom"":4541},""time"":1729913889558},{""box"":{""left"":6350,""right"":2625,""top"":6775,""bottom"":4541},""time"":1729913889658},{""box"":{""left"":6350,""right"":2625,""top"":6775,""bottom"":4541},""time"":1729913889762},{""box"":{""left"":6350,""right"":2625,""top"":6775,""bottom"":4541},""time"":1729913889843},{""box"":{""left"":6350,""right"":2625,""top"":6775,""bottom"":4541},""time"":1729913889935},{""box"":{""left"":6350,""right"":2625,""top"":6775,""bottom"":4541},""time"":1729913890145},{""box"":{""left"":6350,""right"":2625,""top"":6775,""bottom"":4541},""time"":1729913890217},{""box"":{""left"":6350,""right"":2625,""top"":6775,""bottom"":4541},""time"":1729913890289},{""box"":{""left"":6350,""right"":2625,""top"":6775,""bottom"":4541},""time"":1729913890361},{""box"":{""left"":6350,""right"":2625,""top"":6775,""bottom"":4541},""time"":1729913890433},{""box"":{""left"":6350,""right"":2625,""top"":6775,""bottom"":4541},""time"":1729913890504},{""box"":{""left"":6350,""right"":2625,""top"":6775,""bottom"":4541},""time"":1729913890576},{""box"":{""left"":6350,""right"":2625,""top"":6775,""bottom"":4541},""time"":1729913890715},{""box"":{""left"":6350,""right"":2625,""top"":6775,""bottom"":4541},""time"":1729913890787},{""box"":{""left"":6350,""right"":2625,""top"":6775,""bottom"":4541},""time"":1729913890858},{""box"":{""left"":6350,""right"":2625,""top"":6775,""bottom"":4541},""time"":1729913890990},{""box"":{""left"":6350,""right"":2625,""top"":6775,""bottom"":4541},""time"":1729913891271},{""box"":{""left"":6350,""right"":2625,""top"":6775,""bottom"":4541},""time"":1729913891353},{""box"":{""left"":6350,""right"":2625,""top"":6775,""bottom"":4541},""time"":1729913891462},{""box"":{""left"":6350,""right"":2625,""top"":6775,""bottom"":4541},""time"":1729913891757},{""box"":{""left"":6350,""right"":2625,""top"":6775,""bottom"":4541},""time"":1729913891869},{""box"":{""left"":6350,""right"":2625,""top"":6775,""bottom"":4541},""time"":1729913892496},{""box"":{""left"":6350,""right"":2625,""top"":6775,""bottom"":4541},""time"":1729913892578},{""box"":{""left"":6350,""right"":2625,""top"":6775,""bottom"":4541},""time"":1729913892654},{""box"":{""left"":6350,""right"":2625,""top"":6775,""bottom"":4541},""time"":1729913892740},{""box"":{""left"":6350,""right"":2625,""top"":6775,""bottom"":4541},""time"":1729913892817},{""box"":{""left"":6350,""right"":2625,""top"":6775,""bottom"":4541},""time"":1729913892893},{""box"":{""left"":6350,""right"":2625,""top"":6775,""bottom"":4541},""time"":1729913892968},{""box"":{""left"":6350,""right"":2625,""top"":6775,""bottom"":4541},""time"":1729913893045},{""box"":{""left"":6350,""right"":2625,""top"":6775,""bottom"":4541},""time"":1729913893121},{""box"":{""left"":6350,""right"":2625,""top"":6775,""bottom"":4541},""time"":1729913893197},{""box"":{""left"":6350,""right"":2625,""top"":6775,""bottom"":4541},""time"":1729913893273},{""box"":{""left"":6350,""right"":2625,""top"":6775,""bottom"":4541},""time"":1729913893349},{""box"":{""left"":6350,""right"":2625,""top"":6775,""bottom"":4541},""time"":1729913893436},{""box"":{""left"":6350,""right"":2625,""top"":6775,""bottom"":4541},""time"":1729913893504},{""box"":{""left"":6350,""right"":2625,""top"":6775,""bottom"":4541},""time"":1729913893581},{""box"":{""left"":6350,""right"":2625,""top"":6775,""bottom"":4541},""time"":1729913893658},{""box"":{""left"":6350,""right"":2625,""top"":6775,""bottom"":4541},""time"":1729913893736},{""box"":{""left"":6350,""right"":2625,""top"":6775,""bottom"":4541},""time"":1729913893813},{""box"":{""left"":6350,""right"":2625,""top"":6775,""bottom"":4541},""time"":1729913893891},{""box"":{""left"":6350,""right"":2625,""top"":6775,""bottom"":4541},""time"":1729913893967},{""box"":{""left"":6350,""right"":2625,""top"":6775,""bottom"":4541},""time"":1729913894055},{""box"":{""left"":6350,""right"":2625,""top"":6775,""bottom"":4541},""time"":1729913894180},{""box"":{""left"":6350,""right"":2625,""top"":6775,""bottom"":4541},""time"":1729913894258},{""box"":{""left"":6350,""right"":2625,""top"":6775,""bottom"":4541},""time"":1729913894334},{""box"":{""left"":6350,""right"":2625,""top"":6775,""bottom"":4541},""time"":1729913894500},{""box"":{""left"":6350,""right"":2625,""top"":6775,""bottom"":4541},""time"":1729913894604},{""box"":{""left"":6350,""right"":2625,""top"":6775,""bottom"":4541},""time"":1729913894725},{""box"":{""left"":6350,""right"":2625,""top"":6775,""bottom"":4541},""time"":1729913894821},{""box"":{""left"":6350,""right"":2625,""top"":6775,""bottom"":4541},""time"":1729913894899},{""box"":{""left"":6350,""right"":2625,""top"":6775,""bottom"":4541},""time"":1729913894976},{""box"":{""left"":6350,""right"":2625,""top"":6775,""bottom"":4541},""time"":1729913895047},{""box"":{""left"":6350,""right"":2625,""top"":6775,""bottom"":4541},""time"":1729913895125},{""box"":{""left"":6350,""right"":2625,""top"":6775,""bottom"":4541},""time"":1729913895202},{""box"":{""left"":6350,""right"":2625,""top"":6775,""bottom"":4541},""time"":1729913895280},{""box"":{""left"":6350,""right"":2625,""top"":6775,""bottom"":4541},""time"":1729913895360},{""box"":{""left"":6350,""right"":2625,""top"":6775,""bottom"":4541},""time"":1729913895438},{""box"":{""left"":6350,""right"":2625,""top"":6775,""bottom"":4541},""time"":1729913895514},{""box"":{""left"":6350,""right"":2625,""top"":6775,""bottom"":4541},""time"":1729913895591},{""box"":{""left"":6350,""right"":2625,""top"":6775,""bottom"":4541},""time"":1729913895669},{""box"":{""left"":6350,""right"":2625,""top"":6775,""bottom"":4541},""time"":1729913895747},{""box"":{""left"":6350,""right"":2625,""top"":6775,""bottom"":4541},""time"":1729913895835},{""box"":{""left"":6350,""right"":2625,""top"":6775,""bottom"":4541},""time"":1729913895977},{""box"":{""left"":6350,""right"":2625,""top"":6775,""bottom"":4541},""time"":1729913896055},{""box"":{""left"":6350,""right"":2625,""top"":6775,""bottom"":4541},""time"":1729913896133},{""box"":{""left"":6350,""right"":2625,""top"":6775,""bottom"":4541},""time"":1729913896358},{""box"":{""left"":6350,""right"":2625,""top"":6775,""bottom"":4541},""time"":1729913896452},{""box"":{""left"":6350,""right"":2625,""top"":6775,""bottom"":4541},""time"":1729913896540},{""box"":{""left"":6350,""right"":2625,""top"":6775,""bottom"":4541},""time"":1729913896634},{""box"":{""left"":6350,""right"":2625,""top"":6775,""bottom"":4541},""time"":1729913896764},{""box"":{""left"":6350,""right"":2625,""top"":6775,""bottom"":4541},""time"":1729913896838},{""box"":{""left"":6350,""right"":2625,""top"":6775,""bottom"":4541},""time"":1729913896923},{""box"":{""left"":6350,""right"":2625,""top"":6775,""bottom"":4541},""time"":1729913897116},{""box"":{""left"":6350,""right"":2625,""top"":6775,""bottom"":4541},""time"":1729913897190},{""box"":{""left"":6350,""right"":2625,""top"":6775,""bottom"":4541},""time"":1729913897271},{""box"":{""left"":6350,""right"":2625,""top"":6775,""bottom"":4541},""time"":1729913897368},{""box"":{""left"":6350,""right"":2625,""top"":6775,""bottom"":4541},""time"":1729913897535},{""box"":{""left"":6350,""right"":2625,""top"":6775,""bottom"":4541},""time"":1729913897617},{""box"":{""left"":6350,""right"":2625,""top"":6775,""bottom"":4541},""time"":1729913897778},{""box"":{""left"":6350,""right"":2625,""top"":6775,""bottom"":4541},""time"":1729913897878},{""box"":{""left"":6350,""right"":2625,""top"":6775,""bottom"":4541},""time"":1729913898018},{""box"":{""left"":6350,""right"":2625,""top"":6775,""bottom"":4541},""time"":1729913898129},{""box"":{""left"":6350,""right"":2625,""top"":6775,""bottom"":4541},""time"":1729913898208},{""box"":{""left"":6350,""right"":2625,""top"":6775,""bottom"":4541},""time"":1729913898307},{""box"":{""left"":6350,""right"":2625,""top"":6775,""bottom"":4541},""time"":1729913898404},{""box"":{""left"":6350,""right"":2625,""top"":6775,""bottom"":4541},""time"":1729913898465},{""box"":{""left"":6350,""right"":2625,""top"":6775,""bottom"":4541},""time"":1729913898644},{""box"":{""left"":6350,""right"":2625,""top"":6775,""bottom"":4541},""time"":1729913898906},{""box"":{""left"":6350,""right"":2625,""top"":6775,""bottom"":4541},""time"":1729913898984},{""box"":{""left"":6350,""right"":2625,""top"":6775,""bottom"":4541},""time"":1729913899064},{""box"":{""left"":6350,""right"":2625,""top"":6775,""bottom"":4541},""time"":1729913899163},{""box"":{""left"":6350,""right"":2625,""top"":6775,""bottom"":4541},""time"":1729913899251},{""box"":{""left"":6350,""right"":2625,""top"":6775,""bottom"":4541},""time"":1729913899313},{""box"":{""left"":6350,""right"":2625,""top"":6775,""bottom"":4541},""time"":1729913899433},{""box"":{""left"":6350,""right"":2625,""top"":6775,""bottom"":4541},""time"":1729913899487},{""box"":{""left"":6350,""right"":2625,""top"":6775,""bottom"":4541},""time"":1729913899582},{""box"":{""left"":6350,""right"":2625,""top"":6775,""bottom"":4541},""time"":1729913899769},{""box"":{""left"":6350,""right"":2625,""top"":6775,""bottom"":4541},""time"":1729913899797},{""box"":{""left"":6350,""right"":2625,""top"":6775,""bottom"":4541},""time"":1729913899855},{""box"":{""left"":6350,""right"":2625,""top"":6775,""bottom"":4541},""time"":1729913899966},{""box"":{""left"":6350,""right"":2625,""top"":6775,""bottom"":4541},""time"":1729913900022},{""box"":{""left"":6350,""right"":2625,""top"":6775,""bottom"":4541},""time"":1729913900066},{""box"":{""left"":6350,""right"":2625,""top"":6775,""bottom"":4541},""time"":1729913900111},{""box"":{""left"":6350,""right"":2625,""top"":6775,""bottom"":4541},""time"":1729913900156},{""box"":{""left"":6350,""right"":2625,""top"":6775,""bottom"":4541},""time"":1729913900200},{""box"":{""left"":6350,""right"":2625,""top"":6775,""bottom"":4541},""time"":1729913900279},{""box"":{""left"":6350,""right"":2625,""top"":6775,""bottom"":4541},""time"":1729913900369},{""box"":{""left"":6350,""right"":2625,""top"":6775,""bottom"":4541},""time"":1729913900460},{""box"":{""left"":6350,""right"":2625,""top"":6775,""bottom"":4541},""time"":1729913900577},{""box"":{""left"":6350,""right"":2625,""top"":6775,""bottom"":4541},""time"":1729913900613},{""box"":{""left"":6350,""right"":2625,""top"":6775,""bottom"":4541},""time"":1729913900703},{""box"":{""left"":6350,""right"":2625,""top"":6775,""bottom"":4541},""time"":1729913900801},{""box"":{""left"":6350,""right"":2625,""top"":6775,""bottom"":4541},""time"":1729913900834},{""box"":{""left"":6350,""right"":2625,""top"":6775,""bottom"":4541},""time"":1729913900920},{""box"":{""left"":6350,""right"":2625,""top"":6775,""bottom"":4541},""time"":1729913901050},{""box"":{""left"":6350,""right"":2625,""top"":6775,""bottom"":4541},""time"":1729913901073},{""box"":{""left"":6350,""right"":2625,""top"":6775,""bottom"":4541},""time"":1729913901109},{""box"":{""left"":6350,""right"":2625,""top"":6775,""bottom"":4541},""time"":1729913901241},{""box"":{""left"":6350,""right"":2625,""top"":6775,""bottom"":4541},""time"":1729913901305},{""box"":{""left"":6350,""right"":2625,""top"":6775,""bottom"":4541},""time"":1729913901422},{""box"":{""left"":6350,""right"":2625,""top"":6775,""bottom"":4541},""time"":1729913901489},{""box"":{""left"":6350,""right"":2625,""top"":6775,""bottom"":4541},""time"":1729913901628},{""box"":{""left"":6350,""right"":2625,""top"":6775,""bottom"":4541},""time"":1729913901799},{""box"":{""left"":6350,""right"":2625,""top"":6775,""bottom"":4541},""time"":1729913901907},{""box"":{""left"":6350,""right"":2625,""top"":6775,""bottom"":4541},""time"":1729913901943},{""box"":{""left"":6350,""right"":2625,""top"":6775,""bottom"":4541},""time"":1729913902088},{""box"":{""left"":6350,""right"":2625,""top"":6775,""bottom"":4541},""time"":1729913902146},{""box"":{""left"":6350,""right"":2625,""top"":6775,""bottom"":4541},""time"":1729913902216},{""box"":{""left"":6350,""right"":2625,""top"":6775,""bottom"":4541},""time"":1729913902309},{""box"":{""left"":6350,""right"":2625,""top"":6775,""bottom"":4541},""time"":1729913902379},{""box"":{""left"":6350,""right"":2625,""top"":6775,""bottom"":4541},""time"":1729913902798},{""box"":{""left"":6350,""right"":2625,""top"":6775,""bottom"":4541},""time"":1729913902869},{""box"":{""left"":6350,""right"":2625,""top"":6775,""bottom"":4541},""time"":1729913902942},{""box"":{""left"":6350,""right"":2625,""top"":6775,""bottom"":4541},""time"":1729913903018},{""box"":{""left"":6350,""right"":2625,""top"":6775,""bottom"":4541},""time"":1729913903098}",,,,,
57138,Person,2024-10-26 12:38:12,2024-10-26 12:38:36,"{""left"":5195,""right"":3795,""top"":5832,""bottom"":6899},{""box"":{""left"":5195,""right"":3795,""top"":5832,""bottom"":6899},""time"":1729913892264},{""box"":{""left"":5195,""right"":3795,""top"":5832,""bottom"":6899},""time"":1729913892346},{""box"":{""left"":5195,""right"":3795,""top"":5832,""bottom"":6899},""time"":1729913892507},{""box"":{""left"":5195,""right"":3795,""top"":5832,""bottom"":6899},""time"":1729913892587},{""box"":{""left"":5195,""right"":3795,""top"":5832,""bottom"":6899},""time"":1729913892663},{""box"":{""left"":5195,""right"":3795,""top"":5832,""bottom"":6899},""time"":1729913892979},{""box"":{""left"":5195,""right"":3795,""top"":5832,""bottom"":6899},""time"":1729913893054},{""box"":{""left"":5195,""right"":3795,""top"":5832,""bottom"":6899},""time"":1729913893130},{""box"":{""left"":5195,""right"":3795,""top"":5832,""bottom"":6899},""time"":1729913893207},{""box"":{""left"":5195,""right"":3795,""top"":5832,""bottom"":6899},""time"":1729913893283},{""box"":{""left"":5195,""right"":3795,""top"":5832,""bottom"":6899},""time"":1729913893358},{""box"":{""left"":5195,""right"":3795,""top"":5832,""bottom"":6899},""time"":1729913893513},{""box"":{""left"":5195,""right"":3795,""top"":5832,""bottom"":6899},""time"":1729913893591},{""box"":{""left"":5195,""right"":3795,""top"":5832,""bottom"":6899},""time"":1729913893668},{""box"":{""left"":5195,""right"":3795,""top"":5832,""bottom"":6899},""time"":1729913893745},{""box"":{""left"":5195,""right"":3795,""top"":5832,""bottom"":6899},""time"":1729913893822},{""box"":{""left"":5195,""right"":3795,""top"":5832,""bottom"":6899},""time"":1729913893900},{""box"":{""left"":5195,""right"":3795,""top"":5832,""bottom"":6899},""time"":1729913893977},{""box"":{""left"":5195,""right"":3795,""top"":5832,""bottom"":6899},""time"":1729913894065},{""box"":{""left"":5195,""right"":3795,""top"":5832,""bottom"":6899},""time"":1729913894189},{""box"":{""left"":5195,""right"":3795,""top"":5832,""bottom"":6899},""time"":1729913894267},{""box"":{""left"":5195,""right"":3795,""top"":5832,""bottom"":6899},""time"":1729913894345},{""box"":{""left"":5195,""right"":3795,""top"":5832,""bottom"":6899},""time"":1729913894509},{""box"":{""left"":5195,""right"":3795,""top"":5832,""bottom"":6899},""time"":1729913894614},{""box"":{""left"":5195,""right"":3795,""top"":5832,""bottom"":6899},""time"":1729913894734},{""box"":{""left"":5195,""right"":3795,""top"":5832,""bottom"":6899},""time"":1729913894830},{""box"":{""left"":5195,""right"":3795,""top"":5832,""bottom"":6899},""time"":1729913894908},{""box"":{""left"":5195,""right"":3795,""top"":5832,""bottom"":6899},""time"":1729913895056},{""box"":{""left"":5195,""right"":3795,""top"":5832,""bottom"":6899},""time"":1729913895135},{""box"":{""left"":5195,""right"":3795,""top"":5832,""bottom"":6899},""time"":1729913895212},{""box"":{""left"":5195,""right"":3795,""top"":5832,""bottom"":6899},""time"":1729913895290},{""box"":{""left"":5195,""right"":3795,""top"":5832,""bottom"":6899},""time"":1729913895370},{""box"":{""left"":5195,""right"":3795,""top"":5832,""bottom"":6899},""time"":1729913895447},{""box"":{""left"":5195,""right"":3795,""top"":5832,""bottom"":6899},""time"":1729913895523},{""box"":{""left"":5195,""right"":3795,""top"":5832,""bottom"":6899},""time"":1729913895601},{""box"":{""left"":5195,""right"":3795,""top"":5832,""bottom"":6899},""time"":1729913895678},{""box"":{""left"":5195,""right"":3795,""top"":5832,""bottom"":6899},""time"":1729913895756},{""box"":{""left"":5195,""right"":3795,""top"":5832,""bottom"":6899},""time"":1729913895844},{""box"":{""left"":5195,""right"":3795,""top"":5832,""bottom"":6899},""time"":1729913895988},{""box"":{""left"":5195,""right"":3795,""top"":5832,""bottom"":6899},""time"":1729913896064},{""box"":{""left"":5195,""right"":3795,""top"":5832,""bottom"":6899},""time"":1729913896142},{""box"":{""left"":5195,""right"":3795,""top"":5832,""bottom"":6899},""time"":1729913896367},{""box"":{""left"":5195,""right"":3795,""top"":5832,""bottom"":6899},""time"":1729913896462},{""box"":{""left"":5195,""right"":3795,""top"":5832,""bottom"":6899},""time"":1729913896549},{""box"":{""left"":5195,""right"":3795,""top"":5832,""bottom"":6899},""time"":1729913896644},{""box"":{""left"":5195,""right"":3795,""top"":5832,""bottom"":6899},""time"":1729913896847},{""box"":{""left"":5195,""right"":3795,""top"":5832,""bottom"":6899},""time"":1729913897280},{""box"":{""left"":5195,""right"":3795,""top"":5832,""bottom"":6899},""time"":1729913897377},{""box"":{""left"":5195,""right"":3795,""top"":5832,""bottom"":6899},""time"":1729913897544},{""box"":{""left"":5195,""right"":3795,""top"":5832,""bottom"":6899},""time"":1729913897627},{""box"":{""left"":5195,""right"":3795,""top"":5832,""bottom"":6899},""time"":1729913897788},{""box"":{""left"":5195,""right"":3795,""top"":5832,""bottom"":6899},""time"":1729913897887},{""box"":{""left"":5195,""right"":3795,""top"":5832,""bottom"":6899},""time"":1729913898028},{""box"":{""left"":5195,""right"":3795,""top"":5832,""bottom"":6899},""time"":1729913898138},{""box"":{""left"":5195,""right"":3795,""top"":5832,""bottom"":6899},""time"":1729913898218},{""box"":{""left"":5195,""right"":3795,""top"":5832,""bottom"":6899},""time"":1729913898317},{""box"":{""left"":5195,""right"":3795,""top"":5832,""bottom"":6899},""time"":1729913898414},{""box"":{""left"":5195,""right"":3795,""top"":5832,""bottom"":6899},""time"":1729913898475},{""box"":{""left"":5195,""right"":3795,""top"":5832,""bottom"":6899},""time"":1729913898915},{""box"":{""left"":5195,""right"":3795,""top"":5832,""bottom"":6899},""time"":1729913898994},{""box"":{""left"":5195,""right"":3795,""top"":5832,""bottom"":6899},""time"":1729913899075},{""box"":{""left"":5195,""right"":3795,""top"":5832,""bottom"":6899},""time"":1729913899173},{""box"":{""left"":5195,""right"":3795,""top"":5832,""bottom"":6899},""time"":1729913899498},{""box"":{""left"":5195,""right"":3795,""top"":5832,""bottom"":6899},""time"":1729913899865},{""box"":{""left"":5195,""right"":3795,""top"":5832,""bottom"":6899},""time"":1729913900033},{""box"":{""left"":5195,""right"":3795,""top"":5832,""bottom"":6899},""time"":1729913900121},{""box"":{""left"":5195,""right"":3795,""top"":5832,""bottom"":6899},""time"":1729913900211},{""box"":{""left"":5195,""right"":3795,""top"":5832,""bottom"":6899},""time"":1729913900290},{""box"":{""left"":5195,""right"":3795,""top"":5832,""bottom"":6899},""time"":1729913900403},{""box"":{""left"":5195,""right"":3795,""top"":5832,""bottom"":6899},""time"":1729913900624},{""box"":{""left"":5195,""right"":3795,""top"":5832,""bottom"":6899},""time"":1729913900717},{""box"":{""left"":5195,""right"":3795,""top"":5832,""bottom"":6899},""time"":1729913900847},{""box"":{""left"":5195,""right"":3795,""top"":5832,""bottom"":6899},""time"":1729913900953},{""box"":{""left"":5195,""right"":3795,""top"":5832,""bottom"":6899},""time"":1729913901119},{""box"":{""left"":5195,""right"":3795,""top"":5832,""bottom"":6899},""time"":1729913901342},{""box"":{""left"":5195,""right"":3795,""top"":5832,""bottom"":6899},""time"":1729913901457},{""box"":{""left"":5195,""right"":3795,""top"":5832,""bottom"":6899},""time"":1729913901524},{""box"":{""left"":5195,""right"":3795,""top"":5832,""bottom"":6899},""time"":1729913901581},{""box"":{""left"":5195,""right"":3795,""top"":5832,""bottom"":6899},""time"":1729913901641},{""box"":{""left"":5195,""right"":3795,""top"":5832,""bottom"":6899},""time"":1729913901839},{""box"":{""left"":5195,""right"":3795,""top"":5832,""bottom"":6899},""time"":1729913902054},{""box"":{""left"":5195,""right"":3795,""top"":5832,""bottom"":6899},""time"":1729913902157},{""box"":{""left"":5195,""right"":3795,""top"":5832,""bottom"":6899},""time"":1729913902234},{""box"":{""left"":5195,""right"":3795,""top"":5832,""bottom"":6899},""time"":1729913902320},{""box"":{""left"":5195,""right"":3795,""top"":5832,""bottom"":6899},""time"":1729913902390},{""box"":{""left"":5195,""right"":3795,""top"":5832,""bottom"":6899},""time"":1729913902810},{""box"":{""left"":5195,""right"":3795,""top"":5832,""bottom"":6899},""time"":1729913902881},{""box"":{""left"":5195,""right"":3795,""top"":5832,""bottom"":6899},""time"":1729913902953},{""box"":{""left"":5195,""right"":3795,""top"":5832,""bottom"":6899},""time"":1729913903028},{""box"":{""left"":5195,""right"":3795,""top"":5832,""bottom"":6899},""time"":1729913903113},{""box"":{""left"":5195,""right"":3795,""top"":5832,""bottom"":6899},""time"":1729913903277},{""box"":{""left"":5195,""right"":3795,""top"":5832,""bottom"":6899},""time"":1729913903348},{""box"":{""left"":5195,""right"":3795,""top"":5832,""bottom"":6899},""time"":1729913903420},{""box"":{""left"":5195,""right"":3795,""top"":5832,""bottom"":6899},""time"":1729913903490},{""box"":{""left"":5195,""right"":3795,""top"":5832,""bottom"":6899},""time"":1729913903580},{""box"":{""left"":5195,""right"":3795,""top"":5832,""bottom"":6899},""time"":1729913903716},{""box"":{""left"":5195,""right"":3795,""top"":5832,""bottom"":6899},""time"":1729913903786},{""box"":{""left"":5195,""right"":3795,""top"":5832,""bottom"":6899},""time"":1729913903854},{""box"":{""left"":5195,""right"":3795,""top"":5832,""bottom"":6899},""time"":1729913903962},{""box"":{""left"":5195,""right"":3795,""top"":5832,""bottom"":6899},""time"":1729913904042},{""box"":{""left"":5195,""right"":3795,""top"":5832,""bottom"":6899},""time"":1729913904203},{""box"":{""left"":5195,""right"":3795,""top"":5832,""bottom"":6899},""time"":1729913904295},{""box"":{""left"":5195,""right"":3795,""top"":5832,""bottom"":6899},""time"":1729913904481},{""box"":{""left"":5195,""right"":3795,""top"":5832,""bottom"":6899},""time"":1729913904528},{""box"":{""left"":5195,""right"":3795,""top"":5832,""bottom"":6899},""time"":1729913904590},{""box"":{""left"":5195,""right"":3795,""top"":5832,""bottom"":6899},""time"":1729913904640},{""box"":{""left"":5195,""right"":3795,""top"":5832,""bottom"":6899},""time"":1729913904663},{""box"":{""left"":5195,""right"":3795,""top"":5832,""bottom"":6899},""time"":1729913904720},{""box"":{""left"":5195,""right"":3795,""top"":5832,""bottom"":6899},""time"":1729913904855},{""box"":{""left"":5195,""right"":3795,""top"":5832,""bottom"":6899},""time"":1729913904901},{""box"":{""left"":5195,""right"":3795,""top"":5832,""bottom"":6899},""time"":1729913904971},{""box"":{""left"":5195,""right"":3795,""top"":5832,""bottom"":6899},""time"":1729913905039},{""box"":{""left"":5195,""right"":3795,""top"":5832,""bottom"":6899},""time"":1729913905098},{""box"":{""left"":5195,""right"":3795,""top"":5832,""bottom"":6899},""time"":1729913905168},{""box"":{""left"":5195,""right"":3795,""top"":5832,""bottom"":6899},""time"":1729913905238},{""box"":{""left"":5195,""right"":3795,""top"":5832,""bottom"":6899},""time"":1729913905308},{""box"":{""left"":5195,""right"":3795,""top"":5832,""bottom"":6899},""time"":1729913905366},{""box"":{""left"":5195,""right"":3795,""top"":5832,""bottom"":6899},""time"":1729913905424},{""box"":{""left"":5195,""right"":3795,""top"":5832,""bottom"":6899},""time"":1729913905483},{""box"":{""left"":5195,""right"":3795,""top"":5832,""bottom"":6899},""time"":1729913905541},{""box"":{""left"":5195,""right"":3795,""top"":5832,""bottom"":6899},""time"":1729913905610},{""box"":{""left"":5195,""right"":3795,""top"":5832,""bottom"":6899},""time"":1729913905705},{""box"":{""left"":5195,""right"":3795,""top"":5832,""bottom"":6899},""time"":1729913905762},{""box"":{""left"":5195,""right"":3795,""top"":5832,""bottom"":6899},""time"":1729913905854},{""box"":{""left"":5195,""right"":3795,""top"":5832,""bottom"":6899},""time"":1729913905943},{""box"":{""left"":5195,""right"":3795,""top"":5832,""bottom"":6899},""time"":1729913906030},{""box"":{""left"":5195,""right"":3795,""top"":5832,""bottom"":6899},""time"":1729913906264},{""box"":{""left"":5195,""right"":3795,""top"":5832,""bottom"":6899},""time"":1729913906316},{""box"":{""left"":5195,""right"":3795,""top"":5832,""bottom"":6899},""time"":1729913906384},{""box"":{""left"":5195,""right"":3795,""top"":5832,""bottom"":6899},""time"":1729913906445},{""box"":{""left"":5195,""right"":3795,""top"":5832,""bottom"":6899},""time"":1729913907909},{""box"":{""left"":5195,""right"":3795,""top"":5832,""bottom"":6899},""time"":1729913907980},{""box"":{""left"":5195,""right"":3795,""top"":5832,""bottom"":6899},""time"":1729913908052},{""box"":{""left"":5195,""right"":3795,""top"":5832,""bottom"":6899},""time"":1729913908308},{""box"":{""left"":5195,""right"":3795,""top"":5832,""bottom"":6899},""time"":1729913908563},{""box"":{""left"":5195,""right"":3795,""top"":5832,""bottom"":6899},""time"":1729913908634},{""box"":{""left"":5195,""right"":3795,""top"":5832,""bottom"":6899},""time"":1729913908726},{""box"":{""left"":5195,""right"":3795,""top"":5832,""bottom"":6899},""time"":1729913908806},{""box"":{""left"":5195,""right"":3795,""top"":5832,""bottom"":6899},""time"":1729913908870},{""box"":{""left"":5195,""right"":3795,""top"":5832,""bottom"":6899},""time"":1729913908932},{""box"":{""left"":5195,""right"":3795,""top"":5832,""bottom"":6899},""time"":1729913908977},{""box"":{""left"":5195,""right"":3795,""top"":5832,""bottom"":6899},""time"":1729913909030},{""box"":{""left"":5195,""right"":3795,""top"":5832,""bottom"":6899},""time"":1729913909108},{""box"":{""left"":5195,""right"":3795,""top"":5832,""bottom"":6899},""time"":1729913909168},{""box"":{""left"":5195,""right"":3795,""top"":5832,""bottom"":6899},""time"":1729913909199},{""box"":{""left"":5195,""right"":3795,""top"":5832,""bottom"":6899},""time"":1729913909249},{""box"":{""left"":5195,""right"":3795,""top"":5832,""bottom"":6899},""time"":1729913909321},{""box"":{""left"":5195,""right"":3795,""top"":5832,""bottom"":6899},""time"":1729913909384},{""box"":{""left"":5195,""right"":3795,""top"":5832,""bottom"":6899},""time"":1729913909460},{""box"":{""left"":5195,""right"":3795,""top"":5832,""bottom"":6899},""time"":1729913909511},{""box"":{""left"":5195,""right"":3795,""top"":5832,""bottom"":6899},""time"":1729913909569},{""box"":{""left"":5195,""right"":3795,""top"":5832,""bottom"":6899},""time"":1729913909619},{""box"":{""left"":5195,""right"":3795,""top"":5832,""bottom"":6899},""time"":1729913909677},{""box"":{""left"":5195,""right"":3795,""top"":5832,""bottom"":6899},""time"":1729913909738},{""box"":{""left"":5195,""right"":3795,""top"":5832,""bottom"":6899},""time"":1729913909799},{""box"":{""left"":5195,""right"":3795,""top"":5832,""bottom"":6899},""time"":1729913909859},{""box"":{""left"":5195,""right"":3795,""top"":5832,""bottom"":6899},""time"":1729913909935},{""box"":{""left"":5195,""right"":3795,""top"":5832,""bottom"":6899},""time"":1729913909996},{""box"":{""left"":5195,""right"":3795,""top"":5832,""bottom"":6899},""time"":1729913910043},{""box"":{""left"":5195,""right"":3795,""top"":5832,""bottom"":6899},""time"":1729913910093},{""box"":{""left"":5195,""right"":3795,""top"":5832,""bottom"":6899},""time"":1729913910154},{""box"":{""left"":5195,""right"":3795,""top"":5832,""bottom"":6899},""time"":1729913910213},{""box"":{""left"":5195,""right"":3795,""top"":5832,""bottom"":6899},""time"":1729913910275},{""box"":{""left"":5195,""right"":3795,""top"":5832,""bottom"":6899},""time"":1729913910352},{""box"":{""left"":5195,""right"":3795,""top"":5832,""bottom"":6899},""time"":1729913910428},{""box"":{""left"":5195,""right"":3795,""top"":5832,""bottom"":6899},""time"":1729913910582},{""box"":{""left"":5195,""right"":3795,""top"":5832,""bottom"":6899},""time"":1729913910659},{""box"":{""left"":5195,""right"":3795,""top"":5832,""bottom"":6899},""time"":1729913910867},{""box"":{""left"":5195,""right"":3795,""top"":5832,""bottom"":6899},""time"":1729913911121},{""box"":{""left"":5195,""right"":3795,""top"":5832,""bottom"":6899},""time"":1729913911289},{""box"":{""left"":5195,""right"":3795,""top"":5832,""bottom"":6899},""time"":1729913911400},{""box"":{""left"":5195,""right"":3795,""top"":5832,""bottom"":6899},""time"":1729913911464},{""box"":{""left"":5195,""right"":3795,""top"":5832,""bottom"":6899},""time"":1729913911527},{""box"":{""left"":5195,""right"":3795,""top"":5832,""bottom"":6899},""time"":1729913911601},{""box"":{""left"":5195,""right"":3795,""top"":5832,""bottom"":6899},""time"":1729913911691},{""box"":{""left"":5195,""right"":3795,""top"":5832,""bottom"":6899},""time"":1729913911740},{""box"":{""left"":5195,""right"":3795,""top"":5832,""bottom"":6899},""time"":1729913911791},{""box"":{""left"":5195,""right"":3795,""top"":5832,""bottom"":6899},""time"":1729913911843},{""box"":{""left"":5195,""right"":3795,""top"":5832,""bottom"":6899},""time"":1729913911970},{""box"":{""left"":5195,""right"":3795,""top"":5832,""bottom"":6899},""time"":1729913912000},{""box"":{""left"":5195,""right"":3795,""top"":5832,""bottom"":6899},""time"":1729913912056},{""box"":{""left"":5195,""right"":3795,""top"":5832,""bottom"":6899},""time"":1729913912112},{""box"":{""left"":5195,""right"":3795,""top"":5832,""bottom"":6899},""time"":1729913912166},{""box"":{""left"":5195,""right"":3795,""top"":5832,""bottom"":6899},""time"":1729913912222},{""box"":{""left"":5195,""right"":3795,""top"":5832,""bottom"":6899},""time"":1729913912264},{""box"":{""left"":5195,""right"":3795,""top"":5832,""bottom"":6899},""time"":1729913912299},{""box"":{""left"":5195,""right"":3795,""top"":5832,""bottom"":6899},""time"":1729913912341},{""box"":{""left"":5195,""right"":3795,""top"":5832,""bottom"":6899},""time"":1729913912361},{""box"":{""left"":5195,""right"":3795,""top"":5832,""bottom"":6899},""time"":1729913912403},{""box"":{""left"":5195,""right"":3795,""top"":5832,""bottom"":6899},""time"":1729913912431},{""box"":{""left"":5195,""right"":3795,""top"":5832,""bottom"":6899},""time"":1729913912473},{""box"":{""left"":5195,""right"":3795,""top"":5832,""bottom"":6899},""time"":1729913912587},{""box"":{""left"":5195,""right"":3795,""top"":5832,""bottom"":6899},""time"":1729913912617},{""box"":{""left"":5195,""right"":3795,""top"":5832,""bottom"":6899},""time"":1729913912648},{""box"":{""left"":5195,""right"":3795,""top"":5832,""bottom"":6899},""time"":1729913912678},{""box"":{""left"":5195,""right"":3795,""top"":5832,""bottom"":6899},""time"":1729913912726},{""box"":{""left"":5195,""right"":3795,""top"":5832,""bottom"":6899},""time"":1729913912756},{""box"":{""left"":5195,""right"":3795,""top"":5832,""bottom"":6899},""time"":1729913912808},{""box"":{""left"":5195,""right"":3795,""top"":5832,""bottom"":6899},""time"":1729913912838},{""box"":{""left"":5195,""right"":3795,""top"":5832,""bottom"":6899},""time"":1729913912865},{""box"":{""left"":5195,""right"":3795,""top"":5832,""bottom"":6899},""time"":1729913912909},{""box"":{""left"":5195,""right"":3795,""top"":5832,""bottom"":6899},""time"":1729913912960},{""box"":{""left"":5195,""right"":3795,""top"":5832,""bottom"":6899},""time"":1729913913017},{""box"":{""left"":5195,""right"":3795,""top"":5832,""bottom"":6899},""time"":1729913913042},{""box"":{""left"":5195,""right"":3795,""top"":5832,""bottom"":6899},""time"":1729913913094},{""box"":{""left"":5195,""right"":3795,""top"":5832,""bottom"":6899},""time"":1729913913123},{""box"":{""left"":5195,""right"":3795,""top"":5832,""bottom"":6899},""time"":1729913913181},{""box"":{""left"":5195,""right"":3795,""top"":5832,""bottom"":6899},""time"":1729913913245},{""box"":{""left"":5195,""right"":3795,""top"":5832,""bottom"":6899},""time"":1729913913277},{""box"":{""left"":5195,""right"":3795,""top"":5832,""bottom"":6899},""time"":1729913913307},{""box"":{""left"":5195,""right"":3795,""top"":5832,""bottom"":6899},""time"":1729913913382},{""box"":{""left"":5195,""right"":3795,""top"":5832,""bottom"":6899},""time"":1729913913440},{""box"":{""left"":5195,""right"":3795,""top"":5832,""bottom"":6899},""time"":1729913913506},{""box"":{""left"":5195,""right"":3795,""top"":5832,""bottom"":6899},""time"":1729913913564},{""box"":{""left"":5195,""right"":3795,""top"":5832,""bottom"":6899},""time"":1729913913593},{""box"":{""left"":5195,""right"":3795,""top"":5832,""bottom"":6899},""time"":1729913913623},{""box"":{""left"":5195,""right"":3795,""top"":5832,""bottom"":6899},""time"":1729913913660},{""box"":{""left"":5195,""right"":3795,""top"":5832,""bottom"":6899},""time"":1729913913695},{""box"":{""left"":5195,""right"":3795,""top"":5832,""bottom"":6899},""time"":1729913913751},{""box"":{""left"":5195,""right"":3795,""top"":5832,""bottom"":6899},""time"":1729913913783},{""box"":{""left"":5195,""right"":3795,""top"":5832,""bottom"":6899},""time"":1729913913849},{""box"":{""left"":5195,""right"":3795,""top"":5832,""bottom"":6899},""time"":1729913913920},{""box"":{""left"":5195,""right"":3795,""top"":5832,""bottom"":6899},""time"":1729913913992},{""box"":{""left"":5195,""right"":3795,""top"":5832,""bottom"":6899},""time"":1729913914027},{""box"":{""left"":5195,""right"":3795,""top"":5832,""bottom"":6899},""time"":1729913914104},{""box"":{""left"":5195,""right"":3795,""top"":5832,""bottom"":6899},""time"":1729913914180},{""box"":{""left"":5195,""right"":3795,""top"":5832,""bottom"":6899},""time"":1729913914256},{""box"":{""left"":5195,""right"":3795,""top"":5832,""bottom"":6899},""time"":1729913914315},{""box"":{""left"":5195,""right"":3795,""top"":5832,""bottom"":6899},""time"":1729913914379},{""box"":{""left"":5195,""right"":3795,""top"":5832,""bottom"":6899},""time"":1729913914442},{""box"":{""left"":5195,""right"":3795,""top"":5832,""bottom"":6899},""time"":1729913914494},{""box"":{""left"":5195,""right"":3795,""top"":5832,""bottom"":6899},""time"":1729913914542},{""box"":{""left"":5195,""right"":3795,""top"":5832,""bottom"":6899},""time"":1729913914592},{""box"":{""left"":5195,""right"":3795,""top"":5832,""bottom"":6899},""time"":1729913914640},{""box"":{""left"":5195,""right"":3795,""top"":5832,""bottom"":6899},""time"":1729913914698},{""box"":{""left"":5195,""right"":3795,""top"":5832,""bottom"":6899},""time"":1729913914726},{""box"":{""left"":5195,""right"":3795,""top"":5832,""bottom"":6899},""time"":1729913914784},{""box"":{""left"":5195,""right"":3795,""top"":5832,""bottom"":6899},""time"":1729913914812},{""box"":{""left"":5195,""right"":3795,""top"":5832,""bottom"":6899},""time"":1729913914862},{""box"":{""left"":5195,""right"":3795,""top"":5832,""bottom"":6899},""time"":1729913914890},{""box"":{""left"":5195,""right"":3795,""top"":5832,""bottom"":6899},""time"":1729913914938},{""box"":{""left"":5195,""right"":3795,""top"":5832,""bottom"":6899},""time"":1729913914998},{""box"":{""left"":5195,""right"":3795,""top"":5832,""bottom"":6899},""time"":1729913915056},{""box"":{""left"":5195,""right"":3795,""top"":5832,""bottom"":6899},""time"":1729913915075},{""box"":{""left"":5195,""right"":3795,""top"":5832,""bottom"":6899},""time"":1729913915100},{""box"":{""left"":5195,""right"":3795,""top"":5832,""bottom"":6899},""time"":1729913915135},{""box"":{""left"":5195,""right"":3795,""top"":5832,""bottom"":6899},""time"":1729913915193},{""box"":{""left"":5195,""right"":3795,""top"":5832,""bottom"":6899},""time"":1729913915223},{""box"":{""left"":5195,""right"":3795,""top"":5832,""bottom"":6899},""time"":1729913915254},{""box"":{""left"":5195,""right"":3795,""top"":5832,""bottom"":6899},""time"":1729913915310},{""box"":{""left"":5195,""right"":3795,""top"":5832,""bottom"":6899},""time"":1729913915377},{""box"":{""left"":5195,""right"":3795,""top"":5832,""bottom"":6899},""time"":1729913915436},{""box"":{""left"":5195,""right"":3795,""top"":5832,""bottom"":6899},""time"":1729913915501},{""box"":{""left"":5195,""right"":3795,""top"":5832,""bottom"":6899},""time"":1729913915538},{""box"":{""left"":5195,""right"":3795,""top"":5832,""bottom"":6899},""time"":1729913915586},{""box"":{""left"":5195,""right"":3795,""top"":5832,""bottom"":6899},""time"":1729913915616},{""box"":{""left"":5195,""right"":3795,""top"":5832,""bottom"":6899},""time"":1729913915679},{""box"":{""left"":5195,""right"":3795,""top"":5832,""bottom"":6899},""time"":1729913915751},{""box"":{""left"":5195,""right"":3795,""top"":5832,""bottom"":6899},""time"":1729913915809},{""box"":{""left"":5195,""right"":3795,""top"":5832,""bottom"":6899},""time"":1729913915856},{""box"":{""left"":5195,""right"":3795,""top"":5832,""bottom"":6899},""time"":1729913915881},{""box"":{""left"":5195,""right"":3795,""top"":5832,""bottom"":6899},""time"":1729913915908},{""box"":{""left"":5195,""right"":3795,""top"":5832,""bottom"":6899},""time"":1729913915965},{""box"":{""left"":5195,""right"":3795,""top"":5832,""bottom"":6899},""time"":1729913916022}",,,,,
57139,Person,2024-10-26 12:38:12,2024-10-26 12:38:32,"{""left"":5971,""right"":2780,""top"":6407,""bottom"":4677},{""box"":{""left"":5971,""right"":2780,""top"":6407,""bottom"":4677},""time"":1729913894074},{""box"":{""left"":5971,""right"":2780,""top"":6407,""bottom"":4677},""time"":1729913894518},{""box"":{""left"":5971,""right"":2780,""top"":6407,""bottom"":4677},""time"":1729913894623},{""box"":{""left"":5971,""right"":2780,""top"":6407,""bottom"":4677},""time"":1729913895853},{""box"":{""left"":5971,""right"":2780,""top"":6407,""bottom"":4677},""time"":1729913896376},{""box"":{""left"":5971,""right"":2780,""top"":6407,""bottom"":4677},""time"":1729913896559},{""box"":{""left"":5971,""right"":2780,""top"":6407,""bottom"":4677},""time"":1729913896856},{""box"":{""left"":5971,""right"":2780,""top"":6407,""bottom"":4677},""time"":1729913897386},{""box"":{""left"":5971,""right"":2780,""top"":6407,""bottom"":4677},""time"":1729913897636},{""box"":{""left"":5971,""right"":2780,""top"":6407,""bottom"":4677},""time"":1729913897798},{""box"":{""left"":5971,""right"":2780,""top"":6407,""bottom"":4677},""time"":1729913897896},{""box"":{""left"":5971,""right"":2780,""top"":6407,""bottom"":4677},""time"":1729913898038},{""box"":{""left"":5971,""right"":2780,""top"":6407,""bottom"":4677},""time"":1729913898148},{""box"":{""left"":5971,""right"":2780,""top"":6407,""bottom"":4677},""time"":1729913898227},{""box"":{""left"":5971,""right"":2780,""top"":6407,""bottom"":4677},""time"":1729913898326},{""box"":{""left"":5971,""right"":2780,""top"":6407,""bottom"":4677},""time"":1729913898924},{""box"":{""left"":5971,""right"":2780,""top"":6407,""bottom"":4677},""time"":1729913899084},{""box"":{""left"":5971,""right"":2780,""top"":6407,""bottom"":4677},""time"":1729913899182},{""box"":{""left"":5971,""right"":2780,""top"":6407,""bottom"":4677},""time"":1729913899508},{""box"":{""left"":5971,""right"":2780,""top"":6407,""bottom"":4677},""time"":1729913899876},{""box"":{""left"":5971,""right"":2780,""top"":6407,""bottom"":4677},""time"":1729913900043},{""box"":{""left"":5971,""right"":2780,""top"":6407,""bottom"":4677},""time"":1729913900132},{""box"":{""left"":5971,""right"":2780,""top"":6407,""bottom"":4677},""time"":1729913900222},{""box"":{""left"":5971,""right"":2780,""top"":6407,""bottom"":4677},""time"":1729913900300},{""box"":{""left"":5971,""right"":2780,""top"":6407,""bottom"":4677},""time"":1729913900414},{""box"":{""left"":5971,""right"":2780,""top"":6407,""bottom"":4677},""time"":1729913900635},{""box"":{""left"":5971,""right"":2780,""top"":6407,""bottom"":4677},""time"":1729913900729},{""box"":{""left"":5971,""right"":2780,""top"":6407,""bottom"":4677},""time"":1729913900858},{""box"":{""left"":5971,""right"":2780,""top"":6407,""bottom"":4677},""time"":1729913900965},{""box"":{""left"":5971,""right"":2780,""top"":6407,""bottom"":4677},""time"":1729913901129},{""box"":{""left"":5971,""right"":2780,""top"":6407,""bottom"":4677},""time"":1729913901252},{""box"":{""left"":5971,""right"":2780,""top"":6407,""bottom"":4677},""time"":1729913901363},{""box"":{""left"":5971,""right"":2780,""top"":6407,""bottom"":4677},""time"":1729913901468},{""box"":{""left"":5971,""right"":2780,""top"":6407,""bottom"":4677},""time"":1729913901535},{""box"":{""left"":5971,""right"":2780,""top"":6407,""bottom"":4677},""time"":1729913901591},{""box"":{""left"":5971,""right"":2780,""top"":6407,""bottom"":4677},""time"":1729913901651},{""box"":{""left"":5971,""right"":2780,""top"":6407,""bottom"":4677},""time"":1729913901850},{""box"":{""left"":5971,""right"":2780,""top"":6407,""bottom"":4677},""time"":1729913901954},{""box"":{""left"":5971,""right"":2780,""top"":6407,""bottom"":4677},""time"":1729913902065},{""box"":{""left"":5971,""right"":2780,""top"":6407,""bottom"":4677},""time"":1729913902169},{""box"":{""left"":5971,""right"":2780,""top"":6407,""bottom"":4677},""time"":1729913902250},{""box"":{""left"":5971,""right"":2780,""top"":6407,""bottom"":4677},""time"":1729913902331},{""box"":{""left"":5971,""right"":2780,""top"":6407,""bottom"":4677},""time"":1729913902403},{""box"":{""left"":5971,""right"":2780,""top"":6407,""bottom"":4677},""time"":1729913902451},{""box"":{""left"":5971,""right"":2780,""top"":6407,""bottom"":4677},""time"":1729913902820},{""box"":{""left"":5971,""right"":2780,""top"":6407,""bottom"":4677},""time"":1729913902892},{""box"":{""left"":5971,""right"":2780,""top"":6407,""bottom"":4677},""time"":1729913902966},{""box"":{""left"":5971,""right"":2780,""top"":6407,""bottom"":4677},""time"":1729913903040},{""box"":{""left"":5971,""right"":2780,""top"":6407,""bottom"":4677},""time"":1729913903124},{""box"":{""left"":5971,""right"":2780,""top"":6407,""bottom"":4677},""time"":1729913903174},{""box"":{""left"":5971,""right"":2780,""top"":6407,""bottom"":4677},""time"":1729913903288},{""box"":{""left"":5971,""right"":2780,""top"":6407,""bottom"":4677},""time"":1729913903361},{""box"":{""left"":5971,""right"":2780,""top"":6407,""bottom"":4677},""time"":1729913903431},{""box"":{""left"":5971,""right"":2780,""top"":6407,""bottom"":4677},""time"":1729913903501},{""box"":{""left"":5971,""right"":2780,""top"":6407,""bottom"":4677},""time"":1729913903591},{""box"":{""left"":5971,""right"":2780,""top"":6407,""bottom"":4677},""time"":1729913903647},{""box"":{""left"":5971,""right"":2780,""top"":6407,""bottom"":4677},""time"":1729913903727},{""box"":{""left"":5971,""right"":2780,""top"":6407,""bottom"":4677},""time"":1729913903797},{""box"":{""left"":5971,""right"":2780,""top"":6407,""bottom"":4677},""time"":1729913903865},{""box"":{""left"":5971,""right"":2780,""top"":6407,""bottom"":4677},""time"":1729913903973},{""box"":{""left"":5971,""right"":2780,""top"":6407,""bottom"":4677},""time"":1729913904054},{""box"":{""left"":5971,""right"":2780,""top"":6407,""bottom"":4677},""time"":1729913904214},{""box"":{""left"":5971,""right"":2780,""top"":6407,""bottom"":4677},""time"":1729913904306},{""box"":{""left"":5971,""right"":2780,""top"":6407,""bottom"":4677},""time"":1729913904493},{""box"":{""left"":5971,""right"":2780,""top"":6407,""bottom"":4677},""time"":1729913904539},{""box"":{""left"":5971,""right"":2780,""top"":6407,""bottom"":4677},""time"":1729913904605},{""box"":{""left"":5971,""right"":2780,""top"":6407,""bottom"":4677},""time"":1729913904674},{""box"":{""left"":5971,""right"":2780,""top"":6407,""bottom"":4677},""time"":1729913904731},{""box"":{""left"":5971,""right"":2780,""top"":6407,""bottom"":4677},""time"":1729913904790},{""box"":{""left"":5971,""right"":2780,""top"":6407,""bottom"":4677},""time"":1729913904866},{""box"":{""left"":5971,""right"":2780,""top"":6407,""bottom"":4677},""time"":1729913904913},{""box"":{""left"":5971,""right"":2780,""top"":6407,""bottom"":4677},""time"":1729913904982},{""box"":{""left"":5971,""right"":2780,""top"":6407,""bottom"":4677},""time"":1729913905050},{""box"":{""left"":5971,""right"":2780,""top"":6407,""bottom"":4677},""time"":1729913905111},{""box"":{""left"":5971,""right"":2780,""top"":6407,""bottom"":4677},""time"":1729913905178},{""box"":{""left"":5971,""right"":2780,""top"":6407,""bottom"":4677},""time"":1729913905249},{""box"":{""left"":5971,""right"":2780,""top"":6407,""bottom"":4677},""time"":1729913905321},{""box"":{""left"":5971,""right"":2780,""top"":6407,""bottom"":4677},""time"":1729913905378},{""box"":{""left"":5971,""right"":2780,""top"":6407,""bottom"":4677},""time"":1729913905435},{""box"":{""left"":5971,""right"":2780,""top"":6407,""bottom"":4677},""time"":1729913905494},{""box"":{""left"":5971,""right"":2780,""top"":6407,""bottom"":4677},""time"":1729913905552},{""box"":{""left"":5971,""right"":2780,""top"":6407,""bottom"":4677},""time"":1729913905621},{""box"":{""left"":5971,""right"":2780,""top"":6407,""bottom"":4677},""time"":1729913905715},{""box"":{""left"":5971,""right"":2780,""top"":6407,""bottom"":4677},""time"":1729913905773},{""box"":{""left"":5971,""right"":2780,""top"":6407,""bottom"":4677},""time"":1729913905865},{""box"":{""left"":5971,""right"":2780,""top"":6407,""bottom"":4677},""time"":1729913905954},{""box"":{""left"":5971,""right"":2780,""top"":6407,""bottom"":4677},""time"":1729913906043},{""box"":{""left"":5971,""right"":2780,""top"":6407,""bottom"":4677},""time"":1729913906275},{""box"":{""left"":5971,""right"":2780,""top"":6407,""bottom"":4677},""time"":1729913906327},{""box"":{""left"":5971,""right"":2780,""top"":6407,""bottom"":4677},""time"":1729913906398},{""box"":{""left"":5971,""right"":2780,""top"":6407,""bottom"":4677},""time"":1729913906456},{""box"":{""left"":5971,""right"":2780,""top"":6407,""bottom"":4677},""time"":1729913907060},{""box"":{""left"":5971,""right"":2780,""top"":6407,""bottom"":4677},""time"":1729913907124},{""box"":{""left"":5971,""right"":2780,""top"":6407,""bottom"":4677},""time"":1729913907196},{""box"":{""left"":5971,""right"":2780,""top"":6407,""bottom"":4677},""time"":1729913907268},{""box"":{""left"":5971,""right"":2780,""top"":6407,""bottom"":4677},""time"":1729913907341},{""box"":{""left"":5971,""right"":2780,""top"":6407,""bottom"":4677},""time"":1729913907411},{""box"":{""left"":5971,""right"":2780,""top"":6407,""bottom"":4677},""time"":1729913907519},{""box"":{""left"":5971,""right"":2780,""top"":6407,""bottom"":4677},""time"":1729913907583},{""box"":{""left"":5971,""right"":2780,""top"":6407,""bottom"":4677},""time"":1729913907654},{""box"":{""left"":5971,""right"":2780,""top"":6407,""bottom"":4677},""time"":1729913907715},{""box"":{""left"":5971,""right"":2780,""top"":6407,""bottom"":4677},""time"":1729913907785},{""box"":{""left"":5971,""right"":2780,""top"":6407,""bottom"":4677},""time"":1729913907857},{""box"":{""left"":5971,""right"":2780,""top"":6407,""bottom"":4677},""time"":1729913907919},{""box"":{""left"":5971,""right"":2780,""top"":6407,""bottom"":4677},""time"":1729913907989},{""box"":{""left"":5971,""right"":2780,""top"":6407,""bottom"":4677},""time"":1729913908061},{""box"":{""left"":5971,""right"":2780,""top"":6407,""bottom"":4677},""time"":1729913908317},{""box"":{""left"":5971,""right"":2780,""top"":6407,""bottom"":4677},""time"":1729913908376},{""box"":{""left"":5971,""right"":2780,""top"":6407,""bottom"":4677},""time"":1729913908516},{""box"":{""left"":5971,""right"":2780,""top"":6407,""bottom"":4677},""time"":1729913908572},{""box"":{""left"":5971,""right"":2780,""top"":6407,""bottom"":4677},""time"":1729913908644},{""box"":{""left"":5971,""right"":2780,""top"":6407,""bottom"":4677},""time"":1729913908735},{""box"":{""left"":5971,""right"":2780,""top"":6407,""bottom"":4677},""time"":1729913908816},{""box"":{""left"":5971,""right"":2780,""top"":6407,""bottom"":4677},""time"":1729913908879},{""box"":{""left"":5971,""right"":2780,""top"":6407,""bottom"":4677},""time"":1729913908941},{""box"":{""left"":5971,""right"":2780,""top"":6407,""bottom"":4677},""time"":1729913909039},{""box"":{""left"":5971,""right"":2780,""top"":6407,""bottom"":4677},""time"":1729913909118},{""box"":{""left"":5971,""right"":2780,""top"":6407,""bottom"":4677},""time"":1729913909259},{""box"":{""left"":5971,""right"":2780,""top"":6407,""bottom"":4677},""time"":1729913911298},{""box"":{""left"":5971,""right"":2780,""top"":6407,""bottom"":4677},""time"":1729913911351},{""box"":{""left"":5971,""right"":2780,""top"":6407,""bottom"":4677},""time"":1729913911410},{""box"":{""left"":5971,""right"":2780,""top"":6407,""bottom"":4677},""time"":1729913911474},{""box"":{""left"":5971,""right"":2780,""top"":6407,""bottom"":4677},""time"":1729913911538},{""box"":{""left"":5971,""right"":2780,""top"":6407,""bottom"":4677},""time"":1729913911610},{""box"":{""left"":5971,""right"":2780,""top"":6407,""bottom"":4677},""time"":1729913911700},{""box"":{""left"":5971,""right"":2780,""top"":6407,""bottom"":4677},""time"":1729913911749},{""box"":{""left"":5971,""right"":2780,""top"":6407,""bottom"":4677},""time"":1729913911800},{""box"":{""left"":5971,""right"":2780,""top"":6407,""bottom"":4677},""time"":1729913911853},{""box"":{""left"":5971,""right"":2780,""top"":6407,""bottom"":4677},""time"":1729913911907},{""box"":{""left"":5971,""right"":2780,""top"":6407,""bottom"":4677},""time"":1729913911979},{""box"":{""left"":5971,""right"":2780,""top"":6407,""bottom"":4677},""time"":1729913912011},{""box"":{""left"":5971,""right"":2780,""top"":6407,""bottom"":4677},""time"":1729913912065},{""box"":{""left"":5971,""right"":2780,""top"":6407,""bottom"":4677},""time"":1729913912121},{""box"":{""left"":5971,""right"":2780,""top"":6407,""bottom"":4677},""time"":1729913912176},{""box"":{""left"":5971,""right"":2780,""top"":6407,""bottom"":4677},""time"":1729913912232},{""box"":{""left"":5971,""right"":2780,""top"":6407,""bottom"":4677},""time"":1729913912273},{""box"":{""left"":5971,""right"":2780,""top"":6407,""bottom"":4677},""time"":1729913912308},{""box"":{""left"":5971,""right"":2780,""top"":6407,""bottom"":4677},""time"":1729913912350},{""box"":{""left"":5971,""right"":2780,""top"":6407,""bottom"":4677},""time"":1729913912371},{""box"":{""left"":5971,""right"":2780,""top"":6407,""bottom"":4677},""time"":1729913912412},{""box"":{""left"":5971,""right"":2780,""top"":6407,""bottom"":4677},""time"":1729913912441},{""box"":{""left"":5971,""right"":2780,""top"":6407,""bottom"":4677},""time"":1729913912482},{""box"":{""left"":5971,""right"":2780,""top"":6407,""bottom"":4677},""time"":1729913912515},{""box"":{""left"":5971,""right"":2780,""top"":6407,""bottom"":4677},""time"":1729913912552},{""box"":{""left"":5971,""right"":2780,""top"":6407,""bottom"":4677},""time"":1729913912596},{""box"":{""left"":5971,""right"":2780,""top"":6407,""bottom"":4677},""time"":1729913912626},{""box"":{""left"":5971,""right"":2780,""top"":6407,""bottom"":4677},""time"":1729913912657},{""box"":{""left"":5971,""right"":2780,""top"":6407,""bottom"":4677},""time"":1729913912687},{""box"":{""left"":5971,""right"":2780,""top"":6407,""bottom"":4677},""time"":1729913912735},{""box"":{""left"":5971,""right"":2780,""top"":6407,""bottom"":4677},""time"":1729913912765},{""box"":{""left"":5971,""right"":2780,""top"":6407,""bottom"":4677},""time"":1729913912817}",,,,,
57140,Person,2024-10-26 12:38:14,2024-10-26 12:38:32,"{""left"":9124,""right"":7087,""top"":10000,""bottom"":9962},{""box"":{""left"":9124,""right"":7087,""top"":10000,""bottom"":9962},""time"":1729913894528},{""box"":{""left"":9124,""right"":7087,""top"":10000,""bottom"":9962},""time"":1729913894632},{""box"":{""left"":9124,""right"":7087,""top"":10000,""bottom"":9962},""time"":1729913895863},{""box"":{""left"":9124,""right"":7087,""top"":10000,""bottom"":9962},""time"":1729913896386},{""box"":{""left"":9124,""right"":7087,""top"":10000,""bottom"":9962},""time"":1729913896568},{""box"":{""left"":9124,""right"":7087,""top"":10000,""bottom"":9962},""time"":1729913896866},{""box"":{""left"":9124,""right"":7087,""top"":10000,""bottom"":9962},""time"":1729913897396},{""box"":{""left"":9124,""right"":7087,""top"":10000,""bottom"":9962},""time"":1729913897645},{""box"":{""left"":9124,""right"":7087,""top"":10000,""bottom"":9962},""time"":1729913897807},{""box"":{""left"":9124,""right"":7087,""top"":10000,""bottom"":9962},""time"":1729913897905},{""box"":{""left"":9124,""right"":7087,""top"":10000,""bottom"":9962},""time"":1729913898048},{""box"":{""left"":9124,""right"":7087,""top"":10000,""bottom"":9962},""time"":1729913898236},{""box"":{""left"":9124,""right"":7087,""top"":10000,""bottom"":9962},""time"":1729913898335},{""box"":{""left"":9124,""right"":7087,""top"":10000,""bottom"":9962},""time"":1729913899093},{""box"":{""left"":9124,""right"":7087,""top"":10000,""bottom"":9962},""time"":1729913899192},{""box"":{""left"":9124,""right"":7087,""top"":10000,""bottom"":9962},""time"":1729913899518},{""box"":{""left"":9124,""right"":7087,""top"":10000,""bottom"":9962},""time"":1729913900312},{""box"":{""left"":9124,""right"":7087,""top"":10000,""bottom"":9962},""time"":1729913900425},{""box"":{""left"":9124,""right"":7087,""top"":10000,""bottom"":9962},""time"":1729913900645},{""box"":{""left"":9124,""right"":7087,""top"":10000,""bottom"":9962},""time"":1729913900868},{""box"":{""left"":9124,""right"":7087,""top"":10000,""bottom"":9962},""time"":1729913900976},{""box"":{""left"":9124,""right"":7087,""top"":10000,""bottom"":9962},""time"":1729913901140},{""box"":{""left"":9124,""right"":7087,""top"":10000,""bottom"":9962},""time"":1729913901262},{""box"":{""left"":9124,""right"":7087,""top"":10000,""bottom"":9962},""time"":1729913901384},{""box"":{""left"":9124,""right"":7087,""top"":10000,""bottom"":9962},""time"":1729913901478},{""box"":{""left"":9124,""right"":7087,""top"":10000,""bottom"":9962},""time"":1729913901545},{""box"":{""left"":9124,""right"":7087,""top"":10000,""bottom"":9962},""time"":1729913901664},{""box"":{""left"":9124,""right"":7087,""top"":10000,""bottom"":9962},""time"":1729913901860},{""box"":{""left"":9124,""right"":7087,""top"":10000,""bottom"":9962},""time"":1729913901965},{""box"":{""left"":9124,""right"":7087,""top"":10000,""bottom"":9962},""time"":1729913902464},{""box"":{""left"":9124,""right"":7087,""top"":10000,""bottom"":9962},""time"":1729913903185},{""box"":{""left"":9124,""right"":7087,""top"":10000,""bottom"":9962},""time"":1729913903299},{""box"":{""left"":9124,""right"":7087,""top"":10000,""bottom"":9962},""time"":1729913903372},{""box"":{""left"":9124,""right"":7087,""top"":10000,""bottom"":9962},""time"":1729913903442},{""box"":{""left"":9124,""right"":7087,""top"":10000,""bottom"":9962},""time"":1729913903511},{""box"":{""left"":9124,""right"":7087,""top"":10000,""bottom"":9962},""time"":1729913903601},{""box"":{""left"":9124,""right"":7087,""top"":10000,""bottom"":9962},""time"":1729913903658},{""box"":{""left"":9124,""right"":7087,""top"":10000,""bottom"":9962},""time"":1729913903738},{""box"":{""left"":9124,""right"":7087,""top"":10000,""bottom"":9962},""time"":1729913903808},{""box"":{""left"":9124,""right"":7087,""top"":10000,""bottom"":9962},""time"":1729913903876},{""box"":{""left"":9124,""right"":7087,""top"":10000,""bottom"":9962},""time"":1729913903984},{""box"":{""left"":9124,""right"":7087,""top"":10000,""bottom"":9962},""time"":1729913904065},{""box"":{""left"":9124,""right"":7087,""top"":10000,""bottom"":9962},""time"":1729913904226},{""box"":{""left"":9124,""right"":7087,""top"":10000,""bottom"":9962},""time"":1729913904319},{""box"":{""left"":9124,""right"":7087,""top"":10000,""bottom"":9962},""time"":1729913904504},{""box"":{""left"":9124,""right"":7087,""top"":10000,""bottom"":9962},""time"":1729913904550},{""box"":{""left"":9124,""right"":7087,""top"":10000,""bottom"":9962},""time"":1729913904616},{""box"":{""left"":9124,""right"":7087,""top"":10000,""bottom"":9962},""time"":1729913904685},{""box"":{""left"":9124,""right"":7087,""top"":10000,""bottom"":9962},""time"":1729913904744},{""box"":{""left"":9124,""right"":7087,""top"":10000,""bottom"":9962},""time"":1729913904802},{""box"":{""left"":9124,""right"":7087,""top"":10000,""bottom"":9962},""time"":1729913904876},{""box"":{""left"":9124,""right"":7087,""top"":10000,""bottom"":9962},""time"":1729913904923},{""box"":{""left"":9124,""right"":7087,""top"":10000,""bottom"":9962},""time"":1729913904992},{""box"":{""left"":9124,""right"":7087,""top"":10000,""bottom"":9962},""time"":1729913905063},{""box"":{""left"":9124,""right"":7087,""top"":10000,""bottom"":9962},""time"":1729913905121},{""box"":{""left"":9124,""right"":7087,""top"":10000,""bottom"":9962},""time"":1729913905189},{""box"":{""left"":9124,""right"":7087,""top"":10000,""bottom"":9962},""time"":1729913905259},{""box"":{""left"":9124,""right"":7087,""top"":10000,""bottom"":9962},""time"":1729913905332},{""box"":{""left"":9124,""right"":7087,""top"":10000,""bottom"":9962},""time"":1729913905389},{""box"":{""left"":9124,""right"":7087,""top"":10000,""bottom"":9962},""time"":1729913905447},{""box"":{""left"":9124,""right"":7087,""top"":10000,""bottom"":9962},""time"":1729913905505},{""box"":{""left"":9124,""right"":7087,""top"":10000,""bottom"":9962},""time"":1729913905563},{""box"":{""left"":9124,""right"":7087,""top"":10000,""bottom"":9962},""time"":1729913905634},{""box"":{""left"":9124,""right"":7087,""top"":10000,""bottom"":9962},""time"":1729913905726},{""box"":{""left"":9124,""right"":7087,""top"":10000,""bottom"":9962},""time"":1729913905784},{""box"":{""left"":9124,""right"":7087,""top"":10000,""bottom"":9962},""time"":1729913905819},{""box"":{""left"":9124,""right"":7087,""top"":10000,""bottom"":9962},""time"":1729913905876},{""box"":{""left"":9124,""right"":7087,""top"":10000,""bottom"":9962},""time"":1729913905967},{""box"":{""left"":9124,""right"":7087,""top"":10000,""bottom"":9962},""time"":1729913905996},{""box"":{""left"":9124,""right"":7087,""top"":10000,""bottom"":9962},""time"":1729913906054},{""box"":{""left"":9124,""right"":7087,""top"":10000,""bottom"":9962},""time"":1729913906129},{""box"":{""left"":9124,""right"":7087,""top"":10000,""bottom"":9962},""time"":1729913906706},{""box"":{""left"":9124,""right"":7087,""top"":10000,""bottom"":9962},""time"":1729913906784},{""box"":{""left"":9124,""right"":7087,""top"":10000,""bottom"":9962},""time"":1729913907031},{""box"":{""left"":9124,""right"":7087,""top"":10000,""bottom"":9962},""time"":1729913907069},{""box"":{""left"":9124,""right"":7087,""top"":10000,""bottom"":9962},""time"":1729913907138},{""box"":{""left"":9124,""right"":7087,""top"":10000,""bottom"":9962},""time"":1729913907205},{""box"":{""left"":9124,""right"":7087,""top"":10000,""bottom"":9962},""time"":1729913907239},{""box"":{""left"":9124,""right"":7087,""top"":10000,""bottom"":9962},""time"":1729913907277},{""box"":{""left"":9124,""right"":7087,""top"":10000,""bottom"":9962},""time"":1729913907350},{""box"":{""left"":9124,""right"":7087,""top"":10000,""bottom"":9962},""time"":1729913907383},{""box"":{""left"":9124,""right"":7087,""top"":10000,""bottom"":9962},""time"":1729913907420},{""box"":{""left"":9124,""right"":7087,""top"":10000,""bottom"":9962},""time"":1729913907529},{""box"":{""left"":9124,""right"":7087,""top"":10000,""bottom"":9962},""time"":1729913907592},{""box"":{""left"":9124,""right"":7087,""top"":10000,""bottom"":9962},""time"":1729913907626},{""box"":{""left"":9124,""right"":7087,""top"":10000,""bottom"":9962},""time"":1729913907663},{""box"":{""left"":9124,""right"":7087,""top"":10000,""bottom"":9962},""time"":1729913907724},{""box"":{""left"":9124,""right"":7087,""top"":10000,""bottom"":9962},""time"":1729913907755},{""box"":{""left"":9124,""right"":7087,""top"":10000,""bottom"":9962},""time"":1729913907794},{""box"":{""left"":9124,""right"":7087,""top"":10000,""bottom"":9962},""time"":1729913907866},{""box"":{""left"":9124,""right"":7087,""top"":10000,""bottom"":9962},""time"":1729913907928},{""box"":{""left"":9124,""right"":7087,""top"":10000,""bottom"":9962},""time"":1729913907961},{""box"":{""left"":9124,""right"":7087,""top"":10000,""bottom"":9962},""time"":1729913907998},{""box"":{""left"":9124,""right"":7087,""top"":10000,""bottom"":9962},""time"":1729913908070},{""box"":{""left"":9124,""right"":7087,""top"":10000,""bottom"":9962},""time"":1729913908326},{""box"":{""left"":9124,""right"":7087,""top"":10000,""bottom"":9962},""time"":1729913908356},{""box"":{""left"":9124,""right"":7087,""top"":10000,""bottom"":9962},""time"":1729913908385},{""box"":{""left"":9124,""right"":7087,""top"":10000,""bottom"":9962},""time"":1729913908496},{""box"":{""left"":9124,""right"":7087,""top"":10000,""bottom"":9962},""time"":1729913908553},{""box"":{""left"":9124,""right"":7087,""top"":10000,""bottom"":9962},""time"":1729913908581},{""box"":{""left"":9124,""right"":7087,""top"":10000,""bottom"":9962},""time"":1729913908625},{""box"":{""left"":9124,""right"":7087,""top"":10000,""bottom"":9962},""time"":1729913908653},{""box"":{""left"":9124,""right"":7087,""top"":10000,""bottom"":9962},""time"":1729913908707},{""box"":{""left"":9124,""right"":7087,""top"":10000,""bottom"":9962},""time"":1729913908744},{""box"":{""left"":9124,""right"":7087,""top"":10000,""bottom"":9962},""time"":1729913908825},{""box"":{""left"":9124,""right"":7087,""top"":10000,""bottom"":9962},""time"":1729913908889},{""box"":{""left"":9124,""right"":7087,""top"":10000,""bottom"":9962},""time"":1729913908913},{""box"":{""left"":9124,""right"":7087,""top"":10000,""bottom"":9962},""time"":1729913908952},{""box"":{""left"":9124,""right"":7087,""top"":10000,""bottom"":9962},""time"":1729913909048},{""box"":{""left"":9124,""right"":7087,""top"":10000,""bottom"":9962},""time"":1729913909127},{""box"":{""left"":9124,""right"":7087,""top"":10000,""bottom"":9962},""time"":1729913909268},{""box"":{""left"":9124,""right"":7087,""top"":10000,""bottom"":9962},""time"":1729913909302},{""box"":{""left"":9124,""right"":7087,""top"":10000,""bottom"":9962},""time"":1729913909365},{""box"":{""left"":9124,""right"":7087,""top"":10000,""bottom"":9962},""time"":1729913909393},{""box"":{""left"":9124,""right"":7087,""top"":10000,""bottom"":9962},""time"":1729913909491},{""box"":{""left"":9124,""right"":7087,""top"":10000,""bottom"":9962},""time"":1729913909551},{""box"":{""left"":9124,""right"":7087,""top"":10000,""bottom"":9962},""time"":1729913909600},{""box"":{""left"":9124,""right"":7087,""top"":10000,""bottom"":9962},""time"":1729913909658},{""box"":{""left"":9124,""right"":7087,""top"":10000,""bottom"":9962},""time"":1729913909688},{""box"":{""left"":9124,""right"":7087,""top"":10000,""bottom"":9962},""time"":1729913909719},{""box"":{""left"":9124,""right"":7087,""top"":10000,""bottom"":9962},""time"":1729913909747},{""box"":{""left"":9124,""right"":7087,""top"":10000,""bottom"":9962},""time"":1729913909780},{""box"":{""left"":9124,""right"":7087,""top"":10000,""bottom"":9962},""time"":1729913909809},{""box"":{""left"":9124,""right"":7087,""top"":10000,""bottom"":9962},""time"":1729913909840},{""box"":{""left"":9124,""right"":7087,""top"":10000,""bottom"":9962},""time"":1729913909870},{""box"":{""left"":9124,""right"":7087,""top"":10000,""bottom"":9962},""time"":1729913909917},{""box"":{""left"":9124,""right"":7087,""top"":10000,""bottom"":9962},""time"":1729913909944},{""box"":{""left"":9124,""right"":7087,""top"":10000,""bottom"":9962},""time"":1729913909977},{""box"":{""left"":9124,""right"":7087,""top"":10000,""bottom"":9962},""time"":1729913910025},{""box"":{""left"":9124,""right"":7087,""top"":10000,""bottom"":9962},""time"":1729913910074},{""box"":{""left"":9124,""right"":7087,""top"":10000,""bottom"":9962},""time"":1729913910102},{""box"":{""left"":9124,""right"":7087,""top"":10000,""bottom"":9962},""time"":1729913910133},{""box"":{""left"":9124,""right"":7087,""top"":10000,""bottom"":9962},""time"":1729913910163},{""box"":{""left"":9124,""right"":7087,""top"":10000,""bottom"":9962},""time"":1729913910195},{""box"":{""left"":9124,""right"":7087,""top"":10000,""bottom"":9962},""time"":1729913910223},{""box"":{""left"":9124,""right"":7087,""top"":10000,""bottom"":9962},""time"":1729913910256},{""box"":{""left"":9124,""right"":7087,""top"":10000,""bottom"":9962},""time"":1729913910284},{""box"":{""left"":9124,""right"":7087,""top"":10000,""bottom"":9962},""time"":1729913910333},{""box"":{""left"":9124,""right"":7087,""top"":10000,""bottom"":9962},""time"":1729913910361},{""box"":{""left"":9124,""right"":7087,""top"":10000,""bottom"":9962},""time"":1729913910407},{""box"":{""left"":9124,""right"":7087,""top"":10000,""bottom"":9962},""time"":1729913910437},{""box"":{""left"":9124,""right"":7087,""top"":10000,""bottom"":9962},""time"":1729913910484},{""box"":{""left"":9124,""right"":7087,""top"":10000,""bottom"":9962},""time"":1729913910525},{""box"":{""left"":9124,""right"":7087,""top"":10000,""bottom"":9962},""time"":1729913910563},{""box"":{""left"":9124,""right"":7087,""top"":10000,""bottom"":9962},""time"":1729913910591},{""box"":{""left"":9124,""right"":7087,""top"":10000,""bottom"":9962},""time"":1729913910640},{""box"":{""left"":9124,""right"":7087,""top"":10000,""bottom"":9962},""time"":1729913910668},{""box"":{""left"":9124,""right"":7087,""top"":10000,""bottom"":9962},""time"":1729913910701},{""box"":{""left"":9124,""right"":7087,""top"":10000,""bottom"":9962},""time"":1729913910740},{""box"":{""left"":9124,""right"":7087,""top"":10000,""bottom"":9962},""time"":1729913910778},{""box"":{""left"":9124,""right"":7087,""top"":10000,""bottom"":9962},""time"":1729913910818},{""box"":{""left"":9124,""right"":7087,""top"":10000,""bottom"":9962},""time"":1729913910905},{""box"":{""left"":9124,""right"":7087,""top"":10000,""bottom"":9962},""time"":1729913910947},{""box"":{""left"":9124,""right"":7087,""top"":10000,""bottom"":9962},""time"":1729913910986},{""box"":{""left"":9124,""right"":7087,""top"":10000,""bottom"":9962},""time"":1729913911025},{""box"":{""left"":9124,""right"":7087,""top"":10000,""bottom"":9962},""time"":1729913911064},{""box"":{""left"":9124,""right"":7087,""top"":10000,""bottom"":9962},""time"":1729913911102},{""box"":{""left"":9124,""right"":7087,""top"":10000,""bottom"":9962},""time"":1729913911130},{""box"":{""left"":9124,""right"":7087,""top"":10000,""bottom"":9962},""time"":1729913911163},{""box"":{""left"":9124,""right"":7087,""top"":10000,""bottom"":9962},""time"":1729913911201},{""box"":{""left"":9124,""right"":7087,""top"":10000,""bottom"":9962},""time"":1729913911241},{""box"":{""left"":9124,""right"":7087,""top"":10000,""bottom"":9962},""time"":1729913911307},{""box"":{""left"":9124,""right"":7087,""top"":10000,""bottom"":9962},""time"":1729913911419},{""box"":{""left"":9124,""right"":7087,""top"":10000,""bottom"":9962},""time"":1729913911483},{""box"":{""left"":9124,""right"":7087,""top"":10000,""bottom"":9962},""time"":1729913911547},{""box"":{""left"":9124,""right"":7087,""top"":10000,""bottom"":9962},""time"":1729913911582},{""box"":{""left"":9124,""right"":7087,""top"":10000,""bottom"":9962},""time"":1729913911619},{""box"":{""left"":9124,""right"":7087,""top"":10000,""bottom"":9962},""time"":1729913911710},{""box"":{""left"":9124,""right"":7087,""top"":10000,""bottom"":9962},""time"":1729913911759},{""box"":{""left"":9124,""right"":7087,""top"":10000,""bottom"":9962},""time"":1729913911809},{""box"":{""left"":9124,""right"":7087,""top"":10000,""bottom"":9962},""time"":1729913911862},{""box"":{""left"":9124,""right"":7087,""top"":10000,""bottom"":9962},""time"":1729913911898},{""box"":{""left"":9124,""right"":7087,""top"":10000,""bottom"":9962},""time"":1729913911918},{""box"":{""left"":9124,""right"":7087,""top"":10000,""bottom"":9962},""time"":1729913912020},{""box"":{""left"":9124,""right"":7087,""top"":10000,""bottom"":9962},""time"":1729913912074},{""box"":{""left"":9124,""right"":7087,""top"":10000,""bottom"":9962},""time"":1729913912131},{""box"":{""left"":9124,""right"":7087,""top"":10000,""bottom"":9962},""time"":1729913912185}",,,,,
57142,Person,2024-10-26 12:38:24,2024-10-26 12:38:36,"{""left"":6758,""right"":5684,""top"":7482,""bottom"":7702},{""box"":{""left"":6758,""right"":5684,""top"":7482,""bottom"":7702},""time"":1729913906288},{""box"":{""left"":6758,""right"":5684,""top"":7482,""bottom"":7702},""time"":1729913906339},{""box"":{""left"":6758,""right"":5684,""top"":7482,""bottom"":7702},""time"":1729913906409},{""box"":{""left"":6758,""right"":5684,""top"":7482,""bottom"":7702},""time"":1729913906467},{""box"":{""left"":6758,""right"":5684,""top"":7482,""bottom"":7702},""time"":1729913907078},{""box"":{""left"":6758,""right"":5684,""top"":7482,""bottom"":7702},""time"":1729913907152},{""box"":{""left"":6758,""right"":5684,""top"":7482,""bottom"":7702},""time"":1729913907214},{""box"":{""left"":6758,""right"":5684,""top"":7482,""bottom"":7702},""time"":1729913907288},{""box"":{""left"":6758,""right"":5684,""top"":7482,""bottom"":7702},""time"":1729913907359},{""box"":{""left"":6758,""right"":5684,""top"":7482,""bottom"":7702},""time"":1729913907429},{""box"":{""left"":6758,""right"":5684,""top"":7482,""bottom"":7702},""time"":1729913907538},{""box"":{""left"":6758,""right"":5684,""top"":7482,""bottom"":7702},""time"":1729913907601},{""box"":{""left"":6758,""right"":5684,""top"":7482,""bottom"":7702},""time"":1729913907674},{""box"":{""left"":6758,""right"":5684,""top"":7482,""bottom"":7702},""time"":1729913907733},{""box"":{""left"":6758,""right"":5684,""top"":7482,""bottom"":7702},""time"":1729913907803},{""box"":{""left"":6758,""right"":5684,""top"":7482,""bottom"":7702},""time"":1729913907875},{""box"":{""left"":6758,""right"":5684,""top"":7482,""bottom"":7702},""time"":1729913907937},{""box"":{""left"":6758,""right"":5684,""top"":7482,""bottom"":7702},""time"":1729913908007},{""box"":{""left"":6758,""right"":5684,""top"":7482,""bottom"":7702},""time"":1729913908080},{""box"":{""left"":6758,""right"":5684,""top"":7482,""bottom"":7702},""time"":1729913908335},{""box"":{""left"":6758,""right"":5684,""top"":7482,""bottom"":7702},""time"":1729913908394},{""box"":{""left"":6758,""right"":5684,""top"":7482,""bottom"":7702},""time"":1729913908525},{""box"":{""left"":6758,""right"":5684,""top"":7482,""bottom"":7702},""time"":1729913908592},{""box"":{""left"":6758,""right"":5684,""top"":7482,""bottom"":7702},""time"":1729913908662},{""box"":{""left"":6758,""right"":5684,""top"":7482,""bottom"":7702},""time"":1729913908753},{""box"":{""left"":6758,""right"":5684,""top"":7482,""bottom"":7702},""time"":1729913908834},{""box"":{""left"":6758,""right"":5684,""top"":7482,""bottom"":7702},""time"":1729913908898},{""box"":{""left"":6758,""right"":5684,""top"":7482,""bottom"":7702},""time"":1729913908962},{""box"":{""left"":6758,""right"":5684,""top"":7482,""bottom"":7702},""time"":1729913909058},{""box"":{""left"":6758,""right"":5684,""top"":7482,""bottom"":7702},""time"":1729913909136},{""box"":{""left"":6758,""right"":5684,""top"":7482,""bottom"":7702},""time"":1729913909277},{""box"":{""left"":6758,""right"":5684,""top"":7482,""bottom"":7702},""time"":1729913909404},{""box"":{""left"":6758,""right"":5684,""top"":7482,""bottom"":7702},""time"":1729913909520},{""box"":{""left"":6758,""right"":5684,""top"":7482,""bottom"":7702},""time"":1729913909628},{""box"":{""left"":6758,""right"":5684,""top"":7482,""bottom"":7702},""time"":1729913909697},{""box"":{""left"":6758,""right"":5684,""top"":7482,""bottom"":7702},""time"":1729913909756},{""box"":{""left"":6758,""right"":5684,""top"":7482,""bottom"":7702},""time"":1729913909818},{""box"":{""left"":6758,""right"":5684,""top"":7482,""bottom"":7702},""time"":1729913909879},{""box"":{""left"":6758,""right"":5684,""top"":7482,""bottom"":7702},""time"":1729913909955},{""box"":{""left"":6758,""right"":5684,""top"":7482,""bottom"":7702},""time"":1729913910111},{""box"":{""left"":6758,""right"":5684,""top"":7482,""bottom"":7702},""time"":1729913910173},{""box"":{""left"":6758,""right"":5684,""top"":7482,""bottom"":7702},""time"":1729913910232},{""box"":{""left"":6758,""right"":5684,""top"":7482,""bottom"":7702},""time"":1729913910294},{""box"":{""left"":6758,""right"":5684,""top"":7482,""bottom"":7702},""time"":1729913910370},{""box"":{""left"":6758,""right"":5684,""top"":7482,""bottom"":7702},""time"":1729913910447},{""box"":{""left"":6758,""right"":5684,""top"":7482,""bottom"":7702},""time"":1729913910600},{""box"":{""left"":6758,""right"":5684,""top"":7482,""bottom"":7702},""time"":1729913910677},{""box"":{""left"":6758,""right"":5684,""top"":7482,""bottom"":7702},""time"":1729913910876},{""box"":{""left"":6758,""right"":5684,""top"":7482,""bottom"":7702},""time"":1729913911141},{""box"":{""left"":6758,""right"":5684,""top"":7482,""bottom"":7702},""time"":1729913911317},{""box"":{""left"":6758,""right"":5684,""top"":7482,""bottom"":7702},""time"":1729913911361},{""box"":{""left"":6758,""right"":5684,""top"":7482,""bottom"":7702},""time"":1729913911428},{""box"":{""left"":6758,""right"":5684,""top"":7482,""bottom"":7702},""time"":1729913911492},{""box"":{""left"":6758,""right"":5684,""top"":7482,""bottom"":7702},""time"":1729913911556},{""box"":{""left"":6758,""right"":5684,""top"":7482,""bottom"":7702},""time"":1729913911630},{""box"":{""left"":6758,""right"":5684,""top"":7482,""bottom"":7702},""time"":1729913911721},{""box"":{""left"":6758,""right"":5684,""top"":7482,""bottom"":7702},""time"":1729913911768},{""box"":{""left"":6758,""right"":5684,""top"":7482,""bottom"":7702},""time"":1729913911820},{""box"":{""left"":6758,""right"":5684,""top"":7482,""bottom"":7702},""time"":1729913911872},{""box"":{""left"":6758,""right"":5684,""top"":7482,""bottom"":7702},""time"":1729913911928},{""box"":{""left"":6758,""right"":5684,""top"":7482,""bottom"":7702},""time"":1729913912029},{""box"":{""left"":6758,""right"":5684,""top"":7482,""bottom"":7702},""time"":1729913912084},{""box"":{""left"":6758,""right"":5684,""top"":7482,""bottom"":7702},""time"":1729913912140},{""box"":{""left"":6758,""right"":5684,""top"":7482,""bottom"":7702},""time"":1729913912194},{""box"":{""left"":6758,""right"":5684,""top"":7482,""bottom"":7702},""time"":1729913912526},{""box"":{""left"":6758,""right"":5684,""top"":7482,""bottom"":7702},""time"":1729913912561},{""box"":{""left"":6758,""right"":5684,""top"":7482,""bottom"":7702},""time"":1729913912848},{""box"":{""left"":6758,""right"":5684,""top"":7482,""bottom"":7702},""time"":1729913912875},{""box"":{""left"":6758,""right"":5684,""top"":7482,""bottom"":7702},""time"":1729913912918},{""box"":{""left"":6758,""right"":5684,""top"":7482,""bottom"":7702},""time"":1729913912971},{""box"":{""left"":6758,""right"":5684,""top"":7482,""bottom"":7702},""time"":1729913913026},{""box"":{""left"":6758,""right"":5684,""top"":7482,""bottom"":7702},""time"":1729913913051},{""box"":{""left"":6758,""right"":5684,""top"":7482,""bottom"":7702},""time"":1729913913069},{""box"":{""left"":6758,""right"":5684,""top"":7482,""bottom"":7702},""time"":1729913913103},{""box"":{""left"":6758,""right"":5684,""top"":7482,""bottom"":7702},""time"":1729913913133},{""box"":{""left"":6758,""right"":5684,""top"":7482,""bottom"":7702},""time"":1729913913190},{""box"":{""left"":6758,""right"":5684,""top"":7482,""bottom"":7702},""time"":1729913913256},{""box"":{""left"":6758,""right"":5684,""top"":7482,""bottom"":7702},""time"":1729913913286},{""box"":{""left"":6758,""right"":5684,""top"":7482,""bottom"":7702},""time"":1729913913316},{""box"":{""left"":6758,""right"":5684,""top"":7482,""bottom"":7702},""time"":1729913913391},{""box"":{""left"":6758,""right"":5684,""top"":7482,""bottom"":7702},""time"":1729913913451},{""box"":{""left"":6758,""right"":5684,""top"":7482,""bottom"":7702},""time"":1729913913516},{""box"":{""left"":6758,""right"":5684,""top"":7482,""bottom"":7702},""time"":1729913913573},{""box"":{""left"":6758,""right"":5684,""top"":7482,""bottom"":7702},""time"":1729913913603},{""box"":{""left"":6758,""right"":5684,""top"":7482,""bottom"":7702},""time"":1729913913632},{""box"":{""left"":6758,""right"":5684,""top"":7482,""bottom"":7702},""time"":1729913913669},{""box"":{""left"":6758,""right"":5684,""top"":7482,""bottom"":7702},""time"":1729913913705},{""box"":{""left"":6758,""right"":5684,""top"":7482,""bottom"":7702},""time"":1729913913762},{""box"":{""left"":6758,""right"":5684,""top"":7482,""bottom"":7702},""time"":1729913913792},{""box"":{""left"":6758,""right"":5684,""top"":7482,""bottom"":7702},""time"":1729913913860},{""box"":{""left"":6758,""right"":5684,""top"":7482,""bottom"":7702},""time"":1729913913929},{""box"":{""left"":6758,""right"":5684,""top"":7482,""bottom"":7702},""time"":1729913914001},{""box"":{""left"":6758,""right"":5684,""top"":7482,""bottom"":7702},""time"":1729913914037},{""box"":{""left"":6758,""right"":5684,""top"":7482,""bottom"":7702},""time"":1729913914114},{""box"":{""left"":6758,""right"":5684,""top"":7482,""bottom"":7702},""time"":1729913914189},{""box"":{""left"":6758,""right"":5684,""top"":7482,""bottom"":7702},""time"":1729913914265},{""box"":{""left"":6758,""right"":5684,""top"":7482,""bottom"":7702},""time"":1729913914324},{""box"":{""left"":6758,""right"":5684,""top"":7482,""bottom"":7702},""time"":1729913914391},{""box"":{""left"":6758,""right"":5684,""top"":7482,""bottom"":7702},""time"":1729913914451},{""box"":{""left"":6758,""right"":5684,""top"":7482,""bottom"":7702},""time"":1729913914503},{""box"":{""left"":6758,""right"":5684,""top"":7482,""bottom"":7702},""time"":1729913914551},{""box"":{""left"":6758,""right"":5684,""top"":7482,""bottom"":7702},""time"":1729913914601},{""box"":{""left"":6758,""right"":5684,""top"":7482,""bottom"":7702},""time"":1729913914649},{""box"":{""left"":6758,""right"":5684,""top"":7482,""bottom"":7702},""time"":1729913914707},{""box"":{""left"":6758,""right"":5684,""top"":7482,""bottom"":7702},""time"":1729913914735},{""box"":{""left"":6758,""right"":5684,""top"":7482,""bottom"":7702},""time"":1729913914793},{""box"":{""left"":6758,""right"":5684,""top"":7482,""bottom"":7702},""time"":1729913914821},{""box"":{""left"":6758,""right"":5684,""top"":7482,""bottom"":7702},""time"":1729913914871},{""box"":{""left"":6758,""right"":5684,""top"":7482,""bottom"":7702},""time"":1729913914900},{""box"":{""left"":6758,""right"":5684,""top"":7482,""bottom"":7702},""time"":1729913914950},{""box"":{""left"":6758,""right"":5684,""top"":7482,""bottom"":7702},""time"":1729913915007},{""box"":{""left"":6758,""right"":5684,""top"":7482,""bottom"":7702},""time"":1729913915065},{""box"":{""left"":6758,""right"":5684,""top"":7482,""bottom"":7702},""time"":1729913915084},{""box"":{""left"":6758,""right"":5684,""top"":7482,""bottom"":7702},""time"":1729913915109},{""box"":{""left"":6758,""right"":5684,""top"":7482,""bottom"":7702},""time"":1729913915146},{""box"":{""left"":6758,""right"":5684,""top"":7482,""bottom"":7702},""time"":1729913915202},{""box"":{""left"":6758,""right"":5684,""top"":7482,""bottom"":7702},""time"":1729913915232},{""box"":{""left"":6758,""right"":5684,""top"":7482,""bottom"":7702},""time"":1729913915264},{""box"":{""left"":6758,""right"":5684,""top"":7482,""bottom"":7702},""time"":1729913915320},{""box"":{""left"":6758,""right"":5684,""top"":7482,""bottom"":7702},""time"":1729913915386},{""box"":{""left"":6758,""right"":5684,""top"":7482,""bottom"":7702},""time"":1729913915445},{""box"":{""left"":6758,""right"":5684,""top"":7482,""bottom"":7702},""time"":1729913915512},{""box"":{""left"":6758,""right"":5684,""top"":7482,""bottom"":7702},""time"":1729913915548},{""box"":{""left"":6758,""right"":5684,""top"":7482,""bottom"":7702},""time"":1729913915596},{""box"":{""left"":6758,""right"":5684,""top"":7482,""bottom"":7702},""time"":1729913915627},{""box"":{""left"":6758,""right"":5684,""top"":7482,""bottom"":7702},""time"":1729913915689},{""box"":{""left"":6758,""right"":5684,""top"":7482,""bottom"":7702},""time"":1729913915760},{""box"":{""left"":6758,""right"":5684,""top"":7482,""bottom"":7702},""time"":1729913915818},{""box"":{""left"":6758,""right"":5684,""top"":7482,""bottom"":7702},""time"":1729913915865},{""box"":{""left"":6758,""right"":5684,""top"":7482,""bottom"":7702},""time"":1729913915892},{""box"":{""left"":6758,""right"":5684,""top"":7482,""bottom"":7702},""time"":1729913915918},{""box"":{""left"":6758,""right"":5684,""top"":7482,""bottom"":7702},""time"":1729913915974},{""box"":{""left"":6758,""right"":5684,""top"":7482,""bottom"":7702},""time"":1729913916032}",,,,,
57143,Person,2024-10-26 12:38:26,2024-10-26 12:38:34,"{""left"":4412,""right"":7985,""top"":6524,""bottom"":10000},{""box"":{""left"":4412,""right"":7985,""top"":6524,""bottom"":10000},""time"":1729913906420},{""box"":{""left"":4412,""right"":7985,""top"":6524,""bottom"":10000},""time"":1729913906477},{""box"":{""left"":4412,""right"":7985,""top"":6524,""bottom"":10000},""time"":1729913907297},{""box"":{""left"":4412,""right"":7985,""top"":6524,""bottom"":10000},""time"":1729913907438},{""box"":{""left"":4412,""right"":7985,""top"":6524,""bottom"":10000},""time"":1729913907812},{""box"":{""left"":4412,""right"":7985,""top"":6524,""bottom"":10000},""time"":1729913908016},{""box"":{""left"":4412,""right"":7985,""top"":6524,""bottom"":10000},""time"":1729913908345},{""box"":{""left"":4412,""right"":7985,""top"":6524,""bottom"":10000},""time"":1729913908403},{""box"":{""left"":4412,""right"":7985,""top"":6524,""bottom"":10000},""time"":1729913908535},{""box"":{""left"":4412,""right"":7985,""top"":6524,""bottom"":10000},""time"":1729913908601},{""box"":{""left"":4412,""right"":7985,""top"":6524,""bottom"":10000},""time"":1729913908671},{""box"":{""left"":4412,""right"":7985,""top"":6524,""bottom"":10000},""time"":1729913908764},{""box"":{""left"":4412,""right"":7985,""top"":6524,""bottom"":10000},""time"":1729913909069},{""box"":{""left"":4412,""right"":7985,""top"":6524,""bottom"":10000},""time"":1729913909145},{""box"":{""left"":4412,""right"":7985,""top"":6524,""bottom"":10000},""time"":1729913909413},{""box"":{""left"":4412,""right"":7985,""top"":6524,""bottom"":10000},""time"":1729913909530},{""box"":{""left"":4412,""right"":7985,""top"":6524,""bottom"":10000},""time"":1729913909637},{""box"":{""left"":4412,""right"":7985,""top"":6524,""bottom"":10000},""time"":1729913909888},{""box"":{""left"":4412,""right"":7985,""top"":6524,""bottom"":10000},""time"":1729913910303},{""box"":{""left"":4412,""right"":7985,""top"":6524,""bottom"":10000},""time"":1729913910379},{""box"":{""left"":4412,""right"":7985,""top"":6524,""bottom"":10000},""time"":1729913910456},{""box"":{""left"":4412,""right"":7985,""top"":6524,""bottom"":10000},""time"":1729913910611},{""box"":{""left"":4412,""right"":7985,""top"":6524,""bottom"":10000},""time"":1729913910885},{""box"":{""left"":4412,""right"":7985,""top"":6524,""bottom"":10000},""time"":1729913911370},{""box"":{""left"":4412,""right"":7985,""top"":6524,""bottom"":10000},""time"":1729913911639},{""box"":{""left"":4412,""right"":7985,""top"":6524,""bottom"":10000},""time"":1729913911777},{""box"":{""left"":4412,""right"":7985,""top"":6524,""bottom"":10000},""time"":1729913911830},{""box"":{""left"":4412,""right"":7985,""top"":6524,""bottom"":10000},""time"":1729913911881},{""box"":{""left"":4412,""right"":7985,""top"":6524,""bottom"":10000},""time"":1729913911937},{""box"":{""left"":4412,""right"":7985,""top"":6524,""bottom"":10000},""time"":1729913912039},{""box"":{""left"":4412,""right"":7985,""top"":6524,""bottom"":10000},""time"":1729913912093},{""box"":{""left"":4412,""right"":7985,""top"":6524,""bottom"":10000},""time"":1729913912149},{""box"":{""left"":4412,""right"":7985,""top"":6524,""bottom"":10000},""time"":1729913912205},{""box"":{""left"":4412,""right"":7985,""top"":6524,""bottom"":10000},""time"":1729913912776},{""box"":{""left"":4412,""right"":7985,""top"":6524,""bottom"":10000},""time"":1729913913078},{""box"":{""left"":4412,""right"":7985,""top"":6524,""bottom"":10000},""time"":1729913913142},{""box"":{""left"":4412,""right"":7985,""top"":6524,""bottom"":10000},""time"":1729913913200},{""box"":{""left"":4412,""right"":7985,""top"":6524,""bottom"":10000},""time"":1729913913325},{""box"":{""left"":4412,""right"":7985,""top"":6524,""bottom"":10000},""time"":1729913913401},{""box"":{""left"":4412,""right"":7985,""top"":6524,""bottom"":10000},""time"":1729913913460},{""box"":{""left"":4412,""right"":7985,""top"":6524,""bottom"":10000},""time"":1729913913525},{""box"":{""left"":4412,""right"":7985,""top"":6524,""bottom"":10000},""time"":1729913913714},{""box"":{""left"":4412,""right"":7985,""top"":6524,""bottom"":10000},""time"":1729913913801},{""box"":{""left"":4412,""right"":7985,""top"":6524,""bottom"":10000},""time"":1729913913869},{""box"":{""left"":4412,""right"":7985,""top"":6524,""bottom"":10000},""time"":1729913913939},{""box"":{""left"":4412,""right"":7985,""top"":6524,""bottom"":10000},""time"":1729913914049},{""box"":{""left"":4412,""right"":7985,""top"":6524,""bottom"":10000},""time"":1729913914123},{""box"":{""left"":4412,""right"":7985,""top"":6524,""bottom"":10000},""time"":1729913914199},{""box"":{""left"":4412,""right"":7985,""top"":6524,""bottom"":10000},""time"":1729913914274},{""box"":{""left"":4412,""right"":7985,""top"":6524,""bottom"":10000},""time"":1729913914333}",,,,,
57144,Person,2024-10-26 12:38:28,2024-10-26 12:38:35,"{""left"":4043,""right"":6823,""top"":5257,""bottom"":10000},{""box"":{""left"":4043,""right"":6823,""top"":5257,""bottom"":10000},""time"":1729913908544},{""box"":{""left"":4043,""right"":6823,""top"":5257,""bottom"":10000},""time"":1729913908610},{""box"":{""left"":4043,""right"":6823,""top"":5257,""bottom"":10000},""time"":1729913908682},{""box"":{""left"":4043,""right"":6823,""top"":5257,""bottom"":10000},""time"":1729913908773},{""box"":{""left"":4043,""right"":6823,""top"":5257,""bottom"":10000},""time"":1729913909078},{""box"":{""left"":4043,""right"":6823,""top"":5257,""bottom"":10000},""time"":1729913909156},{""box"":{""left"":4043,""right"":6823,""top"":5257,""bottom"":10000},""time"":1729913909422},{""box"":{""left"":4043,""right"":6823,""top"":5257,""bottom"":10000},""time"":1729913911649},{""box"":{""left"":4043,""right"":6823,""top"":5257,""bottom"":10000},""time"":1729913911946},{""box"":{""left"":4043,""right"":6823,""top"":5257,""bottom"":10000},""time"":1729913912696},{""box"":{""left"":4043,""right"":6823,""top"":5257,""bottom"":10000},""time"":1729913912785},{""box"":{""left"":4043,""right"":6823,""top"":5257,""bottom"":10000},""time"":1729913912886},{""box"":{""left"":4043,""right"":6823,""top"":5257,""bottom"":10000},""time"":1729913912927},{""box"":{""left"":4043,""right"":6823,""top"":5257,""bottom"":10000},""time"":1729913912980},{""box"":{""left"":4043,""right"":6823,""top"":5257,""bottom"":10000},""time"":1729913913151},{""box"":{""left"":4043,""right"":6823,""top"":5257,""bottom"":10000},""time"":1729913913209},{""box"":{""left"":4043,""right"":6823,""top"":5257,""bottom"":10000},""time"":1729913913334},{""box"":{""left"":4043,""right"":6823,""top"":5257,""bottom"":10000},""time"":1729913913410},{""box"":{""left"":4043,""right"":6823,""top"":5257,""bottom"":10000},""time"":1729913913469},{""box"":{""left"":4043,""right"":6823,""top"":5257,""bottom"":10000},""time"":1729913913536},{""box"":{""left"":4043,""right"":6823,""top"":5257,""bottom"":10000},""time"":1729913913723},{""box"":{""left"":4043,""right"":6823,""top"":5257,""bottom"":10000},""time"":1729913913810},{""box"":{""left"":4043,""right"":6823,""top"":5257,""bottom"":10000},""time"":1729913913879},{""box"":{""left"":4043,""right"":6823,""top"":5257,""bottom"":10000},""time"":1729913913949},{""box"":{""left"":4043,""right"":6823,""top"":5257,""bottom"":10000},""time"":1729913914058},{""box"":{""left"":4043,""right"":6823,""top"":5257,""bottom"":10000},""time"":1729913914134},{""box"":{""left"":4043,""right"":6823,""top"":5257,""bottom"":10000},""time"":1729913914208},{""box"":{""left"":4043,""right"":6823,""top"":5257,""bottom"":10000},""time"":1729913914284},{""box"":{""left"":4043,""right"":6823,""top"":5257,""bottom"":10000},""time"":1729913914343},{""box"":{""left"":4043,""right"":6823,""top"":5257,""bottom"":10000},""time"":1729913914400},{""box"":{""left"":4043,""right"":6823,""top"":5257,""bottom"":10000},""time"":1729913914460},{""box"":{""left"":4043,""right"":6823,""top"":5257,""bottom"":10000},""time"":1729913914959},{""box"":{""left"":4043,""right"":6823,""top"":5257,""bottom"":10000},""time"":1729913915016},{""box"":{""left"":4043,""right"":6823,""top"":5257,""bottom"":10000},""time"":1729913915155},{""box"":{""left"":4043,""right"":6823,""top"":5257,""bottom"":10000},""time"":1729913915273},{""box"":{""left"":4043,""right"":6823,""top"":5257,""bottom"":10000},""time"":1729913915329},{""box"":{""left"":4043,""right"":6823,""top"":5257,""bottom"":10000},""time"":1729913915396},{""box"":{""left"":4043,""right"":6823,""top"":5257,""bottom"":10000},""time"":1729913915455},{""box"":{""left"":4043,""right"":6823,""top"":5257,""bottom"":10000},""time"":1729913915698},{""box"":{""left"":4043,""right"":6823,""top"":5257,""bottom"":10000},""time"":1729913915770}",,,,,
57145,Person,2024-10-26 12:38:28,2024-10-26 12:38:33,"{""left"":8876,""right"":7621,""top"":10000,""bottom"":9974},{""box"":{""left"":8876,""right"":7621,""top"":10000,""bottom"":9974},""time"":1729913913344},{""box"":{""left"":8876,""right"":7621,""top"":10000,""bottom"":9974},""time"":1729913913419},{""box"":{""left"":8876,""right"":7621,""top"":10000,""bottom"":9974},""time"":1729913913479}",,,,,
57146,Face,2024-10-26 12:38:29,2024-10-26 12:38:29,"{""left"":4207,""right"":6922,""top"":4551,""bottom"":7422}","6,12",male,,,
57147,Person,2024-10-26 12:38:31,2024-10-26 12:38:36,"{""left"":9000,""right"":5019,""top"":9700,""bottom"":7019},{""box"":{""left"":9000,""right"":5019,""top"":9700,""bottom"":7019},""time"":1729913912715},{""box"":{""left"":9000,""right"":5019,""top"":9700,""bottom"":7019},""time"":1729913912946},{""box"":{""left"":9000,""right"":5019,""top"":9700,""bottom"":7019},""time"":1729913912998},{""box"":{""left"":9000,""right"":5019,""top"":9700,""bottom"":7019},""time"":1729913913160},{""box"":{""left"":9000,""right"":5019,""top"":9700,""bottom"":7019},""time"":1729913913353},{""box"":{""left"":9000,""right"":5019,""top"":9700,""bottom"":7019},""time"":1729913913428},{""box"":{""left"":9000,""right"":5019,""top"":9700,""bottom"":7019},""time"":1729913913545},{""box"":{""left"":9000,""right"":5019,""top"":9700,""bottom"":7019},""time"":1729913913819},{""box"":{""left"":9000,""right"":5019,""top"":9700,""bottom"":7019},""time"":1729913913888},{""box"":{""left"":9000,""right"":5019,""top"":9700,""bottom"":7019},""time"":1729913913959},{""box"":{""left"":9000,""right"":5019,""top"":9700,""bottom"":7019},""time"":1729913914067},{""box"":{""left"":9000,""right"":5019,""top"":9700,""bottom"":7019},""time"":1729913914143},{""box"":{""left"":9000,""right"":5019,""top"":9700,""bottom"":7019},""time"":1729913914219},{""box"":{""left"":9000,""right"":5019,""top"":9700,""bottom"":7019},""time"":1729913914293},{""box"":{""left"":9000,""right"":5019,""top"":9700,""bottom"":7019},""time"":1729913914352},{""box"":{""left"":9000,""right"":5019,""top"":9700,""bottom"":7019},""time"":1729913914409},{""box"":{""left"":9000,""right"":5019,""top"":9700,""bottom"":7019},""time"":1729913914470},{""box"":{""left"":9000,""right"":5019,""top"":9700,""bottom"":7019},""time"":1729913914513},{""box"":{""left"":9000,""right"":5019,""top"":9700,""bottom"":7019},""time"":1729913914561},{""box"":{""left"":9000,""right"":5019,""top"":9700,""bottom"":7019},""time"":1729913914611},{""box"":{""left"":9000,""right"":5019,""top"":9700,""bottom"":7019},""time"":1729913914660},{""box"":{""left"":9000,""right"":5019,""top"":9700,""bottom"":7019},""time"":1729913914745},{""box"":{""left"":9000,""right"":5019,""top"":9700,""bottom"":7019},""time"":1729913914831},{""box"":{""left"":9000,""right"":5019,""top"":9700,""bottom"":7019},""time"":1729913914909},{""box"":{""left"":9000,""right"":5019,""top"":9700,""bottom"":7019},""time"":1729913914968},{""box"":{""left"":9000,""right"":5019,""top"":9700,""bottom"":7019},""time"":1729913915025},{""box"":{""left"":9000,""right"":5019,""top"":9700,""bottom"":7019},""time"":1729913915165},{""box"":{""left"":9000,""right"":5019,""top"":9700,""bottom"":7019},""time"":1729913915282},{""box"":{""left"":9000,""right"":5019,""top"":9700,""bottom"":7019},""time"":1729913915340},{""box"":{""left"":9000,""right"":5019,""top"":9700,""bottom"":7019},""time"":1729913915405},{""box"":{""left"":9000,""right"":5019,""top"":9700,""bottom"":7019},""time"":1729913915464},{""box"":{""left"":9000,""right"":5019,""top"":9700,""bottom"":7019},""time"":1729913915557},{""box"":{""left"":9000,""right"":5019,""top"":9700,""bottom"":7019},""time"":1729913915637},{""box"":{""left"":9000,""right"":5019,""top"":9700,""bottom"":7019},""time"":1729913915709},{""box"":{""left"":9000,""right"":5019,""top"":9700,""bottom"":7019},""time"":1729913915779},{""box"":{""left"":9000,""right"":5019,""top"":9700,""bottom"":7019},""time"":1729913915927},{""box"":{""left"":9000,""right"":5019,""top"":9700,""bottom"":7019},""time"":1729913915985},{""box"":{""left"":9000,""right"":5019,""top"":9700,""bottom"":7019},""time"":1729913916041}",,,,,
57148,Person,2024-10-26 12:38:32,2024-10-26 12:38:36,"{""left"":2377,""right"":5228,""top"":3467,""bottom"":9498},{""box"":{""left"":2377,""right"":5228,""top"":3467,""bottom"":9498},""time"":1729913913171},{""box"":{""left"":2377,""right"":5228,""top"":3467,""bottom"":9498},""time"":1729913913227},{""box"":{""left"":2377,""right"":5228,""top"":3467,""bottom"":9498},""time"":1729913913363},{""box"":{""left"":2377,""right"":5228,""top"":3467,""bottom"":9498},""time"":1729913913488},{""box"":{""left"":2377,""right"":5228,""top"":3467,""bottom"":9498},""time"":1729913913554},{""box"":{""left"":2377,""right"":5228,""top"":3467,""bottom"":9498},""time"":1729913913732},{""box"":{""left"":2377,""right"":5228,""top"":3467,""bottom"":9498},""time"":1729913913829},{""box"":{""left"":2377,""right"":5228,""top"":3467,""bottom"":9498},""time"":1729913913897},{""box"":{""left"":2377,""right"":5228,""top"":3467,""bottom"":9498},""time"":1729913913968},{""box"":{""left"":2377,""right"":5228,""top"":3467,""bottom"":9498},""time"":1729913914076},{""box"":{""left"":2377,""right"":5228,""top"":3467,""bottom"":9498},""time"":1729913914152},{""box"":{""left"":2377,""right"":5228,""top"":3467,""bottom"":9498},""time"":1729913914228},{""box"":{""left"":2377,""right"":5228,""top"":3467,""bottom"":9498},""time"":1729913914304},{""box"":{""left"":2377,""right"":5228,""top"":3467,""bottom"":9498},""time"":1729913914361},{""box"":{""left"":2377,""right"":5228,""top"":3467,""bottom"":9498},""time"":1729913914418},{""box"":{""left"":2377,""right"":5228,""top"":3467,""bottom"":9498},""time"":1729913914481},{""box"":{""left"":2377,""right"":5228,""top"":3467,""bottom"":9498},""time"":1729913914522},{""box"":{""left"":2377,""right"":5228,""top"":3467,""bottom"":9498},""time"":1729913914572},{""box"":{""left"":2377,""right"":5228,""top"":3467,""bottom"":9498},""time"":1729913914620},{""box"":{""left"":2377,""right"":5228,""top"":3467,""bottom"":9498},""time"":1729913914670},{""box"":{""left"":2377,""right"":5228,""top"":3467,""bottom"":9498},""time"":1729913914756},{""box"":{""left"":2377,""right"":5228,""top"":3467,""bottom"":9498},""time"":1729913914840},{""box"":{""left"":2377,""right"":5228,""top"":3467,""bottom"":9498},""time"":1729913914918},{""box"":{""left"":2377,""right"":5228,""top"":3467,""bottom"":9498},""time"":1729913914977},{""box"":{""left"":2377,""right"":5228,""top"":3467,""bottom"":9498},""time"":1729913915036},{""box"":{""left"":2377,""right"":5228,""top"":3467,""bottom"":9498},""time"":1729913915174},{""box"":{""left"":2377,""right"":5228,""top"":3467,""bottom"":9498},""time"":1729913915291},{""box"":{""left"":2377,""right"":5228,""top"":3467,""bottom"":9498},""time"":1729913915349},{""box"":{""left"":2377,""right"":5228,""top"":3467,""bottom"":9498},""time"":1729913915414},{""box"":{""left"":2377,""right"":5228,""top"":3467,""bottom"":9498},""time"":1729913915473},{""box"":{""left"":2377,""right"":5228,""top"":3467,""bottom"":9498},""time"":1729913915566},{""box"":{""left"":2377,""right"":5228,""top"":3467,""bottom"":9498},""time"":1729913915646},{""box"":{""left"":2377,""right"":5228,""top"":3467,""bottom"":9498},""time"":1729913915718},{""box"":{""left"":2377,""right"":5228,""top"":3467,""bottom"":9498},""time"":1729913915788},{""box"":{""left"":2377,""right"":5228,""top"":3467,""bottom"":9498},""time"":1729913915828},{""box"":{""left"":2377,""right"":5228,""top"":3467,""bottom"":9498},""time"":1729913915937},{""box"":{""left"":2377,""right"":5228,""top"":3467,""bottom"":9498},""time"":1729913915994},{""box"":{""left"":2377,""right"":5228,""top"":3467,""bottom"":9498},""time"":1729913916050}",,,,,
57149,Person,2024-10-26 12:38:32,2024-10-26 12:38:36,"{""left"":8981,""right"":4427,""top"":9635,""bottom"":7570},{""box"":{""left"":8981,""right"":4427,""top"":9635,""bottom"":7570},""time"":1729913913741},{""box"":{""left"":8981,""right"":4427,""top"":9635,""bottom"":7570},""time"":1729913913840},{""box"":{""left"":8981,""right"":4427,""top"":9635,""bottom"":7570},""time"":1729913913906},{""box"":{""left"":8981,""right"":4427,""top"":9635,""bottom"":7570},""time"":1729913913978},{""box"":{""left"":8981,""right"":4427,""top"":9635,""bottom"":7570},""time"":1729913914086},{""box"":{""left"":8981,""right"":4427,""top"":9635,""bottom"":7570},""time"":1729913914531},{""box"":{""left"":8981,""right"":4427,""top"":9635,""bottom"":7570},""time"":1729913914581},{""box"":{""left"":8981,""right"":4427,""top"":9635,""bottom"":7570},""time"":1729913914629},{""box"":{""left"":8981,""right"":4427,""top"":9635,""bottom"":7570},""time"":1729913914765},{""box"":{""left"":8981,""right"":4427,""top"":9635,""bottom"":7570},""time"":1729913914851},{""box"":{""left"":8981,""right"":4427,""top"":9635,""bottom"":7570},""time"":1729913914928},{""box"":{""left"":8981,""right"":4427,""top"":9635,""bottom"":7570},""time"":1729913914987},{""box"":{""left"":8981,""right"":4427,""top"":9635,""bottom"":7570},""time"":1729913915046},{""box"":{""left"":8981,""right"":4427,""top"":9635,""bottom"":7570},""time"":1729913915183},{""box"":{""left"":8981,""right"":4427,""top"":9635,""bottom"":7570},""time"":1729913915301},{""box"":{""left"":8981,""right"":4427,""top"":9635,""bottom"":7570},""time"":1729913915358},{""box"":{""left"":8981,""right"":4427,""top"":9635,""bottom"":7570},""time"":1729913915425},{""box"":{""left"":8981,""right"":4427,""top"":9635,""bottom"":7570},""time"":1729913915483},{""box"":{""left"":8981,""right"":4427,""top"":9635,""bottom"":7570},""time"":1729913915576},{""box"":{""left"":8981,""right"":4427,""top"":9635,""bottom"":7570},""time"":1729913915655},{""box"":{""left"":8981,""right"":4427,""top"":9635,""bottom"":7570},""time"":1729913915728},{""box"":{""left"":8981,""right"":4427,""top"":9635,""bottom"":7570},""time"":1729913915799},{""box"":{""left"":8981,""right"":4427,""top"":9635,""bottom"":7570},""time"":1729913915837},{""box"":{""left"":8981,""right"":4427,""top"":9635,""bottom"":7570},""time"":1729913915946},{""box"":{""left"":8981,""right"":4427,""top"":9635,""bottom"":7570},""time"":1729913916004},{""box"":{""left"":8981,""right"":4427,""top"":9635,""bottom"":7570},""time"":1729913916060}",,,,,
57150,Person,2024-10-26 12:38:33,2024-10-26 12:38:33,"{""left"":7686,""right"":8732,""top"":8686,""bottom"":10000}",,,,,
57151,Person,2024-10-26 12:38:33,2024-10-26 12:38:36,"{""left"":8600,""right"":7645,""top"":9887,""bottom"":10000},{""box"":{""left"":8600,""right"":7645,""top"":9887,""bottom"":10000},""time"":1729913914370},{""box"":{""left"":8600,""right"":7645,""top"":9887,""bottom"":10000},""time"":1729913914428},{""box"":{""left"":8600,""right"":7645,""top"":9887,""bottom"":10000},""time"":1729913915367},{""box"":{""left"":8600,""right"":7645,""top"":9887,""bottom"":10000},""time"":1729913915492},{""box"":{""left"":8600,""right"":7645,""top"":9887,""bottom"":10000},""time"":1729913915664},{""box"":{""left"":8600,""right"":7645,""top"":9887,""bottom"":10000},""time"":1729913915737},{""box"":{""left"":8600,""right"":7645,""top"":9887,""bottom"":10000},""time"":1729913915846},{""box"":{""left"":8600,""right"":7645,""top"":9887,""bottom"":10000},""time"":1729913915955},{""box"":{""left"":8600,""right"":7645,""top"":9887,""bottom"":10000},""time"":1729913916013},{""box"":{""left"":8600,""right"":7645,""top"":9887,""bottom"":10000},""time"":1729913916070}",,,,,
57152,Person,2024-10-26 12:38:34,2024-10-26 12:38:34,"{""left"":7275,""right"":8770,""top"":8762,""bottom"":10000},{""box"":{""left"":7275,""right"":8770,""top"":8762,""bottom"":10000},""time"":1729913914688},{""box"":{""left"":7275,""right"":8770,""top"":8762,""bottom"":10000},""time"":1729913914774}",,,,,
57153,Person,2024-10-26 12:38:35,2024-10-26 12:38:35,"{""left"":605,""right"":5627,""top"":1480,""bottom"":8884}",,,,,

