6008,Person,2024-12-15 12:34:08,2024-12-15 12:35:14,"{""box"":{""left"":5549,""right"":3372,""top"":6011,""bottom"":5081},""time"":1734233648672},{""box"":{""left"":5549,""right"":3372,""top"":6011,""bottom"":5081},""time"":1734233649024},{""box"":{""left"":5549,""right"":3372,""top"":6011,""bottom"":5081},""time"":1734233652043},{""box"":{""left"":5549,""right"":3372,""top"":6011,""bottom"":5081},""time"":1734233653044},{""box"":{""left"":5549,""right"":3372,""top"":6011,""bottom"":5081},""time"":1734233654021},{""box"":{""left"":5549,""right"":3372,""top"":6011,""bottom"":5081},""time"":1734233655041},{""box"":{""left"":5549,""right"":3372,""top"":6011,""bottom"":5081},""time"":1734233656013},{""box"":{""left"":5549,""right"":3372,""top"":6011,""bottom"":5081},""time"":1734233657037},{""box"":{""left"":5549,""right"":3372,""top"":6011,""bottom"":5081},""time"":1734233658004},{""box"":{""left"":5549,""right"":3372,""top"":6011,""bottom"":5081},""time"":1734233659031},{""box"":{""left"":5549,""right"":3372,""top"":6011,""bottom"":5081},""time"":1734233660062},{""box"":{""left"":5549,""right"":3372,""top"":6011,""bottom"":5081},""time"":1734233661023},{""box"":{""left"":5549,""right"":3372,""top"":6011,""bottom"":5081},""time"":1734233662046},{""box"":{""left"":5549,""right"":3372,""top"":6011,""bottom"":5081},""time"":1734233663023},{""box"":{""left"":5549,""right"":3372,""top"":6011,""bottom"":5081},""time"":1734233664005},{""box"":{""left"":5549,""right"":3372,""top"":6011,""bottom"":5081},""time"":1734233665046},{""box"":{""left"":5549,""right"":3372,""top"":6011,""bottom"":5081},""time"":1734233666014},{""box"":{""left"":5549,""right"":3372,""top"":6011,""bottom"":5081},""time"":1734233667046},{""box"":{""left"":5549,""right"":3372,""top"":6011,""bottom"":5081},""time"":1734233668021},{""box"":{""left"":5549,""right"":3372,""top"":6011,""bottom"":5081},""time"":1734233669009},{""box"":{""left"":5549,""right"":3372,""top"":6011,""bottom"":5081},""time"":1734233670035},{""box"":{""left"":5549,""right"":3372,""top"":6011,""bottom"":5081},""time"":1734233671017},{""box"":{""left"":5549,""right"":3372,""top"":6011,""bottom"":5081},""time"":1734233672005},{""box"":{""left"":5549,""right"":3372,""top"":6011,""bottom"":5081},""time"":1734233673335},{""box"":{""left"":5549,""right"":3372,""top"":6011,""bottom"":5081},""time"":1734233674026},{""box"":{""left"":5549,""right"":3372,""top"":6011,""bottom"":5081},""time"":1734233675020},{""box"":{""left"":5549,""right"":3372,""top"":6011,""bottom"":5081},""time"":1734233676054},{""box"":{""left"":5549,""right"":3372,""top"":6011,""bottom"":5081},""time"":1734233677001},{""box"":{""left"":5549,""right"":3372,""top"":6011,""bottom"":5081},""time"":1734233678029},{""box"":{""left"":5549,""right"":3372,""top"":6011,""bottom"":5081},""time"":1734233679045},{""box"":{""left"":5549,""right"":3372,""top"":6011,""bottom"":5081},""time"":1734233680022},{""box"":{""left"":5549,""right"":3372,""top"":6011,""bottom"":5081},""time"":1734233681015},{""box"":{""left"":5549,""right"":3372,""top"":6011,""bottom"":5081},""time"":1734233682054},{""box"":{""left"":5549,""right"":3372,""top"":6011,""bottom"":5081},""time"":1734233683036},{""box"":{""left"":5549,""right"":3372,""top"":6011,""bottom"":5081},""time"":1734233684006},{""box"":{""left"":5549,""right"":3372,""top"":6011,""bottom"":5081},""time"":1734233685045},{""box"":{""left"":5549,""right"":3372,""top"":6011,""bottom"":5081},""time"":1734233686006},{""box"":{""left"":5549,""right"":3372,""top"":6011,""bottom"":5081},""time"":1734233687029},{""box"":{""left"":5549,""right"":3372,""top"":6011,""bottom"":5081},""time"":1734233688005},{""box"":{""left"":5549,""right"":3372,""top"":6011,""bottom"":5081},""time"":1734233689047},{""box"":{""left"":5549,""right"":3372,""top"":6011,""bottom"":5081},""time"":1734233690024},{""box"":{""left"":5549,""right"":3372,""top"":6011,""bottom"":5081},""time"":1734233691011},{""box"":{""left"":5549,""right"":3372,""top"":6011,""bottom"":5081},""time"":1734233692044},{""box"":{""left"":5549,""right"":3372,""top"":6011,""bottom"":5081},""time"":1734233693009},{""box"":{""left"":5549,""right"":3372,""top"":6011,""bottom"":5081},""time"":1734233694028},{""box"":{""left"":5549,""right"":3372,""top"":6011,""bottom"":5081},""time"":1734233695056},{""box"":{""left"":5549,""right"":3372,""top"":6011,""bottom"":5081},""time"":1734233696038},{""box"":{""left"":5549,""right"":3372,""top"":6011,""bottom"":5081},""time"":1734233697014},{""box"":{""left"":5549,""right"":3372,""top"":6011,""bottom"":5081},""time"":1734233698053},{""box"":{""left"":5549,""right"":3372,""top"":6011,""bottom"":5081},""time"":1734233699063},{""box"":{""left"":5549,""right"":3372,""top"":6011,""bottom"":5081},""time"":1734233700038},{""box"":{""left"":5549,""right"":3372,""top"":6011,""bottom"":5081},""time"":1734233701010},{""box"":{""left"":5549,""right"":3372,""top"":6011,""bottom"":5081},""time"":1734233702033},{""box"":{""left"":5549,""right"":3372,""top"":6011,""bottom"":5081},""time"":1734233703011},{""box"":{""left"":5549,""right"":3372,""top"":6011,""bottom"":5081},""time"":1734233704028},{""box"":{""left"":5549,""right"":3372,""top"":6011,""bottom"":5081},""time"":1734233705043},{""box"":{""left"":5549,""right"":3372,""top"":6011,""bottom"":5081},""time"":1734233706011},{""box"":{""left"":5549,""right"":3372,""top"":6011,""bottom"":5081},""time"":1734233707033},{""box"":{""left"":5549,""right"":3372,""top"":6011,""bottom"":5081},""time"":1734233708014},{""box"":{""left"":5549,""right"":3372,""top"":6011,""bottom"":5081},""time"":1734233709037},{""box"":{""left"":5549,""right"":3372,""top"":6011,""bottom"":5081},""time"":1734233710013},{""box"":{""left"":5549,""right"":3372,""top"":6011,""bottom"":5081},""time"":1734233711045},{""box"":{""left"":5549,""right"":3372,""top"":6011,""bottom"":5081},""time"":1734233712032},{""box"":{""left"":5549,""right"":3372,""top"":6011,""bottom"":5081},""time"":1734233713014},{""box"":{""left"":5549,""right"":3372,""top"":6011,""bottom"":5081},""time"":1734233714030}",,,,,
6039,Person,2024-12-15 12:34:08,2024-12-15 12:34:32,"{""box"":{""left"":6481,""right"":5289,""top"":7457,""bottom"":9151},""time"":1734233648720},{""box"":{""left"":6481,""right"":5289,""top"":7457,""bottom"":9151},""time"":1734233650052},{""box"":{""left"":6481,""right"":5289,""top"":7457,""bottom"":9151},""time"":1734233651053},{""box"":{""left"":6481,""right"":5289,""top"":7457,""bottom"":9151},""time"":1734233652268},{""box"":{""left"":6481,""right"":5289,""top"":7457,""bottom"":9151},""time"":1734233653048},{""box"":{""left"":6481,""right"":5289,""top"":7457,""bottom"":9151},""time"":1734233654029},{""box"":{""left"":6481,""right"":5289,""top"":7457,""bottom"":9151},""time"":1734233655329},{""box"":{""left"":6481,""right"":5289,""top"":7457,""bottom"":9151},""time"":1734233656011},{""box"":{""left"":6481,""right"":5289,""top"":7457,""bottom"":9151},""time"":1734233657039},{""box"":{""left"":6481,""right"":5289,""top"":7457,""bottom"":9151},""time"":1734233658006},{""box"":{""left"":6481,""right"":5289,""top"":7457,""bottom"":9151},""time"":1734233660060},{""box"":{""left"":6481,""right"":5289,""top"":7457,""bottom"":9151},""time"":1734233661135},{""box"":{""left"":6481,""right"":5289,""top"":7457,""bottom"":9151},""time"":1734233662213},{""box"":{""left"":6481,""right"":5289,""top"":7457,""bottom"":9151},""time"":1734233663263},{""box"":{""left"":6481,""right"":5289,""top"":7457,""bottom"":9151},""time"":1734233664010},{""box"":{""left"":6481,""right"":5289,""top"":7457,""bottom"":9151},""time"":1734233665047},{""box"":{""left"":6481,""right"":5289,""top"":7457,""bottom"":9151},""time"":1734233666018},{""box"":{""left"":6481,""right"":5289,""top"":7457,""bottom"":9151},""time"":1734233667111},{""box"":{""left"":6481,""right"":5289,""top"":7457,""bottom"":9151},""time"":1734233668024},{""box"":{""left"":6481,""right"":5289,""top"":7457,""bottom"":9151},""time"":1734233669005},{""box"":{""left"":6481,""right"":5289,""top"":7457,""bottom"":9151},""time"":1734233670033},{""box"":{""left"":6481,""right"":5289,""top"":7457,""bottom"":9151},""time"":1734233671023},{""box"":{""left"":6481,""right"":5289,""top"":7457,""bottom"":9151},""time"":1734233672124}",,,,,
6044,Person,2024-12-15 12:34:08,2024-12-15 12:34:10,"{""box"":{""left"":1950,""right"":2531,""top"":2241,""bottom"":4061},""time"":1734233648726},{""box"":{""left"":1950,""right"":2531,""top"":2241,""bottom"":4061},""time"":1734233650049}",,,,,
6052,Person,2024-12-15 12:34:08,2024-12-15 12:34:14,"{""box"":{""left"":2220,""right"":2816,""top"":2475,""bottom"":4264},""time"":1734233648727},{""box"":{""left"":2220,""right"":2816,""top"":2475,""bottom"":4264},""time"":1734233651115},{""box"":{""left"":2220,""right"":2816,""top"":2475,""bottom"":4264},""time"":1734233652272},{""box"":{""left"":2220,""right"":2816,""top"":2475,""bottom"":4264},""time"":1734233653046},{""box"":{""left"":2220,""right"":2816,""top"":2475,""bottom"":4264},""time"":1734233654024}",,,,,
6053,Person,2024-12-15 12:34:09,2024-12-15 12:34:11,"{""box"":{""left"":1787,""right"":2645,""top"":2062,""bottom"":3978},""time"":1734233649079},{""box"":{""left"":1787,""right"":2645,""top"":2062,""bottom"":3978},""time"":1734233651117}",,,,,
6054,Person,2024-12-15 12:34:10,2024-12-15 12:34:13,"{""box"":{""left"":6662,""right"":8666,""top"":7749,""bottom"":9999},""time"":1734233650159},{""box"":{""left"":6662,""right"":8666,""top"":7749,""bottom"":9999},""time"":1734233651118},{""box"":{""left"":6662,""right"":8666,""top"":7749,""bottom"":9999},""time"":1734233652274},{""box"":{""left"":6662,""right"":8666,""top"":7749,""bottom"":9999},""time"":1734233653113}",,,,,
6055,Person,2024-12-15 12:34:12,2024-12-15 12:34:26,"{""box"":{""left"":4746,""right"":7811,""top"":6082,""bottom"":10000},""time"":1734233652275},{""box"":{""left"":4746,""right"":7811,""top"":6082,""bottom"":10000},""time"":1734233653115},{""box"":{""left"":4746,""right"":7811,""top"":6082,""bottom"":10000},""time"":1734233654034},{""box"":{""left"":4746,""right"":7811,""top"":6082,""bottom"":10000},""time"":1734233655394},{""box"":{""left"":4746,""right"":7811,""top"":6082,""bottom"":10000},""time"":1734233656077},{""box"":{""left"":4746,""right"":7811,""top"":6082,""bottom"":10000},""time"":1734233657043},{""box"":{""left"":4746,""right"":7811,""top"":6082,""bottom"":10000},""time"":1734233658122},{""box"":{""left"":4746,""right"":7811,""top"":6082,""bottom"":10000},""time"":1734233659035},{""box"":{""left"":4746,""right"":7811,""top"":6082,""bottom"":10000},""time"":1734233660182},{""box"":{""left"":4746,""right"":7811,""top"":6082,""bottom"":10000},""time"":1734233661139},{""box"":{""left"":4746,""right"":7811,""top"":6082,""bottom"":10000},""time"":1734233662734},{""box"":{""left"":4746,""right"":7811,""top"":6082,""bottom"":10000},""time"":1734233663264},{""box"":{""left"":4746,""right"":7811,""top"":6082,""bottom"":10000},""time"":1734233664007},{""box"":{""left"":4746,""right"":7811,""top"":6082,""bottom"":10000},""time"":1734233665160},{""box"":{""left"":4746,""right"":7811,""top"":6082,""bottom"":10000},""time"":1734233666182}",,,,,
6056,Person,2024-12-15 12:34:12,2024-12-15 12:34:14,"{""box"":{""left"":1843,""right"":3656,""top"":2224,""bottom"":5373},""time"":1734233652275},{""box"":{""left"":1843,""right"":3656,""top"":2224,""bottom"":5373},""time"":1734233653116},{""box"":{""left"":1843,""right"":3656,""top"":2224,""bottom"":5373},""time"":1734233654036}",,,,,
6057,Person,2024-12-15 12:34:14,2024-12-15 12:34:21,"{""box"":{""left"":2168,""right"":2625,""top"":2418,""bottom"":3864},""time"":1734233654308},{""box"":{""left"":2168,""right"":2625,""top"":2418,""bottom"":3864},""time"":1734233657095},{""box"":{""left"":2168,""right"":2625,""top"":2418,""bottom"":3864},""time"":1734233659037},{""box"":{""left"":2168,""right"":2625,""top"":2418,""bottom"":3864},""time"":1734233660064},{""box"":{""left"":2168,""right"":2625,""top"":2418,""bottom"":3864},""time"":1734233661141}",,,,,
6058,Person,2024-12-15 12:34:14,2024-12-15 12:34:28,"{""box"":{""left"":4916,""right"":4592,""top"":5635,""bottom"":7948},""time"":1734233654712},{""box"":{""left"":4916,""right"":4592,""top"":5635,""bottom"":7948},""time"":1734233656078},{""box"":{""left"":4916,""right"":4592,""top"":5635,""bottom"":7948},""time"":1734233657044},{""box"":{""left"":4916,""right"":4592,""top"":5635,""bottom"":7948},""time"":1734233658010},{""box"":{""left"":4916,""right"":4592,""top"":5635,""bottom"":7948},""time"":1734233659038},{""box"":{""left"":4916,""right"":4592,""top"":5635,""bottom"":7948},""time"":1734233660065},{""box"":{""left"":4916,""right"":4592,""top"":5635,""bottom"":7948},""time"":1734233661142},{""box"":{""left"":4916,""right"":4592,""top"":5635,""bottom"":7948},""time"":1734233662735},{""box"":{""left"":4916,""right"":4592,""top"":5635,""bottom"":7948},""time"":1734233663265},{""box"":{""left"":4916,""right"":4592,""top"":5635,""bottom"":7948},""time"":1734233664012},{""box"":{""left"":4916,""right"":4592,""top"":5635,""bottom"":7948},""time"":1734233665049},{""box"":{""left"":4916,""right"":4592,""top"":5635,""bottom"":7948},""time"":1734233666016},{""box"":{""left"":4916,""right"":4592,""top"":5635,""bottom"":7948},""time"":1734233667108},{""box"":{""left"":4916,""right"":4592,""top"":5635,""bottom"":7948},""time"":1734233668084}",,,,,
6059,Person,2024-12-15 12:34:16,2024-12-15 12:34:17,"{""box"":{""left"":1938,""right"":3042,""top"":2360,""bottom"":4729},""time"":1734233656079},{""box"":{""left"":1938,""right"":3042,""top"":2360,""bottom"":4729},""time"":1734233657045}",,,,,
6060,Person,2024-12-15 12:34:16,2024-12-15 12:34:20,"{""box"":{""left"":1827,""right"":3160,""top"":2263,""bottom"":5421},""time"":1734233656545},{""box"":{""left"":1827,""right"":3160,""top"":2263,""bottom"":5421},""time"":1734233657047},{""box"":{""left"":1827,""right"":3160,""top"":2263,""bottom"":5421},""time"":1734233658011},{""box"":{""left"":1827,""right"":3160,""top"":2263,""bottom"":5421},""time"":1734233659554},{""box"":{""left"":1827,""right"":3160,""top"":2263,""bottom"":5421},""time"":1734233660066}",,,,,
6061,Person,2024-12-15 12:34:17,2024-12-15 12:34:23,"{""box"":{""left"":1842,""right"":2487,""top"":2087,""bottom"":3282},""time"":1734233657268},{""box"":{""left"":1842,""right"":2487,""top"":2087,""bottom"":3282},""time"":1734233658012},{""box"":{""left"":1842,""right"":2487,""top"":2087,""bottom"":3282},""time"":1734233659555},{""box"":{""left"":1842,""right"":2487,""top"":2087,""bottom"":3282},""time"":1734233660069},{""box"":{""left"":1842,""right"":2487,""top"":2087,""bottom"":3282},""time"":1734233661143},{""box"":{""left"":1842,""right"":2487,""top"":2087,""bottom"":3282},""time"":1734233662737},{""box"":{""left"":1842,""right"":2487,""top"":2087,""bottom"":3282},""time"":1734233663267}",,,,,
6062,Person,2024-12-15 12:34:17,2024-12-15 12:34:18,"{""box"":{""left"":1956,""right"":2891,""top"":2287,""bottom"":4360},""time"":1734233657098},{""box"":{""left"":1956,""right"":2891,""top"":2287,""bottom"":4360},""time"":1734233658013}",,,,,
6064,Person,2024-12-15 12:34:23,2024-12-15 12:34:27,"{""box"":{""left"":2888,""right"":3100,""top"":3561,""bottom"":6051},""time"":1734233663496},{""box"":{""left"":2888,""right"":3100,""top"":3561,""bottom"":6051},""time"":1734233664013},{""box"":{""left"":2888,""right"":3100,""top"":3561,""bottom"":6051},""time"":1734233665050},{""box"":{""left"":2888,""right"":3100,""top"":3561,""bottom"":6051},""time"":1734233666021},{""box"":{""left"":2888,""right"":3100,""top"":3561,""bottom"":6051},""time"":1734233667113}",,,,,
6065,Person,2024-12-15 12:34:23,2024-12-15 12:34:27,"{""box"":{""left"":3437,""right"":4122,""top"":3757,""bottom"":5611},""time"":1734233663497},{""box"":{""left"":3437,""right"":4122,""top"":3757,""bottom"":5611},""time"":1734233665051},{""box"":{""left"":3437,""right"":4122,""top"":3757,""bottom"":5611},""time"":1734233666022},{""box"":{""left"":3437,""right"":4122,""top"":3757,""bottom"":5611},""time"":1734233667115}",,,,,
6067,Person,2024-12-15 12:34:25,2024-12-15 12:34:27,"{""box"":{""left"":2211,""right"":2782,""top"":2496,""bottom"":4104},""time"":1734233665106},{""box"":{""left"":2211,""right"":2782,""top"":2496,""bottom"":4104},""time"":1734233666024},{""box"":{""left"":2211,""right"":2782,""top"":2496,""bottom"":4104},""time"":1734233667116}",,,,,
6068,Person,2024-12-15 12:34:25,2024-12-15 12:34:30,"{""box"":{""left"":2800,""right"":3256,""top"":3422,""bottom"":5646},""time"":1734233665691},{""box"":{""left"":2800,""right"":3256,""top"":3422,""bottom"":5646},""time"":1734233667118},{""box"":{""left"":2800,""right"":3256,""top"":3422,""bottom"":5646},""time"":1734233668026},{""box"":{""left"":2800,""right"":3256,""top"":3422,""bottom"":5646},""time"":1734233669011},{""box"":{""left"":2800,""right"":3256,""top"":3422,""bottom"":5646},""time"":1734233670037}",,,,,
6069,Person,2024-12-15 12:34:25,2024-12-15 12:34:36,"{""box"":{""left"":2517,""right"":2731,""top"":2908,""bottom"":4716},""time"":1734233665691},{""box"":{""left"":2517,""right"":2731,""top"":2908,""bottom"":4716},""time"":1734233666026},{""box"":{""left"":2517,""right"":2731,""top"":2908,""bottom"":4716},""time"":1734233668028},{""box"":{""left"":2517,""right"":2731,""top"":2908,""bottom"":4716},""time"":1734233669013},{""box"":{""left"":2517,""right"":2731,""top"":2908,""bottom"":4716},""time"":1734233670039},{""box"":{""left"":2517,""right"":2731,""top"":2908,""bottom"":4716},""time"":1734233671026},{""box"":{""left"":2517,""right"":2731,""top"":2908,""bottom"":4716},""time"":1734233672125},{""box"":{""left"":2517,""right"":2731,""top"":2908,""bottom"":4716},""time"":1734233673046},{""box"":{""left"":2517,""right"":2731,""top"":2908,""bottom"":4716},""time"":1734233674027},{""box"":{""left"":2517,""right"":2731,""top"":2908,""bottom"":4716},""time"":1734233675023},{""box"":{""left"":2517,""right"":2731,""top"":2908,""bottom"":4716},""time"":1734233676057}",,,,,
6070,Person,2024-12-15 12:34:26,2024-12-15 12:34:33,"{""box"":{""left"":1957,""right"":2834,""top"":2268,""bottom"":4452},""time"":1734233666715},{""box"":{""left"":1957,""right"":2834,""top"":2268,""bottom"":4452},""time"":1734233667511},{""box"":{""left"":1957,""right"":2834,""top"":2268,""bottom"":4452},""time"":1734233668030},{""box"":{""left"":1957,""right"":2834,""top"":2268,""bottom"":4452},""time"":1734233669014},{""box"":{""left"":1957,""right"":2834,""top"":2268,""bottom"":4452},""time"":1734233670040},{""box"":{""left"":1957,""right"":2834,""top"":2268,""bottom"":4452},""time"":1734233671028},{""box"":{""left"":1957,""right"":2834,""top"":2268,""bottom"":4452},""time"":1734233672126},{""box"":{""left"":1957,""right"":2834,""top"":2268,""bottom"":4452},""time"":1734233673047}",,,,,
6071,Person,2024-12-15 12:34:27,2024-12-15 12:34:42,"{""box"":{""left"":1949,""right"":3226,""top"":2304,""bottom"":4882},""time"":1734233667804},{""box"":{""left"":1949,""right"":3226,""top"":2304,""bottom"":4882},""time"":1734233668255},{""box"":{""left"":1949,""right"":3226,""top"":2304,""bottom"":4882},""time"":1734233669015},{""box"":{""left"":1949,""right"":3226,""top"":2304,""bottom"":4882},""time"":1734233670102},{""box"":{""left"":1949,""right"":3226,""top"":2304,""bottom"":4882},""time"":1734233671142},{""box"":{""left"":1949,""right"":3226,""top"":2304,""bottom"":4882},""time"":1734233672128},{""box"":{""left"":1949,""right"":3226,""top"":2304,""bottom"":4882},""time"":1734233673163},{""box"":{""left"":1949,""right"":3226,""top"":2304,""bottom"":4882},""time"":1734233674216},{""box"":{""left"":1949,""right"":3226,""top"":2304,""bottom"":4882},""time"":1734233675024},{""box"":{""left"":1949,""right"":3226,""top"":2304,""bottom"":4882},""time"":1734233676058},{""box"":{""left"":1949,""right"":3226,""top"":2304,""bottom"":4882},""time"":1734233677006},{""box"":{""left"":1949,""right"":3226,""top"":2304,""bottom"":4882},""time"":1734233678034},{""box"":{""left"":1949,""right"":3226,""top"":2304,""bottom"":4882},""time"":1734233679613},{""box"":{""left"":1949,""right"":3226,""top"":2304,""bottom"":4882},""time"":1734233680085},{""box"":{""left"":1949,""right"":3226,""top"":2304,""bottom"":4882},""time"":1734233681018},{""box"":{""left"":1949,""right"":3226,""top"":2304,""bottom"":4882},""time"":1734233682056}",,,,,
6072,Person,2024-12-15 12:34:28,2024-12-15 12:34:30,"{""box"":{""left"":1757,""right"":2616,""top"":1960,""bottom"":4356},""time"":1734233668485},{""box"":{""left"":1757,""right"":2616,""top"":1960,""bottom"":4356},""time"":1734233669016},{""box"":{""left"":1757,""right"":2616,""top"":1960,""bottom"":4356},""time"":1734233670041}",,,,,
6073,Person,2024-12-15 12:34:29,2024-12-15 12:34:31,"{""box"":{""left"":2600,""right"":3317,""top"":3126,""bottom"":6171},""time"":1734233669017},{""box"":{""left"":2600,""right"":3317,""top"":3126,""bottom"":6171},""time"":1734233670043},{""box"":{""left"":2600,""right"":3317,""top"":3126,""bottom"":6171},""time"":1734233671031}",,,,,
6074,Face,2024-12-15 12:34:29,2024-12-15 12:34:29,"{""box"":{""left"":4857,""right"":5244,""top"":5201,""bottom"":5713},""time"":1734233669007}","6,12",male,,,
6075,Person,2024-12-15 12:34:30,2024-12-15 12:34:38,"{""box"":{""left"":2714,""right"":3331,""top"":3108,""bottom"":5126},""time"":1734233670044},{""box"":{""left"":2714,""right"":3331,""top"":3108,""bottom"":5126},""time"":1734233671372},{""box"":{""left"":2714,""right"":3331,""top"":3108,""bottom"":5126},""time"":1734233672304},{""box"":{""left"":2714,""right"":3331,""top"":3108,""bottom"":5126},""time"":1734233673164},{""box"":{""left"":2714,""right"":3331,""top"":3108,""bottom"":5126},""time"":1734233674028},{""box"":{""left"":2714,""right"":3331,""top"":3108,""bottom"":5126},""time"":1734233675025},{""box"":{""left"":2714,""right"":3331,""top"":3108,""bottom"":5126},""time"":1734233676059},{""box"":{""left"":2714,""right"":3331,""top"":3108,""bottom"":5126},""time"":1734233677009},{""box"":{""left"":2714,""right"":3331,""top"":3108,""bottom"":5126},""time"":1734233678036}",,,,,
6076,Person,2024-12-15 12:34:30,2024-12-15 12:34:38,"{""box"":{""left"":1837,""right"":2650,""top"":2062,""bottom"":3899},""time"":1734233670044},{""box"":{""left"":1837,""right"":2650,""top"":2062,""bottom"":3899},""time"":1734233671374},{""box"":{""left"":1837,""right"":2650,""top"":2062,""bottom"":3899},""time"":1734233672306},{""box"":{""left"":1837,""right"":2650,""top"":2062,""bottom"":3899},""time"":1734233673278},{""box"":{""left"":1837,""right"":2650,""top"":2062,""bottom"":3899},""time"":1734233674030},{""box"":{""left"":1837,""right"":2650,""top"":2062,""bottom"":3899},""time"":1734233675027},{""box"":{""left"":1837,""right"":2650,""top"":2062,""bottom"":3899},""time"":1734233676061},{""box"":{""left"":1837,""right"":2650,""top"":2062,""bottom"":3899},""time"":1734233677011},{""box"":{""left"":1837,""right"":2650,""top"":2062,""bottom"":3899},""time"":1734233678039}",,,,,
6077,Person,2024-12-15 12:34:31,2024-12-15 12:35:00,"{""box"":{""left"":8175,""right"":8120,""top"":9245,""bottom"":9977},""time"":1734233671678},{""box"":{""left"":8175,""right"":8120,""top"":9245,""bottom"":9977},""time"":1734233672307},{""box"":{""left"":8175,""right"":8120,""top"":9245,""bottom"":9977},""time"":1734233673165},{""box"":{""left"":8175,""right"":8120,""top"":9245,""bottom"":9977},""time"":1734233674031},{""box"":{""left"":8175,""right"":8120,""top"":9245,""bottom"":9977},""time"":1734233675028},{""box"":{""left"":8175,""right"":8120,""top"":9245,""bottom"":9977},""time"":1734233676356},{""box"":{""left"":8175,""right"":8120,""top"":9245,""bottom"":9977},""time"":1734233677013},{""box"":{""left"":8175,""right"":8120,""top"":9245,""bottom"":9977},""time"":1734233678041},{""box"":{""left"":8175,""right"":8120,""top"":9245,""bottom"":9977},""time"":1734233679912},{""box"":{""left"":8175,""right"":8120,""top"":9245,""bottom"":9977},""time"":1734233680140},{""box"":{""left"":8175,""right"":8120,""top"":9245,""bottom"":9977},""time"":1734233681019},{""box"":{""left"":8175,""right"":8120,""top"":9245,""bottom"":9977},""time"":1734233682111},{""box"":{""left"":8175,""right"":8120,""top"":9245,""bottom"":9977},""time"":1734233683039},{""box"":{""left"":8175,""right"":8120,""top"":9245,""bottom"":9977},""time"":1734233684009},{""box"":{""left"":8175,""right"":8120,""top"":9245,""bottom"":9977},""time"":1734233685048},{""box"":{""left"":8175,""right"":8120,""top"":9245,""bottom"":9977},""time"":1734233686003},{""box"":{""left"":8175,""right"":8120,""top"":9245,""bottom"":9977},""time"":1734233687030},{""box"":{""left"":8175,""right"":8120,""top"":9245,""bottom"":9977},""time"":1734233688009},{""box"":{""left"":8175,""right"":8120,""top"":9245,""bottom"":9977},""time"":1734233689052},{""box"":{""left"":8175,""right"":8120,""top"":9245,""bottom"":9977},""time"":1734233690090},{""box"":{""left"":8175,""right"":8120,""top"":9245,""bottom"":9977},""time"":1734233691013},{""box"":{""left"":8175,""right"":8120,""top"":9245,""bottom"":9977},""time"":1734233692055},{""box"":{""left"":8175,""right"":8120,""top"":9245,""bottom"":9977},""time"":1734233693021},{""box"":{""left"":8175,""right"":8120,""top"":9245,""bottom"":9977},""time"":1734233694036},{""box"":{""left"":8175,""right"":8120,""top"":9245,""bottom"":9977},""time"":1734233695058},{""box"":{""left"":8175,""right"":8120,""top"":9245,""bottom"":9977},""time"":1734233696039},{""box"":{""left"":8175,""right"":8120,""top"":9245,""bottom"":9977},""time"":1734233697015},{""box"":{""left"":8175,""right"":8120,""top"":9245,""bottom"":9977},""time"":1734233698055},{""box"":{""left"":8175,""right"":8120,""top"":9245,""bottom"":9977},""time"":1734233699067},{""box"":{""left"":8175,""right"":8120,""top"":9245,""bottom"":9977},""time"":1734233700043}",,,,,
6079,Person,2024-12-15 12:34:32,2024-12-15 12:35:07,"{""box"":{""left"":7425,""right"":5791,""top"":8306,""bottom"":7364},""time"":1734233672308},{""box"":{""left"":7425,""right"":5791,""top"":8306,""bottom"":7364},""time"":1734233673167},{""box"":{""left"":7425,""right"":5791,""top"":8306,""bottom"":7364},""time"":1734233675029},{""box"":{""left"":7425,""right"":5791,""top"":8306,""bottom"":7364},""time"":1734233676646},{""box"":{""left"":7425,""right"":5791,""top"":8306,""bottom"":7364},""time"":1734233677068},{""box"":{""left"":7425,""right"":5791,""top"":8306,""bottom"":7364},""time"":1734233678091},{""box"":{""left"":7425,""right"":5791,""top"":8306,""bottom"":7364},""time"":1734233679913},{""box"":{""left"":7425,""right"":5791,""top"":8306,""bottom"":7364},""time"":1734233680141},{""box"":{""left"":7425,""right"":5791,""top"":8306,""bottom"":7364},""time"":1734233681020},{""box"":{""left"":7425,""right"":5791,""top"":8306,""bottom"":7364},""time"":1734233682000},{""box"":{""left"":7425,""right"":5791,""top"":8306,""bottom"":7364},""time"":1734233683040},{""box"":{""left"":7425,""right"":5791,""top"":8306,""bottom"":7364},""time"":1734233684011},{""box"":{""left"":7425,""right"":5791,""top"":8306,""bottom"":7364},""time"":1734233685042},{""box"":{""left"":7425,""right"":5791,""top"":8306,""bottom"":7364},""time"":1734233686010},{""box"":{""left"":7425,""right"":5791,""top"":8306,""bottom"":7364},""time"":1734233687027},{""box"":{""left"":7425,""right"":5791,""top"":8306,""bottom"":7364},""time"":1734233688007},{""box"":{""left"":7425,""right"":5791,""top"":8306,""bottom"":7364},""time"":1734233689118},{""box"":{""left"":7425,""right"":5791,""top"":8306,""bottom"":7364},""time"":1734233690087},{""box"":{""left"":7425,""right"":5791,""top"":8306,""bottom"":7364},""time"":1734233691009},{""box"":{""left"":7425,""right"":5791,""top"":8306,""bottom"":7364},""time"":1734233692047},{""box"":{""left"":7425,""right"":5791,""top"":8306,""bottom"":7364},""time"":1734233693013},{""box"":{""left"":7425,""right"":5791,""top"":8306,""bottom"":7364},""time"":1734233694031},{""box"":{""left"":7425,""right"":5791,""top"":8306,""bottom"":7364},""time"":1734233695000},{""box"":{""left"":7425,""right"":5791,""top"":8306,""bottom"":7364},""time"":1734233696035},{""box"":{""left"":7425,""right"":5791,""top"":8306,""bottom"":7364},""time"":1734233697017},{""box"":{""left"":7425,""right"":5791,""top"":8306,""bottom"":7364},""time"":1734233698056},{""box"":{""left"":7425,""right"":5791,""top"":8306,""bottom"":7364},""time"":1734233699069},{""box"":{""left"":7425,""right"":5791,""top"":8306,""bottom"":7364},""time"":1734233701068},{""box"":{""left"":7425,""right"":5791,""top"":8306,""bottom"":7364},""time"":1734233702152},{""box"":{""left"":7425,""right"":5791,""top"":8306,""bottom"":7364},""time"":1734233703016},{""box"":{""left"":7425,""right"":5791,""top"":8306,""bottom"":7364},""time"":1734233704034},{""box"":{""left"":7425,""right"":5791,""top"":8306,""bottom"":7364},""time"":1734233705048},{""box"":{""left"":7425,""right"":5791,""top"":8306,""bottom"":7364},""time"":1734233706295},{""box"":{""left"":7425,""right"":5791,""top"":8306,""bottom"":7364},""time"":1734233707039}",,,,,
6080,Person,2024-12-15 12:34:32,2024-12-15 12:34:37,"{""box"":{""left"":2606,""right"":2996,""top"":3031,""bottom"":4376},""time"":1734233672596},{""box"":{""left"":2606,""right"":2996,""top"":3031,""bottom"":4376},""time"":1734233673281},{""box"":{""left"":2606,""right"":2996,""top"":3031,""bottom"":4376},""time"":1734233675030},{""box"":{""left"":2606,""right"":2996,""top"":3031,""bottom"":4376},""time"":1734233676648},{""box"":{""left"":2606,""right"":2996,""top"":3031,""bottom"":4376},""time"":1734233677070}",,,,,
6082,Person,2024-12-15 12:34:37,2024-12-15 12:34:49,"{""box"":{""left"":8275,""right"":4208,""top"":9037,""bottom"":5979},""time"":1734233677072},{""box"":{""left"":8275,""right"":4208,""top"":9037,""bottom"":5979},""time"":1734233678093},{""box"":{""left"":8275,""right"":4208,""top"":9037,""bottom"":5979},""time"":1734233679914},{""box"":{""left"":8275,""right"":4208,""top"":9037,""bottom"":5979},""time"":1734233680142},{""box"":{""left"":8275,""right"":4208,""top"":9037,""bottom"":5979},""time"":1734233681022},{""box"":{""left"":8275,""right"":4208,""top"":9037,""bottom"":5979},""time"":1734233682002},{""box"":{""left"":8275,""right"":4208,""top"":9037,""bottom"":5979},""time"":1734233683042},{""box"":{""left"":8275,""right"":4208,""top"":9037,""bottom"":5979},""time"":1734233684012},{""box"":{""left"":8275,""right"":4208,""top"":9037,""bottom"":5979},""time"":1734233685054},{""box"":{""left"":8275,""right"":4208,""top"":9037,""bottom"":5979},""time"":1734233686012},{""box"":{""left"":8275,""right"":4208,""top"":9037,""bottom"":5979},""time"":1734233687488},{""box"":{""left"":8275,""right"":4208,""top"":9037,""bottom"":5979},""time"":1734233688011},{""box"":{""left"":8275,""right"":4208,""top"":9037,""bottom"":5979},""time"":1734233689000}",,,,,
6083,Person,2024-12-15 12:34:39,2024-12-15 12:34:41,"{""box"":{""left"":6635,""right"":6898,""top"":7634,""bottom"":9753},""time"":1734233679915},{""box"":{""left"":6635,""right"":6898,""top"":7634,""bottom"":9753},""time"":1734233680784},{""box"":{""left"":6635,""right"":6898,""top"":7634,""bottom"":9753},""time"":1734233681072}",,,,,
6084,Person,2024-12-15 12:34:40,2024-12-15 12:34:55,"{""box"":{""left"":5635,""right"":4425,""top"":6400,""bottom"":8116},""time"":1734233680960},{""box"":{""left"":5635,""right"":4425,""top"":6400,""bottom"":8116},""time"":1734233681186},{""box"":{""left"":5635,""right"":4425,""top"":6400,""bottom"":8116},""time"":1734233682114},{""box"":{""left"":5635,""right"":4425,""top"":6400,""bottom"":8116},""time"":1734233683043},{""box"":{""left"":5635,""right"":4425,""top"":6400,""bottom"":8116},""time"":1734233684013},{""box"":{""left"":5635,""right"":4425,""top"":6400,""bottom"":8116},""time"":1734233685056},{""box"":{""left"":5635,""right"":4425,""top"":6400,""bottom"":8116},""time"":1734233686015},{""box"":{""left"":5635,""right"":4425,""top"":6400,""bottom"":8116},""time"":1734233687493},{""box"":{""left"":5635,""right"":4425,""top"":6400,""bottom"":8116},""time"":1734233688013},{""box"":{""left"":5635,""right"":4425,""top"":6400,""bottom"":8116},""time"":1734233689001},{""box"":{""left"":5635,""right"":4425,""top"":6400,""bottom"":8116},""time"":1734233690093},{""box"":{""left"":5635,""right"":4425,""top"":6400,""bottom"":8116},""time"":1734233691367},{""box"":{""left"":5635,""right"":4425,""top"":6400,""bottom"":8116},""time"":1734233692050},{""box"":{""left"":5635,""right"":4425,""top"":6400,""bottom"":8116},""time"":1734233693016},{""box"":{""left"":5635,""right"":4425,""top"":6400,""bottom"":8116},""time"":1734233694041},{""box"":{""left"":5635,""right"":4425,""top"":6400,""bottom"":8116},""time"":1734233695100}",,,,,
6086,Person,2024-12-15 12:34:44,2024-12-15 12:35:00,"{""box"":{""left"":1800,""right"":3270,""top"":2325,""bottom"":6333},""time"":1734233684202},{""box"":{""left"":1800,""right"":3270,""top"":2325,""bottom"":6333},""time"":1734233685058},{""box"":{""left"":1800,""right"":3270,""top"":2325,""bottom"":6333},""time"":1734233686071},{""box"":{""left"":1800,""right"":3270,""top"":2325,""bottom"":6333},""time"":1734233687494},{""box"":{""left"":1800,""right"":3270,""top"":2325,""bottom"":6333},""time"":1734233688533},{""box"":{""left"":1800,""right"":3270,""top"":2325,""bottom"":6333},""time"":1734233689002},{""box"":{""left"":1800,""right"":3270,""top"":2325,""bottom"":6333},""time"":1734233690094},{""box"":{""left"":1800,""right"":3270,""top"":2325,""bottom"":6333},""time"":1734233691370},{""box"":{""left"":1800,""right"":3270,""top"":2325,""bottom"":6333},""time"":1734233692117},{""box"":{""left"":1800,""right"":3270,""top"":2325,""bottom"":6333},""time"":1734233693029},{""box"":{""left"":1800,""right"":3270,""top"":2325,""bottom"":6333},""time"":1734233694043},{""box"":{""left"":1800,""right"":3270,""top"":2325,""bottom"":6333},""time"":1734233695001},{""box"":{""left"":1800,""right"":3270,""top"":2325,""bottom"":6333},""time"":1734233696669},{""box"":{""left"":1800,""right"":3270,""top"":2325,""bottom"":6333},""time"":1734233697012},{""box"":{""left"":1800,""right"":3270,""top"":2325,""bottom"":6333},""time"":1734233698051},{""box"":{""left"":1800,""right"":3270,""top"":2325,""bottom"":6333},""time"":1734233699001},{""box"":{""left"":1800,""right"":3270,""top"":2325,""bottom"":6333},""time"":1734233700049}",,,,,
6087,Person,2024-12-15 12:34:49,2024-12-15 12:35:04,"{""box"":{""left"":2661,""right"":3485,""top"":3286,""bottom"":6264},""time"":1734233689408},{""box"":{""left"":2661,""right"":3485,""top"":3286,""bottom"":6264},""time"":1734233690095},{""box"":{""left"":2661,""right"":3485,""top"":3286,""bottom"":6264},""time"":1734233691432},{""box"":{""left"":2661,""right"":3485,""top"":3286,""bottom"":6264},""time"":1734233692061},{""box"":{""left"":2661,""right"":3485,""top"":3286,""bottom"":6264},""time"":1734233693031},{""box"":{""left"":2661,""right"":3485,""top"":3286,""bottom"":6264},""time"":1734233694159},{""box"":{""left"":2661,""right"":3485,""top"":3286,""bottom"":6264},""time"":1734233695003},{""box"":{""left"":2661,""right"":3485,""top"":3286,""bottom"":6264},""time"":1734233696675},{""box"":{""left"":2661,""right"":3485,""top"":3286,""bottom"":6264},""time"":1734233697074},{""box"":{""left"":2661,""right"":3485,""top"":3286,""bottom"":6264},""time"":1734233698168},{""box"":{""left"":2661,""right"":3485,""top"":3286,""bottom"":6264},""time"":1734233699071},{""box"":{""left"":2661,""right"":3485,""top"":3286,""bottom"":6264},""time"":1734233700051},{""box"":{""left"":2661,""right"":3485,""top"":3286,""bottom"":6264},""time"":1734233701013},{""box"":{""left"":2661,""right"":3485,""top"":3286,""bottom"":6264},""time"":1734233702146},{""box"":{""left"":2661,""right"":3485,""top"":3286,""bottom"":6264},""time"":1734233703019},{""box"":{""left"":2661,""right"":3485,""top"":3286,""bottom"":6264},""time"":1734233704037}",,,,,
6088,Person,2024-12-15 12:34:54,2024-12-15 12:35:08,"{""box"":{""left"":4527,""right"":6703,""top"":5795,""bottom"":10000},""time"":1734233694549},{""box"":{""left"":4527,""right"":6703,""top"":5795,""bottom"":10000},""time"":1734233695004},{""box"":{""left"":4527,""right"":6703,""top"":5795,""bottom"":10000},""time"":1734233696677},{""box"":{""left"":4527,""right"":6703,""top"":5795,""bottom"":10000},""time"":1734233697075},{""box"":{""left"":4527,""right"":6703,""top"":5795,""bottom"":10000},""time"":1734233698340},{""box"":{""left"":4527,""right"":6703,""top"":5795,""bottom"":10000},""time"":1734233699072},{""box"":{""left"":4527,""right"":6703,""top"":5795,""bottom"":10000},""time"":1734233700053},{""box"":{""left"":4527,""right"":6703,""top"":5795,""bottom"":10000},""time"":1734233701073},{""box"":{""left"":4527,""right"":6703,""top"":5795,""bottom"":10000},""time"":1734233702157},{""box"":{""left"":4527,""right"":6703,""top"":5795,""bottom"":10000},""time"":1734233703021},{""box"":{""left"":4527,""right"":6703,""top"":5795,""bottom"":10000},""time"":1734233704040},{""box"":{""left"":4527,""right"":6703,""top"":5795,""bottom"":10000},""time"":1734233705051},{""box"":{""left"":4527,""right"":6703,""top"":5795,""bottom"":10000},""time"":1734233706297},{""box"":{""left"":4527,""right"":6703,""top"":5795,""bottom"":10000},""time"":1734233707041},{""box"":{""left"":4527,""right"":6703,""top"":5795,""bottom"":10000},""time"":1734233708067}",,,,,
6089,Person,2024-12-15 12:35:00,2024-12-15 12:35:01,"{""box"":{""left"":6423,""right"":3704,""top"":7160,""bottom"":6539},""time"":1734233700161},{""box"":{""left"":6423,""right"":3704,""top"":7160,""bottom"":6539},""time"":1734233701075}",,,,,
6090,Face,2024-12-15 12:34:58,2024-12-15 12:34:59,"{""box"":{""left"":4939,""right"":5341,""top"":5319,""bottom"":5829},""time"":1734233698765}","55,64",male,,,
6091,Person,2024-12-15 12:35:02,2024-12-15 12:35:07,"{""box"":{""left"":7182,""right"":3968,""top"":7744,""bottom"":4999},""time"":1734233702795},{""box"":{""left"":7182,""right"":3968,""top"":7744,""bottom"":4999},""time"":1734233703075},{""box"":{""left"":7182,""right"":3968,""top"":7744,""bottom"":4999},""time"":1734233704043},{""box"":{""left"":7182,""right"":3968,""top"":7744,""bottom"":4999},""time"":1734233705054},{""box"":{""left"":7182,""right"":3968,""top"":7744,""bottom"":4999},""time"":1734233706299},{""box"":{""left"":7182,""right"":3968,""top"":7744,""bottom"":4999},""time"":1734233707104}",,,,,
6092,Person,2024-12-15 12:35:02,2024-12-15 12:35:02,"{""box"":{""left"":9362,""right"":3000,""top"":9637,""bottom"":4020},""time"":1734233702617}",,,,,
6093,Person,2024-12-15 12:35:03,2024-12-15 12:35:06,"{""box"":{""left"":6725,""right"":5186,""top"":8062,""bottom"":9436},""time"":1734233703472},{""box"":{""left"":6725,""right"":5186,""top"":8062,""bottom"":9436},""time"":1734233704105},{""box"":{""left"":6725,""right"":5186,""top"":8062,""bottom"":9436},""time"":1734233705056},{""box"":{""left"":6725,""right"":5186,""top"":8062,""bottom"":9436},""time"":1734233706302}",,,,,
6094,Person,2024-12-15 12:35:07,2024-12-15 12:35:16,"{""box"":{""left"":1787,""right"":3333,""top"":2175,""bottom"":5229},""time"":1734233707106},{""box"":{""left"":1787,""right"":3333,""top"":2175,""bottom"":5229},""time"":1734233708420},{""box"":{""left"":1787,""right"":3333,""top"":2175,""bottom"":5229},""time"":1734233709089},{""box"":{""left"":1787,""right"":3333,""top"":2175,""bottom"":5229},""time"":1734233710014},{""box"":{""left"":1787,""right"":3333,""top"":2175,""bottom"":5229},""time"":1734233711046},{""box"":{""left"":1787,""right"":3333,""top"":2175,""bottom"":5229},""time"":1734233712035},{""box"":{""left"":1787,""right"":3333,""top"":2175,""bottom"":5229},""time"":1734233713019},{""box"":{""left"":1787,""right"":3333,""top"":2175,""bottom"":5229},""time"":1734233714035},{""box"":{""left"":1787,""right"":3333,""top"":2175,""bottom"":5229},""time"":1734233715007},{""box"":{""left"":1787,""right"":3333,""top"":2175,""bottom"":5229},""time"":1734233716036}",,,,,
6095,Person,2024-12-15 12:35:07,2024-12-15 12:35:07,"{""box"":{""left"":6700,""right"":6750,""top"":7962,""bottom"":10000},""time"":1734233707359}",,,,,
6096,Person,2024-12-15 12:35:07,2024-12-15 12:36:06,"{""box"":{""left"":6687,""right"":4875,""top"":8000,""bottom"":9979},""time"":1734233707730},{""box"":{""left"":6687,""right"":4875,""top"":8000,""bottom"":9979},""time"":1734233708421},{""box"":{""left"":6687,""right"":4875,""top"":8000,""bottom"":9979},""time"":1734233709038},{""box"":{""left"":6687,""right"":4875,""top"":8000,""bottom"":9979},""time"":1734233710015},{""box"":{""left"":6687,""right"":4875,""top"":8000,""bottom"":9979},""time"":1734233711099},{""box"":{""left"":6687,""right"":4875,""top"":8000,""bottom"":9979},""time"":1734233712036},{""box"":{""left"":6687,""right"":4875,""top"":8000,""bottom"":9979},""time"":1734233713021},{""box"":{""left"":6687,""right"":4875,""top"":8000,""bottom"":9979},""time"":1734233714037},{""box"":{""left"":6687,""right"":4875,""top"":8000,""bottom"":9979},""time"":1734233715009},{""box"":{""left"":6687,""right"":4875,""top"":8000,""bottom"":9979},""time"":1734233716038},{""box"":{""left"":6687,""right"":4875,""top"":8000,""bottom"":9979},""time"":1734233717014},{""box"":{""left"":6687,""right"":4875,""top"":8000,""bottom"":9979},""time"":1734233718003},{""box"":{""left"":6687,""right"":4875,""top"":8000,""bottom"":9979},""time"":1734233719027},{""box"":{""left"":6687,""right"":4875,""top"":8000,""bottom"":9979},""time"":1734233721035},{""box"":{""left"":6687,""right"":4875,""top"":8000,""bottom"":9979},""time"":1734233722002},{""box"":{""left"":6687,""right"":4875,""top"":8000,""bottom"":9979},""time"":1734233723029},{""box"":{""left"":6687,""right"":4875,""top"":8000,""bottom"":9979},""time"":1734233724001},{""box"":{""left"":6687,""right"":4875,""top"":8000,""bottom"":9979},""time"":1734233725034},{""box"":{""left"":6687,""right"":4875,""top"":8000,""bottom"":9979},""time"":1734233726006},{""box"":{""left"":6687,""right"":4875,""top"":8000,""bottom"":9979},""time"":1734233727049},{""box"":{""left"":6687,""right"":4875,""top"":8000,""bottom"":9979},""time"":1734233728032},{""box"":{""left"":6687,""right"":4875,""top"":8000,""bottom"":9979},""time"":1734233729050},{""box"":{""left"":6687,""right"":4875,""top"":8000,""bottom"":9979},""time"":1734233730015},{""box"":{""left"":6687,""right"":4875,""top"":8000,""bottom"":9979},""time"":1734233731048},{""box"":{""left"":6687,""right"":4875,""top"":8000,""bottom"":9979},""time"":1734233732012},{""box"":{""left"":6687,""right"":4875,""top"":8000,""bottom"":9979},""time"":1734233733047},{""box"":{""left"":6687,""right"":4875,""top"":8000,""bottom"":9979},""time"":1734233734018},{""box"":{""left"":6687,""right"":4875,""top"":8000,""bottom"":9979},""time"":1734233735005},{""box"":{""left"":6687,""right"":4875,""top"":8000,""bottom"":9979},""time"":1734233736029},{""box"":{""left"":6687,""right"":4875,""top"":8000,""bottom"":9979},""time"":1734233737052},{""box"":{""left"":6687,""right"":4875,""top"":8000,""bottom"":9979},""time"":1734233738010},{""box"":{""left"":6687,""right"":4875,""top"":8000,""bottom"":9979},""time"":1734233739171},{""box"":{""left"":6687,""right"":4875,""top"":8000,""bottom"":9979},""time"":1734233740030},{""box"":{""left"":6687,""right"":4875,""top"":8000,""bottom"":9979},""time"":1734233741040},{""box"":{""left"":6687,""right"":4875,""top"":8000,""bottom"":9979},""time"":1734233742008},{""box"":{""left"":6687,""right"":4875,""top"":8000,""bottom"":9979},""time"":1734233743047},{""box"":{""left"":6687,""right"":4875,""top"":8000,""bottom"":9979},""time"":1734233744017},{""box"":{""left"":6687,""right"":4875,""top"":8000,""bottom"":9979},""time"":1734233745052},{""box"":{""left"":6687,""right"":4875,""top"":8000,""bottom"":9979},""time"":1734233746018},{""box"":{""left"":6687,""right"":4875,""top"":8000,""bottom"":9979},""time"":1734233747012},{""box"":{""left"":6687,""right"":4875,""top"":8000,""bottom"":9979},""time"":1734233748008},{""box"":{""left"":6687,""right"":4875,""top"":8000,""bottom"":9979},""time"":1734233749052},{""box"":{""left"":6687,""right"":4875,""top"":8000,""bottom"":9979},""time"":1734233750024},{""box"":{""left"":6687,""right"":4875,""top"":8000,""bottom"":9979},""time"":1734233751040},{""box"":{""left"":6687,""right"":4875,""top"":8000,""bottom"":9979},""time"":1734233752007},{""box"":{""left"":6687,""right"":4875,""top"":8000,""bottom"":9979},""time"":1734233753014},{""box"":{""left"":6687,""right"":4875,""top"":8000,""bottom"":9979},""time"":1734233754035},{""box"":{""left"":6687,""right"":4875,""top"":8000,""bottom"":9979},""time"":1734233755056},{""box"":{""left"":6687,""right"":4875,""top"":8000,""bottom"":9979},""time"":1734233756022},{""box"":{""left"":6687,""right"":4875,""top"":8000,""bottom"":9979},""time"":1734233757057},{""box"":{""left"":6687,""right"":4875,""top"":8000,""bottom"":9979},""time"":1734233758016},{""box"":{""left"":6687,""right"":4875,""top"":8000,""bottom"":9979},""time"":1734233759018},{""box"":{""left"":6687,""right"":4875,""top"":8000,""bottom"":9979},""time"":1734233760042},{""box"":{""left"":6687,""right"":4875,""top"":8000,""bottom"":9979},""time"":1734233761010},{""box"":{""left"":6687,""right"":4875,""top"":8000,""bottom"":9979},""time"":1734233762024},{""box"":{""left"":6687,""right"":4875,""top"":8000,""bottom"":9979},""time"":1734233763002},{""box"":{""left"":6687,""right"":4875,""top"":8000,""bottom"":9979},""time"":1734233764030},{""box"":{""left"":6687,""right"":4875,""top"":8000,""bottom"":9979},""time"":1734233765006},{""box"":{""left"":6687,""right"":4875,""top"":8000,""bottom"":9979},""time"":1734233766033}",,,,,
6097,Person,2024-12-15 12:35:08,2024-12-15 12:35:49,"{""box"":{""left"":7028,""right"":7646,""top"":8323,""bottom"":9995},""time"":1734233708422},{""box"":{""left"":7028,""right"":7646,""top"":8323,""bottom"":9995},""time"":1734233709040},{""box"":{""left"":7028,""right"":7646,""top"":8323,""bottom"":9995},""time"":1734233710016},{""box"":{""left"":7028,""right"":7646,""top"":8323,""bottom"":9995},""time"":1734233711047},{""box"":{""left"":7028,""right"":7646,""top"":8323,""bottom"":9995},""time"":1734233712037},{""box"":{""left"":7028,""right"":7646,""top"":8323,""bottom"":9995},""time"":1734233713023},{""box"":{""left"":7028,""right"":7646,""top"":8323,""bottom"":9995},""time"":1734233714039},{""box"":{""left"":7028,""right"":7646,""top"":8323,""bottom"":9995},""time"":1734233715011},{""box"":{""left"":7028,""right"":7646,""top"":8323,""bottom"":9995},""time"":1734233716040},{""box"":{""left"":7028,""right"":7646,""top"":8323,""bottom"":9995},""time"":1734233717016},{""box"":{""left"":7028,""right"":7646,""top"":8323,""bottom"":9995},""time"":1734233718008},{""box"":{""left"":7028,""right"":7646,""top"":8323,""bottom"":9995},""time"":1734233719030},{""box"":{""left"":7028,""right"":7646,""top"":8323,""bottom"":9995},""time"":1734233720011},{""box"":{""left"":7028,""right"":7646,""top"":8323,""bottom"":9995},""time"":1734233721101},{""box"":{""left"":7028,""right"":7646,""top"":8323,""bottom"":9995},""time"":1734233722057},{""box"":{""left"":7028,""right"":7646,""top"":8323,""bottom"":9995},""time"":1734233723033},{""box"":{""left"":7028,""right"":7646,""top"":8323,""bottom"":9995},""time"":1734233724004},{""box"":{""left"":7028,""right"":7646,""top"":8323,""bottom"":9995},""time"":1734233725041},{""box"":{""left"":7028,""right"":7646,""top"":8323,""bottom"":9995},""time"":1734233726007},{""box"":{""left"":7028,""right"":7646,""top"":8323,""bottom"":9995},""time"":1734233727103},{""box"":{""left"":7028,""right"":7646,""top"":8323,""bottom"":9995},""time"":1734233728033},{""box"":{""left"":7028,""right"":7646,""top"":8323,""bottom"":9995},""time"":1734233729052},{""box"":{""left"":7028,""right"":7646,""top"":8323,""bottom"":9995},""time"":1734233730017},{""box"":{""left"":7028,""right"":7646,""top"":8323,""bottom"":9995},""time"":1734233731217},{""box"":{""left"":7028,""right"":7646,""top"":8323,""bottom"":9995},""time"":1734233732013},{""box"":{""left"":7028,""right"":7646,""top"":8323,""bottom"":9995},""time"":1734233733563},{""box"":{""left"":7028,""right"":7646,""top"":8323,""bottom"":9995},""time"":1734233734703},{""box"":{""left"":7028,""right"":7646,""top"":8323,""bottom"":9995},""time"":1734233735006},{""box"":{""left"":7028,""right"":7646,""top"":8323,""bottom"":9995},""time"":1734233736030},{""box"":{""left"":7028,""right"":7646,""top"":8323,""bottom"":9995},""time"":1734233737494},{""box"":{""left"":7028,""right"":7646,""top"":8323,""bottom"":9995},""time"":1734233738186},{""box"":{""left"":7028,""right"":7646,""top"":8323,""bottom"":9995},""time"":1734233739172},{""box"":{""left"":7028,""right"":7646,""top"":8323,""bottom"":9995},""time"":1734233740031},{""box"":{""left"":7028,""right"":7646,""top"":8323,""bottom"":9995},""time"":1734233741043},{""box"":{""left"":7028,""right"":7646,""top"":8323,""bottom"":9995},""time"":1734233742123},{""box"":{""left"":7028,""right"":7646,""top"":8323,""bottom"":9995},""time"":1734233743103},{""box"":{""left"":7028,""right"":7646,""top"":8323,""bottom"":9995},""time"":1734233744299},{""box"":{""left"":7028,""right"":7646,""top"":8323,""bottom"":9995},""time"":1734233745563},{""box"":{""left"":7028,""right"":7646,""top"":8323,""bottom"":9995},""time"":1734233746020},{""box"":{""left"":7028,""right"":7646,""top"":8323,""bottom"":9995},""time"":1734233747137},{""box"":{""left"":7028,""right"":7646,""top"":8323,""bottom"":9995},""time"":1734233748010},{""box"":{""left"":7028,""right"":7646,""top"":8323,""bottom"":9995},""time"":1734233749167}",,,,,
6098,Person,2024-12-15 12:35:09,2024-12-15 12:35:10,"{""box"":{""left"":8925,""right"":4854,""top"":9587,""bottom"":7562},""time"":1734233709789},{""box"":{""left"":8925,""right"":4854,""top"":9587,""bottom"":7562},""time"":1734233710018}",,,,,
6099,Person,2024-12-15 12:35:10,2024-12-15 12:35:16,"{""box"":{""left"":2606,""right"":3616,""top"":2975,""bottom"":5786},""time"":1734233710081},{""box"":{""left"":2606,""right"":3616,""top"":2975,""bottom"":5786},""time"":1734233712038},{""box"":{""left"":2606,""right"":3616,""top"":2975,""bottom"":5786},""time"":1734233713026},{""box"":{""left"":2606,""right"":3616,""top"":2975,""bottom"":5786},""time"":1734233714041},{""box"":{""left"":2606,""right"":3616,""top"":2975,""bottom"":5786},""time"":1734233715014},{""box"":{""left"":2606,""right"":3616,""top"":2975,""bottom"":5786},""time"":1734233716042}",,,,,
6100,Person,2024-12-15 12:35:10,2024-12-15 12:35:40,"{""box"":{""left"":8912,""right"":4708,""top"":9787,""bottom"":7436},""time"":1734233710653},{""box"":{""left"":8912,""right"":4708,""top"":9787,""bottom"":7436},""time"":1734233711102},{""box"":{""left"":8912,""right"":4708,""top"":9787,""bottom"":7436},""time"":1734233712039},{""box"":{""left"":8912,""right"":4708,""top"":9787,""bottom"":7436},""time"":1734233713028},{""box"":{""left"":8912,""right"":4708,""top"":9787,""bottom"":7436},""time"":1734233714044},{""box"":{""left"":8912,""right"":4708,""top"":9787,""bottom"":7436},""time"":1734233715016},{""box"":{""left"":8912,""right"":4708,""top"":9787,""bottom"":7436},""time"":1734233716044},{""box"":{""left"":8912,""right"":4708,""top"":9787,""bottom"":7436},""time"":1734233717140},{""box"":{""left"":8912,""right"":4708,""top"":9787,""bottom"":7436},""time"":1734233718011},{""box"":{""left"":8912,""right"":4708,""top"":9787,""bottom"":7436},""time"":1734233719032},{""box"":{""left"":8912,""right"":4708,""top"":9787,""bottom"":7436},""time"":1734233720014},{""box"":{""left"":8912,""right"":4708,""top"":9787,""bottom"":7436},""time"":1734233721096},{""box"":{""left"":8912,""right"":4708,""top"":9787,""bottom"":7436},""time"":1734233722053},{""box"":{""left"":8912,""right"":4708,""top"":9787,""bottom"":7436},""time"":1734233723036},{""box"":{""left"":8912,""right"":4708,""top"":9787,""bottom"":7436},""time"":1734233724007},{""box"":{""left"":8912,""right"":4708,""top"":9787,""bottom"":7436},""time"":1734233725104},{""box"":{""left"":8912,""right"":4708,""top"":9787,""bottom"":7436},""time"":1734233726008},{""box"":{""left"":8912,""right"":4708,""top"":9787,""bottom"":7436},""time"":1734233727162},{""box"":{""left"":8912,""right"":4708,""top"":9787,""bottom"":7436},""time"":1734233728030},{""box"":{""left"":8912,""right"":4708,""top"":9787,""bottom"":7436},""time"":1734233729049},{""box"":{""left"":8912,""right"":4708,""top"":9787,""bottom"":7436},""time"":1734233730014},{""box"":{""left"":8912,""right"":4708,""top"":9787,""bottom"":7436},""time"":1734233731110},{""box"":{""left"":8912,""right"":4708,""top"":9787,""bottom"":7436},""time"":1734233732009},{""box"":{""left"":8912,""right"":4708,""top"":9787,""bottom"":7436},""time"":1734233733565},{""box"":{""left"":8912,""right"":4708,""top"":9787,""bottom"":7436},""time"":1734233734704},{""box"":{""left"":8912,""right"":4708,""top"":9787,""bottom"":7436},""time"":1734233735007},{""box"":{""left"":8912,""right"":4708,""top"":9787,""bottom"":7436},""time"":1734233736031},{""box"":{""left"":8912,""right"":4708,""top"":9787,""bottom"":7436},""time"":1734233737049},{""box"":{""left"":8912,""right"":4708,""top"":9787,""bottom"":7436},""time"":1734233738012},{""box"":{""left"":8912,""right"":4708,""top"":9787,""bottom"":7436},""time"":1734233739055},{""box"":{""left"":8912,""right"":4708,""top"":9787,""bottom"":7436},""time"":1734233740028}",,,,,
6101,Person,2024-12-15 12:35:11,2024-12-15 12:35:19,"{""box"":{""left"":7507,""right"":3995,""top"":8117,""bottom"":5655},""time"":1734233711512},{""box"":{""left"":7507,""right"":3995,""top"":8117,""bottom"":5655},""time"":1734233712041},{""box"":{""left"":7507,""right"":3995,""top"":8117,""bottom"":5655},""time"":1734233713030},{""box"":{""left"":7507,""right"":3995,""top"":8117,""bottom"":5655},""time"":1734233714046},{""box"":{""left"":7507,""right"":3995,""top"":8117,""bottom"":5655},""time"":1734233715018},{""box"":{""left"":7507,""right"":3995,""top"":8117,""bottom"":5655},""time"":1734233716046},{""box"":{""left"":7507,""right"":3995,""top"":8117,""bottom"":5655},""time"":1734233717143},{""box"":{""left"":7507,""right"":3995,""top"":8117,""bottom"":5655},""time"":1734233718014},{""box"":{""left"":7507,""right"":3995,""top"":8117,""bottom"":5655},""time"":1734233719087}",,,,,
6102,Person,2024-12-15 12:35:16,2024-12-15 12:36:09,"{""box"":{""left"":5775,""right"":3471,""top"":6262,""bottom"":5066},""time"":1734233716222},{""box"":{""left"":5775,""right"":3471,""top"":6262,""bottom"":5066},""time"":1734233720017},{""box"":{""left"":5775,""right"":3471,""top"":6262,""bottom"":5066},""time"":1734233721105},{""box"":{""left"":5775,""right"":3471,""top"":6262,""bottom"":5066},""time"":1734233722061},{""box"":{""left"":5775,""right"":3471,""top"":6262,""bottom"":5066},""time"":1734233723038},{""box"":{""left"":5775,""right"":3471,""top"":6262,""bottom"":5066},""time"":1734233724009},{""box"":{""left"":5775,""right"":3471,""top"":6262,""bottom"":5066},""time"":1734233725037},{""box"":{""left"":5775,""right"":3471,""top"":6262,""bottom"":5066},""time"":1734233727100},{""box"":{""left"":5775,""right"":3471,""top"":6262,""bottom"":5066},""time"":1734233728035},{""box"":{""left"":5775,""right"":3471,""top"":6262,""bottom"":5066},""time"":1734233729054},{""box"":{""left"":5775,""right"":3471,""top"":6262,""bottom"":5066},""time"":1734233730076},{""box"":{""left"":5775,""right"":3471,""top"":6262,""bottom"":5066},""time"":1734233731111},{""box"":{""left"":5775,""right"":3471,""top"":6262,""bottom"":5066},""time"":1734233732010},{""box"":{""left"":5775,""right"":3471,""top"":6262,""bottom"":5066},""time"":1734233733387},{""box"":{""left"":5775,""right"":3471,""top"":6262,""bottom"":5066},""time"":1734233734700},{""box"":{""left"":5775,""right"":3471,""top"":6262,""bottom"":5066},""time"":1734233735009},{""box"":{""left"":5775,""right"":3471,""top"":6262,""bottom"":5066},""time"":1734233743104},{""box"":{""left"":5775,""right"":3471,""top"":6262,""bottom"":5066},""time"":1734233744300},{""box"":{""left"":5775,""right"":3471,""top"":6262,""bottom"":5066},""time"":1734233745445},{""box"":{""left"":5775,""right"":3471,""top"":6262,""bottom"":5066},""time"":1734233746016},{""box"":{""left"":5775,""right"":3471,""top"":6262,""bottom"":5066},""time"":1734233747134},{""box"":{""left"":5775,""right"":3471,""top"":6262,""bottom"":5066},""time"":1734233748005},{""box"":{""left"":5775,""right"":3471,""top"":6262,""bottom"":5066},""time"":1734233749165},{""box"":{""left"":5775,""right"":3471,""top"":6262,""bottom"":5066},""time"":1734233750199},{""box"":{""left"":5775,""right"":3471,""top"":6262,""bottom"":5066},""time"":1734233751038},{""box"":{""left"":5775,""right"":3471,""top"":6262,""bottom"":5066},""time"":1734233752005},{""box"":{""left"":5775,""right"":3471,""top"":6262,""bottom"":5066},""time"":1734233753012},{""box"":{""left"":5775,""right"":3471,""top"":6262,""bottom"":5066},""time"":1734233754031},{""box"":{""left"":5775,""right"":3471,""top"":6262,""bottom"":5066},""time"":1734233755002},{""box"":{""left"":5775,""right"":3471,""top"":6262,""bottom"":5066},""time"":1734233756019},{""box"":{""left"":5775,""right"":3471,""top"":6262,""bottom"":5066},""time"":1734233757060},{""box"":{""left"":5775,""right"":3471,""top"":6262,""bottom"":5066},""time"":1734233758011},{""box"":{""left"":5775,""right"":3471,""top"":6262,""bottom"":5066},""time"":1734233759075},{""box"":{""left"":5775,""right"":3471,""top"":6262,""bottom"":5066},""time"":1734233760035},{""box"":{""left"":5775,""right"":3471,""top"":6262,""bottom"":5066},""time"":1734233761007},{""box"":{""left"":5775,""right"":3471,""top"":6262,""bottom"":5066},""time"":1734233762018},{""box"":{""left"":5775,""right"":3471,""top"":6262,""bottom"":5066},""time"":1734233763182},{""box"":{""left"":5775,""right"":3471,""top"":6262,""bottom"":5066},""time"":1734233764024},{""box"":{""left"":5775,""right"":3471,""top"":6262,""bottom"":5066},""time"":1734233765058},{""box"":{""left"":5775,""right"":3471,""top"":6262,""bottom"":5066},""time"":1734233766028},{""box"":{""left"":5775,""right"":3471,""top"":6262,""bottom"":5066},""time"":1734233768023},{""box"":{""left"":5775,""right"":3471,""top"":6262,""bottom"":5066},""time"":1734233769221}",,,,,
6103,Person,2024-12-15 12:35:21,2024-12-15 12:35:27,"{""box"":{""left"":2887,""right"":2956,""top"":3218,""bottom"":4122},""time"":1734233721835},{""box"":{""left"":2887,""right"":2956,""top"":3218,""bottom"":4122},""time"":1734233723040},{""box"":{""left"":2887,""right"":2956,""top"":3218,""bottom"":4122},""time"":1734233724012},{""box"":{""left"":2887,""right"":2956,""top"":3218,""bottom"":4122},""time"":1734233725045},{""box"":{""left"":2887,""right"":2956,""top"":3218,""bottom"":4122},""time"":1734233726010},{""box"":{""left"":2887,""right"":2956,""top"":3218,""bottom"":4122},""time"":1734233727105}",,,,,
6105,Person,2024-12-15 12:35:23,2024-12-15 12:35:31,"{""box"":{""left"":1768,""right"":2593,""top"":1887,""bottom"":3281},""time"":1734233723670},{""box"":{""left"":1768,""right"":2593,""top"":1887,""bottom"":3281},""time"":1734233729055},{""box"":{""left"":1768,""right"":2593,""top"":1887,""bottom"":3281},""time"":1734233731220}",,,,,
6106,Person,2024-12-15 12:35:26,2024-12-15 12:35:42,"{""box"":{""left"":1773,""right"":2410,""top"":2018,""bottom"":3626},""time"":1734233726247},{""box"":{""left"":1773,""right"":2410,""top"":2018,""bottom"":3626},""time"":1734233728825},{""box"":{""left"":1773,""right"":2410,""top"":2018,""bottom"":3626},""time"":1734233729170},{""box"":{""left"":1773,""right"":2410,""top"":2018,""bottom"":3626},""time"":1734233730081},{""box"":{""left"":1773,""right"":2410,""top"":2018,""bottom"":3626},""time"":1734233731910},{""box"":{""left"":1773,""right"":2410,""top"":2018,""bottom"":3626},""time"":1734233732016},{""box"":{""left"":1773,""right"":2410,""top"":2018,""bottom"":3626},""time"":1734233733729},{""box"":{""left"":1773,""right"":2410,""top"":2018,""bottom"":3626},""time"":1734233734707},{""box"":{""left"":1773,""right"":2410,""top"":2018,""bottom"":3626},""time"":1734233735003},{""box"":{""left"":1773,""right"":2410,""top"":2018,""bottom"":3626},""time"":1734233736026},{""box"":{""left"":1773,""right"":2410,""top"":2018,""bottom"":3626},""time"":1734233737051},{""box"":{""left"":1773,""right"":2410,""top"":2018,""bottom"":3626},""time"":1734233738009},{""box"":{""left"":1773,""right"":2410,""top"":2018,""bottom"":3626},""time"":1734233739000},{""box"":{""left"":1773,""right"":2410,""top"":2018,""bottom"":3626},""time"":1734233740035},{""box"":{""left"":1773,""right"":2410,""top"":2018,""bottom"":3626},""time"":1734233741048},{""box"":{""left"":1773,""right"":2410,""top"":2018,""bottom"":3626},""time"":1734233742012}",,,,,
6107,Person,2024-12-15 12:35:30,2024-12-15 12:35:33,"{""box"":{""left"":3272,""right"":2775,""top"":3665,""bottom"":4889},""time"":1734233730082},{""box"":{""left"":3272,""right"":2775,""top"":3665,""bottom"":4889},""time"":1734233733566}",,,,,
6108,Person,2024-12-15 12:35:33,2024-12-15 12:35:33,"{""box"":{""left"":1963,""right"":3688,""top"":2361,""bottom"":5365},""time"":1734233733567}",,,,,
6109,Person,2024-12-15 12:35:33,2024-12-15 12:35:48,"{""box"":{""left"":1793,""right"":2344,""top"":1996,""bottom"":3460},""time"":1734233733795},{""box"":{""left"":1793,""right"":2344,""top"":1996,""bottom"":3460},""time"":1734233734893},{""box"":{""left"":1793,""right"":2344,""top"":1996,""bottom"":3460},""time"":1734233735011},{""box"":{""left"":1793,""right"":2344,""top"":1996,""bottom"":3460},""time"":1734233736035},{""box"":{""left"":1793,""right"":2344,""top"":1996,""bottom"":3460},""time"":1734233737057},{""box"":{""left"":1793,""right"":2344,""top"":1996,""bottom"":3460},""time"":1734233738015},{""box"":{""left"":1793,""right"":2344,""top"":1996,""bottom"":3460},""time"":1734233739177},{""box"":{""left"":1793,""right"":2344,""top"":1996,""bottom"":3460},""time"":1734233740262},{""box"":{""left"":1793,""right"":2344,""top"":1996,""bottom"":3460},""time"":1734233741051},{""box"":{""left"":1793,""right"":2344,""top"":1996,""bottom"":3460},""time"":1734233742015},{""box"":{""left"":1793,""right"":2344,""top"":1996,""bottom"":3460},""time"":1734233743100},{""box"":{""left"":1793,""right"":2344,""top"":1996,""bottom"":3460},""time"":1734233744296},{""box"":{""left"":1793,""right"":2344,""top"":1996,""bottom"":3460},""time"":1734233745105},{""box"":{""left"":1793,""right"":2344,""top"":1996,""bottom"":3460},""time"":1734233746022},{""box"":{""left"":1793,""right"":2344,""top"":1996,""bottom"":3460},""time"":1734233747073},{""box"":{""left"":1793,""right"":2344,""top"":1996,""bottom"":3460},""time"":1734233748013}",,,,,
6111,Person,2024-12-15 12:35:36,2024-12-15 12:35:39,"{""box"":{""left"":4126,""right"":4239,""top"":4559,""bottom"":6468},""time"":1734233736495},{""box"":{""left"":4126,""right"":4239,""top"":4559,""bottom"":6468},""time"":1734233738016},{""box"":{""left"":4126,""right"":4239,""top"":4559,""bottom"":6468},""time"":1734233739178}",,,,,
6112,Person,2024-12-15 12:35:36,2024-12-15 12:35:39,"{""box"":{""left"":3140,""right"":4683,""top"":3714,""bottom"":7325},""time"":1734233736610},{""box"":{""left"":3140,""right"":4683,""top"":3714,""bottom"":7325},""time"":1734233737059},{""box"":{""left"":3140,""right"":4683,""top"":3714,""bottom"":7325},""time"":1734233738018},{""box"":{""left"":3140,""right"":4683,""top"":3714,""bottom"":7325},""time"":1734233739292}",,,,,
6114,Person,2024-12-15 12:35:40,2024-12-15 12:35:40,"{""box"":{""left"":6271,""right"":9122,""top"":6852,""bottom"":9935},""time"":1734233740561}",,,,,
6115,Face,2024-12-15 12:35:40,2024-12-15 12:35:40,"{""box"":{""left"":5101,""right"":8726,""top"":5633,""bottom"":9258},""time"":1734233740555}","13,17",male,,,
6116,Person,2024-12-15 12:35:41,2024-12-15 12:35:47,"{""box"":{""left"":2011,""right"":2458,""top"":2280,""bottom"":3645},""time"":1734233741439},{""box"":{""left"":2011,""right"":2458,""top"":2280,""bottom"":3645},""time"":1734233743559},{""box"":{""left"":2011,""right"":2458,""top"":2280,""bottom"":3645},""time"":1734233744879},{""box"":{""left"":2011,""right"":2458,""top"":2280,""bottom"":3645},""time"":1734233745450},{""box"":{""left"":2011,""right"":2458,""top"":2280,""bottom"":3645},""time"":1734233746189},{""box"":{""left"":2011,""right"":2458,""top"":2280,""bottom"":3645},""time"":1734233747140}",,,,,
6117,Person,2024-12-15 12:35:41,2024-12-15 12:35:51,"{""box"":{""left"":1775,""right"":2636,""top"":1993,""bottom"":4373},""time"":1734233741666},{""box"":{""left"":1775,""right"":2636,""top"":1993,""bottom"":4373},""time"":1734233742019},{""box"":{""left"":1775,""right"":2636,""top"":1993,""bottom"":4373},""time"":1734233743106},{""box"":{""left"":1775,""right"":2636,""top"":1993,""bottom"":4373},""time"":1734233744364},{""box"":{""left"":1775,""right"":2636,""top"":1993,""bottom"":4373},""time"":1734233745451},{""box"":{""left"":1775,""right"":2636,""top"":1993,""bottom"":4373},""time"":1734233746023},{""box"":{""left"":1775,""right"":2636,""top"":1993,""bottom"":4373},""time"":1734233747543},{""box"":{""left"":1775,""right"":2636,""top"":1993,""bottom"":4373},""time"":1734233748014},{""box"":{""left"":1775,""right"":2636,""top"":1993,""bottom"":4373},""time"":1734233749115},{""box"":{""left"":1775,""right"":2636,""top"":1993,""bottom"":4373},""time"":1734233750201},{""box"":{""left"":1775,""right"":2636,""top"":1993,""bottom"":4373},""time"":1734233751042}",,,,,
6118,Person,2024-12-15 12:35:43,2024-12-15 12:35:43,"{""box"":{""left"":855,""right"":9295,""top"":2005,""bottom"":10000},""time"":1734233743107}",,,,,
6119,Person,2024-12-15 12:35:44,2024-12-15 12:35:49,"{""box"":{""left"":2737,""right"":3266,""top"":3327,""bottom"":6256},""time"":1734233744302},{""box"":{""left"":2737,""right"":3266,""top"":3327,""bottom"":6256},""time"":1734233745568},{""box"":{""left"":2737,""right"":3266,""top"":3327,""bottom"":6256},""time"":1734233746253},{""box"":{""left"":2737,""right"":3266,""top"":3327,""bottom"":6256},""time"":1734233747607},{""box"":{""left"":2737,""right"":3266,""top"":3327,""bottom"":6256},""time"":1734233748083},{""box"":{""left"":2737,""right"":3266,""top"":3327,""bottom"":6256},""time"":1734233749116}",,,,,
6120,Person,2024-12-15 12:35:45,2024-12-15 12:36:21,"{""box"":{""left"":5454,""right"":5928,""top"":6290,""bottom"":9461},""time"":1734233745569},{""box"":{""left"":5454,""right"":5928,""top"":6290,""bottom"":9461},""time"":1734233746254},{""box"":{""left"":5454,""right"":5928,""top"":6290,""bottom"":9461},""time"":1734233747608},{""box"":{""left"":5454,""right"":5928,""top"":6290,""bottom"":9461},""time"":1734233748086},{""box"":{""left"":5454,""right"":5928,""top"":6290,""bottom"":9461},""time"":1734233749117},{""box"":{""left"":5454,""right"":5928,""top"":6290,""bottom"":9461},""time"":1734233750202},{""box"":{""left"":5454,""right"":5928,""top"":6290,""bottom"":9461},""time"":1734233751044},{""box"":{""left"":5454,""right"":5928,""top"":6290,""bottom"":9461},""time"":1734233752060},{""box"":{""left"":5454,""right"":5928,""top"":6290,""bottom"":9461},""time"":1734233753016},{""box"":{""left"":5454,""right"":5928,""top"":6290,""bottom"":9461},""time"":1734233754040},{""box"":{""left"":5454,""right"":5928,""top"":6290,""bottom"":9461},""time"":1734233755062},{""box"":{""left"":5454,""right"":5928,""top"":6290,""bottom"":9461},""time"":1734233756027},{""box"":{""left"":5454,""right"":5928,""top"":6290,""bottom"":9461},""time"":1734233757000},{""box"":{""left"":5454,""right"":5928,""top"":6290,""bottom"":9461},""time"":1734233758014},{""box"":{""left"":5454,""right"":5928,""top"":6290,""bottom"":9461},""time"":1734233759069},{""box"":{""left"":5454,""right"":5928,""top"":6290,""bottom"":9461},""time"":1734233760039},{""box"":{""left"":5454,""right"":5928,""top"":6290,""bottom"":9461},""time"":1734233761062},{""box"":{""left"":5454,""right"":5928,""top"":6290,""bottom"":9461},""time"":1734233763177},{""box"":{""left"":5454,""right"":5928,""top"":6290,""bottom"":9461},""time"":1734233764027},{""box"":{""left"":5454,""right"":5928,""top"":6290,""bottom"":9461},""time"":1734233765064},{""box"":{""left"":5454,""right"":5928,""top"":6290,""bottom"":9461},""time"":1734233766031},{""box"":{""left"":5454,""right"":5928,""top"":6290,""bottom"":9461},""time"":1734233767048},{""box"":{""left"":5454,""right"":5928,""top"":6290,""bottom"":9461},""time"":1734233768029},{""box"":{""left"":5454,""right"":5928,""top"":6290,""bottom"":9461},""time"":1734233769047},{""box"":{""left"":5454,""right"":5928,""top"":6290,""bottom"":9461},""time"":1734233770013},{""box"":{""left"":5454,""right"":5928,""top"":6290,""bottom"":9461},""time"":1734233771026},{""box"":{""left"":5454,""right"":5928,""top"":6290,""bottom"":9461},""time"":1734233772009},{""box"":{""left"":5454,""right"":5928,""top"":6290,""bottom"":9461},""time"":1734233773034},{""box"":{""left"":5454,""right"":5928,""top"":6290,""bottom"":9461},""time"":1734233774003},{""box"":{""left"":5454,""right"":5928,""top"":6290,""bottom"":9461},""time"":1734233775020},{""box"":{""left"":5454,""right"":5928,""top"":6290,""bottom"":9461},""time"":1734233776040},{""box"":{""left"":5454,""right"":5928,""top"":6290,""bottom"":9461},""time"":1734233777006},{""box"":{""left"":5454,""right"":5928,""top"":6290,""bottom"":9461},""time"":1734233778039},{""box"":{""left"":5454,""right"":5928,""top"":6290,""bottom"":9461},""time"":1734233779002},{""box"":{""left"":5454,""right"":5928,""top"":6290,""bottom"":9461},""time"":1734233780043},{""box"":{""left"":5454,""right"":5928,""top"":6290,""bottom"":9461},""time"":1734233781009}",,,,,
6121,Face,2024-12-15 12:35:48,2024-12-15 12:35:50,"{""box"":{""left"":3953,""right"":5144,""top"":4337,""bottom"":5677},""time"":1734233748756},{""box"":{""left"":4801,""right"":6449,""top"":5205,""bottom"":7007},""time"":1734233749478},{""box"":{""left"":6288,""right"":7831,""top"":6780,""bottom"":8425},""time"":1734233750435}","55,64",male,,,
6122,Person,2024-12-15 12:35:50,2024-12-15 12:35:54,"{""box"":{""left"":2642,""right"":3599,""top"":3067,""bottom"":5436},""time"":1734233750203},{""box"":{""left"":2642,""right"":3599,""top"":3067,""bottom"":5436},""time"":1734233751045},{""box"":{""left"":2642,""right"":3599,""top"":3067,""bottom"":5436},""time"":1734233752061},{""box"":{""left"":2642,""right"":3599,""top"":3067,""bottom"":5436},""time"":1734233753018},{""box"":{""left"":2642,""right"":3599,""top"":3067,""bottom"":5436},""time"":1734233754043}",,,,,
6123,Person,2024-12-15 12:35:54,2024-12-15 12:35:54,"{""box"":{""left"":1768,""right"":2697,""top"":1931,""bottom"":3520},""time"":1734233754907}",,,,,
6124,Person,2024-12-15 12:35:57,2024-12-15 12:36:07,"{""box"":{""left"":1756,""right"":2479,""top"":1949,""bottom"":3625},""time"":1734233757793},{""box"":{""left"":1756,""right"":2479,""top"":1949,""bottom"":3625},""time"":1734233759080},{""box"":{""left"":1756,""right"":2479,""top"":1949,""bottom"":3625},""time"":1734233760049},{""box"":{""left"":1756,""right"":2479,""top"":1949,""bottom"":3625},""time"":1734233761071},{""box"":{""left"":1756,""right"":2479,""top"":1949,""bottom"":3625},""time"":1734233762031},{""box"":{""left"":1756,""right"":2479,""top"":1949,""bottom"":3625},""time"":1734233763185},{""box"":{""left"":1756,""right"":2479,""top"":1949,""bottom"":3625},""time"":1734233764037},{""box"":{""left"":1756,""right"":2479,""top"":1949,""bottom"":3625},""time"":1734233765066},{""box"":{""left"":1756,""right"":2479,""top"":1949,""bottom"":3625},""time"":1734233766039},{""box"":{""left"":1756,""right"":2479,""top"":1949,""bottom"":3625},""time"":1734233767002}",,,,,
6125,Person,2024-12-15 12:35:59,2024-12-15 12:36:15,"{""box"":{""left"":7087,""right"":8375,""top"":8362,""bottom"":10000},""time"":1734233759529},{""box"":{""left"":7087,""right"":8375,""top"":8362,""bottom"":10000},""time"":1734233760051},{""box"":{""left"":7087,""right"":8375,""top"":8362,""bottom"":10000},""time"":1734233761074},{""box"":{""left"":7087,""right"":8375,""top"":8362,""bottom"":10000},""time"":1734233762034},{""box"":{""left"":7087,""right"":8375,""top"":8362,""bottom"":10000},""time"":1734233763188},{""box"":{""left"":7087,""right"":8375,""top"":8362,""bottom"":10000},""time"":1734233764039},{""box"":{""left"":7087,""right"":8375,""top"":8362,""bottom"":10000},""time"":1734233765069},{""box"":{""left"":7087,""right"":8375,""top"":8362,""bottom"":10000},""time"":1734233766041},{""box"":{""left"":7087,""right"":8375,""top"":8362,""bottom"":10000},""time"":1734233767004},{""box"":{""left"":7087,""right"":8375,""top"":8362,""bottom"":10000},""time"":1734233768032},{""box"":{""left"":7087,""right"":8375,""top"":8362,""bottom"":10000},""time"":1734233769053},{""box"":{""left"":7087,""right"":8375,""top"":8362,""bottom"":10000},""time"":1734233770019},{""box"":{""left"":7087,""right"":8375,""top"":8362,""bottom"":10000},""time"":1734233771032},{""box"":{""left"":7087,""right"":8375,""top"":8362,""bottom"":10000},""time"":1734233772006},{""box"":{""left"":7087,""right"":8375,""top"":8362,""bottom"":10000},""time"":1734233773031},{""box"":{""left"":7087,""right"":8375,""top"":8362,""bottom"":10000},""time"":1734233774009},{""box"":{""left"":7087,""right"":8375,""top"":8362,""bottom"":10000},""time"":1734233775026}",,,,,
6126,Person,2024-12-15 12:36:02,2024-12-15 12:36:10,"{""box"":{""left"":1787,""right"":2987,""top"":1987,""bottom"":4139},""time"":1734233762035},{""box"":{""left"":1787,""right"":2987,""top"":1987,""bottom"":4139},""time"":1734233763190},{""box"":{""left"":1787,""right"":2987,""top"":1987,""bottom"":4139},""time"":1734233764042},{""box"":{""left"":1787,""right"":2987,""top"":1987,""bottom"":4139},""time"":1734233765473},{""box"":{""left"":1787,""right"":2987,""top"":1987,""bottom"":4139},""time"":1734233766043},{""box"":{""left"":1787,""right"":2987,""top"":1987,""bottom"":4139},""time"":1734233767007},{""box"":{""left"":1787,""right"":2987,""top"":1987,""bottom"":4139},""time"":1734233768034},{""box"":{""left"":1787,""right"":2987,""top"":1987,""bottom"":4139},""time"":1734233769055},{""box"":{""left"":1787,""right"":2987,""top"":1987,""bottom"":4139},""time"":1734233770022}",,,,,
6127,Person,2024-12-15 12:36:09,2024-12-15 12:36:13,"{""box"":{""left"":2187,""right"":2791,""top"":2487,""bottom"":4416},""time"":1734233769105},{""box"":{""left"":2187,""right"":2791,""top"":2487,""bottom"":4416},""time"":1734233770470},{""box"":{""left"":2187,""right"":2791,""top"":2487,""bottom"":4416},""time"":1734233771035},{""box"":{""left"":2187,""right"":2791,""top"":2487,""bottom"":4416},""time"":1734233772233},{""box"":{""left"":2187,""right"":2791,""top"":2487,""bottom"":4416},""time"":1734233773039}",,,,,
6128,Person,2024-12-15 12:36:10,2024-12-15 12:36:22,"{""box"":{""left"":7187,""right"":8187,""top"":8349,""bottom"":10000},""time"":1734233770745},{""box"":{""left"":7187,""right"":8187,""top"":8349,""bottom"":10000},""time"":1734233771038},{""box"":{""left"":7187,""right"":8187,""top"":8349,""bottom"":10000},""time"":1734233772235},{""box"":{""left"":7187,""right"":8187,""top"":8349,""bottom"":10000},""time"":1734233773041},{""box"":{""left"":7187,""right"":8187,""top"":8349,""bottom"":10000},""time"":1734233774013},{""box"":{""left"":7187,""right"":8187,""top"":8349,""bottom"":10000},""time"":1734233775029},{""box"":{""left"":7187,""right"":8187,""top"":8349,""bottom"":10000},""time"":1734233776042},{""box"":{""left"":7187,""right"":8187,""top"":8349,""bottom"":10000},""time"":1734233777009},{""box"":{""left"":7187,""right"":8187,""top"":8349,""bottom"":10000},""time"":1734233778042},{""box"":{""left"":7187,""right"":8187,""top"":8349,""bottom"":10000},""time"":1734233779009},{""box"":{""left"":7187,""right"":8187,""top"":8349,""bottom"":10000},""time"":1734233780049},{""box"":{""left"":7187,""right"":8187,""top"":8349,""bottom"":10000},""time"":1734233781011},{""box"":{""left"":7187,""right"":8187,""top"":8349,""bottom"":10000},""time"":1734233782025}",,,,,
6129,Person,2024-12-15 12:36:10,2024-12-15 12:36:22,"{""box"":{""left"":6193,""right"":3552,""top"":6637,""bottom"":4593},""time"":1734233770923},{""box"":{""left"":6193,""right"":3552,""top"":6637,""bottom"":4593},""time"":1734233772238},{""box"":{""left"":6193,""right"":3552,""top"":6637,""bottom"":4593},""time"":1734233773043},{""box"":{""left"":6193,""right"":3552,""top"":6637,""bottom"":4593},""time"":1734233774016},{""box"":{""left"":6193,""right"":3552,""top"":6637,""bottom"":4593},""time"":1734233775032},{""box"":{""left"":6193,""right"":3552,""top"":6637,""bottom"":4593},""time"":1734233776045},{""box"":{""left"":6193,""right"":3552,""top"":6637,""bottom"":4593},""time"":1734233777012},{""box"":{""left"":6193,""right"":3552,""top"":6637,""bottom"":4593},""time"":1734233778045},{""box"":{""left"":6193,""right"":3552,""top"":6637,""bottom"":4593},""time"":1734233779530},{""box"":{""left"":6193,""right"":3552,""top"":6637,""bottom"":4593},""time"":1734233780052},{""box"":{""left"":6193,""right"":3552,""top"":6637,""bottom"":4593},""time"":1734233781007},{""box"":{""left"":6193,""right"":3552,""top"":6637,""bottom"":4593},""time"":1734233782028}",,,,,
6130,Person,2024-12-15 12:36:18,2024-12-15 12:36:19,"{""box"":{""left"":7575,""right"":8562,""top"":8924,""bottom"":10000},""time"":1734233778383}",,,,,
6131,Person,2024-12-15 12:36:21,2024-12-15 12:36:22,"{""box"":{""left"":6706,""right"":2635,""top"":7018,""bottom"":4406},""time"":1734233781184}",,,,,
6132,Person,2024-12-15 12:36:21,2024-12-15 12:36:23,"{""box"":{""left"":7312,""right"":7228,""top"":8962,""bottom"":9999},""time"":1734233781979},{""box"":{""left"":7312,""right"":7228,""top"":8962,""bottom"":9999},""time"":1734233783045}",,,,,
6133,Person,2024-12-15 12:36:22,2024-12-15 12:36:35,"{""box"":{""left"":6161,""right"":3562,""top"":6686,""bottom"":5353},""time"":1734233782873},{""box"":{""left"":6161,""right"":3562,""top"":6686,""bottom"":5353},""time"":1734233784009}",,,,,
6134,Person,2024-12-15 12:36:23,2024-12-15 12:36:52,"{""box"":{""left"":5924,""right"":2645,""top"":6324,""bottom"":4479},""time"":1734233783219},{""box"":{""left"":5924,""right"":2645,""top"":6324,""bottom"":4479},""time"":1734233784011},{""box"":{""left"":5924,""right"":2645,""top"":6324,""bottom"":4479},""time"":1734233785030},{""box"":{""left"":5924,""right"":2645,""top"":6324,""bottom"":4479},""time"":1734233786002},{""box"":{""left"":5924,""right"":2645,""top"":6324,""bottom"":4479},""time"":1734233787010},{""box"":{""left"":5924,""right"":2645,""top"":6324,""bottom"":4479},""time"":1734233788040},{""box"":{""left"":5924,""right"":2645,""top"":6324,""bottom"":4479},""time"":1734233789050},{""box"":{""left"":5924,""right"":2645,""top"":6324,""bottom"":4479},""time"":1734233790013},{""box"":{""left"":5924,""right"":2645,""top"":6324,""bottom"":4479},""time"":1734233791031},{""box"":{""left"":5924,""right"":2645,""top"":6324,""bottom"":4479},""time"":1734233792021},{""box"":{""left"":5924,""right"":2645,""top"":6324,""bottom"":4479},""time"":1734233793001},{""box"":{""left"":5924,""right"":2645,""top"":6324,""bottom"":4479},""time"":1734233794013},{""box"":{""left"":5924,""right"":2645,""top"":6324,""bottom"":4479},""time"":1734233795250},{""box"":{""left"":5924,""right"":2645,""top"":6324,""bottom"":4479},""time"":1734233796041},{""box"":{""left"":5924,""right"":2645,""top"":6324,""bottom"":4479},""time"":1734233797001},{""box"":{""left"":5924,""right"":2645,""top"":6324,""bottom"":4479},""time"":1734233798020},{""box"":{""left"":5924,""right"":2645,""top"":6324,""bottom"":4479},""time"":1734233799046},{""box"":{""left"":5924,""right"":2645,""top"":6324,""bottom"":4479},""time"":1734233800028},{""box"":{""left"":5924,""right"":2645,""top"":6324,""bottom"":4479},""time"":1734233801049},{""box"":{""left"":5924,""right"":2645,""top"":6324,""bottom"":4479},""time"":1734233802020},{""box"":{""left"":5924,""right"":2645,""top"":6324,""bottom"":4479},""time"":1734233803050},{""box"":{""left"":5924,""right"":2645,""top"":6324,""bottom"":4479},""time"":1734233804013},{""box"":{""left"":5924,""right"":2645,""top"":6324,""bottom"":4479},""time"":1734233805002},{""box"":{""left"":5924,""right"":2645,""top"":6324,""bottom"":4479},""time"":1734233806032},{""box"":{""left"":5924,""right"":2645,""top"":6324,""bottom"":4479},""time"":1734233807041},{""box"":{""left"":5924,""right"":2645,""top"":6324,""bottom"":4479},""time"":1734233808015},{""box"":{""left"":5924,""right"":2645,""top"":6324,""bottom"":4479},""time"":1734233809019},{""box"":{""left"":5924,""right"":2645,""top"":6324,""bottom"":4479},""time"":1734233810035},{""box"":{""left"":5924,""right"":2645,""top"":6324,""bottom"":4479},""time"":1734233811015},{""box"":{""left"":5924,""right"":2645,""top"":6324,""bottom"":4479},""time"":1734233812033}",,,,,
6135,Person,2024-12-15 12:36:33,2024-12-15 12:36:35,"{""box"":{""left"":5895,""right"":7941,""top"":7382,""bottom"":10000},""time"":1734233793003},{""box"":{""left"":5895,""right"":7941,""top"":7382,""bottom"":10000},""time"":1734233794016},{""box"":{""left"":5895,""right"":7941,""top"":7382,""bottom"":10000},""time"":1734233795258}",,,,,
6136,Face,2024-12-15 12:36:33,2024-12-15 12:36:34,"{""box"":{""left"":5382,""right"":7694,""top"":5726,""bottom"":8227},""time"":1734233793468},{""box"":{""left"":4228,""right"":7360,""top"":4576,""bottom"":7846},""time"":1734233794007}","18,24",male,,,
6137,Person,2024-12-15 12:36:35,2024-12-15 12:36:37,"{""box"":{""left"":5525,""right"":8333,""top"":6424,""bottom"":10000},""time"":1734233795260},{""box"":{""left"":5525,""right"":8333,""top"":6424,""bottom"":10000},""time"":1734233796047},{""box"":{""left"":5525,""right"":8333,""top"":6424,""bottom"":10000},""time"":1734233797008}",,,,,
6138,Person,2024-12-15 12:36:38,2024-12-15 12:36:39,"{""box"":{""left"":3650,""right"":8500,""top"":5087,""bottom"":10000},""time"":1734233798426},{""box"":{""left"":3650,""right"":8500,""top"":5087,""bottom"":10000},""time"":1734233799052}",,,,,
6139,Person,2024-12-15 12:36:38,2024-12-15 12:36:48,"{""box"":{""left"":6950,""right"":8250,""top"":7962,""bottom"":10000},""time"":1734233798486},{""box"":{""left"":6950,""right"":8250,""top"":7962,""bottom"":10000},""time"":1734233799055},{""box"":{""left"":6950,""right"":8250,""top"":7962,""bottom"":10000},""time"":1734233800034},{""box"":{""left"":6950,""right"":8250,""top"":7962,""bottom"":10000},""time"":1734233801055},{""box"":{""left"":6950,""right"":8250,""top"":7962,""bottom"":10000},""time"":1734233802026},{""box"":{""left"":6950,""right"":8250,""top"":7962,""bottom"":10000},""time"":1734233803055},{""box"":{""left"":6950,""right"":8250,""top"":7962,""bottom"":10000},""time"":1734233804016},{""box"":{""left"":6950,""right"":8250,""top"":7962,""bottom"":10000},""time"":1734233805235},{""box"":{""left"":6950,""right"":8250,""top"":7962,""bottom"":10000},""time"":1734233806035},{""box"":{""left"":6950,""right"":8250,""top"":7962,""bottom"":10000},""time"":1734233807567},{""box"":{""left"":6950,""right"":8250,""top"":7962,""bottom"":10000},""time"":1734233808018}",,,,,
6140,Person,2024-12-15 12:36:40,2024-12-15 12:36:47,"{""box"":{""left"":6775,""right"":7687,""top"":8000,""bottom"":10000},""time"":1734233800591},{""box"":{""left"":6775,""right"":7687,""top"":8000,""bottom"":10000},""time"":1734233801683},{""box"":{""left"":6775,""right"":7687,""top"":8000,""bottom"":10000},""time"":1734233802029},{""box"":{""left"":6775,""right"":7687,""top"":8000,""bottom"":10000},""time"":1734233803058},{""box"":{""left"":6775,""right"":7687,""top"":8000,""bottom"":10000},""time"":1734233804019},{""box"":{""left"":6775,""right"":7687,""top"":8000,""bottom"":10000},""time"":1734233805005},{""box"":{""left"":6775,""right"":7687,""top"":8000,""bottom"":10000},""time"":1734233806038},{""box"":{""left"":6775,""right"":7687,""top"":8000,""bottom"":10000},""time"":1734233807043}",,,,,
6141,Person,2024-12-15 12:36:42,2024-12-15 12:39:08,"{""box"":{""left"":6212,""right"":3541,""top"":6700,""bottom"":5395},""time"":1734233802485},{""box"":{""left"":6212,""right"":3541,""top"":6700,""bottom"":5395},""time"":1734233804022},{""box"":{""left"":6212,""right"":3541,""top"":6700,""bottom"":5395},""time"":1734233805007},{""box"":{""left"":6212,""right"":3541,""top"":6700,""bottom"":5395},""time"":1734233807046},{""box"":{""left"":6212,""right"":3541,""top"":6700,""bottom"":5395},""time"":1734233809025},{""box"":{""left"":6212,""right"":3541,""top"":6700,""bottom"":5395},""time"":1734233810038},{""box"":{""left"":6212,""right"":3541,""top"":6700,""bottom"":5395},""time"":1734233811021},{""box"":{""left"":6212,""right"":3541,""top"":6700,""bottom"":5395},""time"":1734233812038},{""box"":{""left"":6212,""right"":3541,""top"":6700,""bottom"":5395},""time"":1734233813001},{""box"":{""left"":6212,""right"":3541,""top"":6700,""bottom"":5395},""time"":1734233814023},{""box"":{""left"":6212,""right"":3541,""top"":6700,""bottom"":5395},""time"":1734233815047},{""box"":{""left"":6212,""right"":3541,""top"":6700,""bottom"":5395},""time"":1734233816022},{""box"":{""left"":6212,""right"":3541,""top"":6700,""bottom"":5395},""time"":1734233817045},{""box"":{""left"":6212,""right"":3541,""top"":6700,""bottom"":5395},""time"":1734233818006},{""box"":{""left"":6212,""right"":3541,""top"":6700,""bottom"":5395},""time"":1734233819019},{""box"":{""left"":6212,""right"":3541,""top"":6700,""bottom"":5395},""time"":1734233820042},{""box"":{""left"":6212,""right"":3541,""top"":6700,""bottom"":5395},""time"":1734233821011},{""box"":{""left"":6212,""right"":3541,""top"":6700,""bottom"":5395},""time"":1734233822034},{""box"":{""left"":6212,""right"":3541,""top"":6700,""bottom"":5395},""time"":1734233823000},{""box"":{""left"":6212,""right"":3541,""top"":6700,""bottom"":5395},""time"":1734233824009},{""box"":{""left"":6212,""right"":3541,""top"":6700,""bottom"":5395},""time"":1734233825041},{""box"":{""left"":6212,""right"":3541,""top"":6700,""bottom"":5395},""time"":1734233826058},{""box"":{""left"":6212,""right"":3541,""top"":6700,""bottom"":5395},""time"":1734233827058},{""box"":{""left"":6212,""right"":3541,""top"":6700,""bottom"":5395},""time"":1734233828010},{""box"":{""left"":6212,""right"":3541,""top"":6700,""bottom"":5395},""time"":1734233829025},{""box"":{""left"":6212,""right"":3541,""top"":6700,""bottom"":5395},""time"":1734233830054},{""box"":{""left"":6212,""right"":3541,""top"":6700,""bottom"":5395},""time"":1734233831030},{""box"":{""left"":6212,""right"":3541,""top"":6700,""bottom"":5395},""time"":1734233832008},{""box"":{""left"":6212,""right"":3541,""top"":6700,""bottom"":5395},""time"":1734233833050},{""box"":{""left"":6212,""right"":3541,""top"":6700,""bottom"":5395},""time"":1734233834010},{""box"":{""left"":6212,""right"":3541,""top"":6700,""bottom"":5395},""time"":1734233835029},{""box"":{""left"":6212,""right"":3541,""top"":6700,""bottom"":5395},""time"":1734233836004},{""box"":{""left"":6212,""right"":3541,""top"":6700,""bottom"":5395},""time"":1734233837027},{""box"":{""left"":6212,""right"":3541,""top"":6700,""bottom"":5395},""time"":1734233838007},{""box"":{""left"":6212,""right"":3541,""top"":6700,""bottom"":5395},""time"":1734233839030},{""box"":{""left"":6212,""right"":3541,""top"":6700,""bottom"":5395},""time"":1734233840008},{""box"":{""left"":6212,""right"":3541,""top"":6700,""bottom"":5395},""time"":1734233841052},{""box"":{""left"":6212,""right"":3541,""top"":6700,""bottom"":5395},""time"":1734233842031},{""box"":{""left"":6212,""right"":3541,""top"":6700,""bottom"":5395},""time"":1734233843051},{""box"":{""left"":6212,""right"":3541,""top"":6700,""bottom"":5395},""time"":1734233844005},{""box"":{""left"":6212,""right"":3541,""top"":6700,""bottom"":5395},""time"":1734233845036},{""box"":{""left"":6212,""right"":3541,""top"":6700,""bottom"":5395},""time"":1734233846016},{""box"":{""left"":6212,""right"":3541,""top"":6700,""bottom"":5395},""time"":1734233847047},{""box"":{""left"":6212,""right"":3541,""top"":6700,""bottom"":5395},""time"":1734233848017},{""box"":{""left"":6212,""right"":3541,""top"":6700,""bottom"":5395},""time"":1734233849035},{""box"":{""left"":6212,""right"":3541,""top"":6700,""bottom"":5395},""time"":1734233850020},{""box"":{""left"":6212,""right"":3541,""top"":6700,""bottom"":5395},""time"":1734233851055},{""box"":{""left"":6212,""right"":3541,""top"":6700,""bottom"":5395},""time"":1734233852027},{""box"":{""left"":6212,""right"":3541,""top"":6700,""bottom"":5395},""time"":1734233853004},{""box"":{""left"":6212,""right"":3541,""top"":6700,""bottom"":5395},""time"":1734233854016},{""box"":{""left"":6212,""right"":3541,""top"":6700,""bottom"":5395},""time"":1734233855048},{""box"":{""left"":6212,""right"":3541,""top"":6700,""bottom"":5395},""time"":1734233856016},{""box"":{""left"":6212,""right"":3541,""top"":6700,""bottom"":5395},""time"":1734233857049},{""box"":{""left"":6212,""right"":3541,""top"":6700,""bottom"":5395},""time"":1734233858009},{""box"":{""left"":6212,""right"":3541,""top"":6700,""bottom"":5395},""time"":1734233859037},{""box"":{""left"":6212,""right"":3541,""top"":6700,""bottom"":5395},""time"":1734233860018},{""box"":{""left"":6212,""right"":3541,""top"":6700,""bottom"":5395},""time"":1734233861003},{""box"":{""left"":6212,""right"":3541,""top"":6700,""bottom"":5395},""time"":1734233862045},{""box"":{""left"":6212,""right"":3541,""top"":6700,""bottom"":5395},""time"":1734233863003},{""box"":{""left"":6212,""right"":3541,""top"":6700,""bottom"":5395},""time"":1734233864048},{""box"":{""left"":6212,""right"":3541,""top"":6700,""bottom"":5395},""time"":1734233865012},{""box"":{""left"":6212,""right"":3541,""top"":6700,""bottom"":5395},""time"":1734233866032},{""box"":{""left"":6212,""right"":3541,""top"":6700,""bottom"":5395},""time"":1734233867046},{""box"":{""left"":6212,""right"":3541,""top"":6700,""bottom"":5395},""time"":1734233868006},{""box"":{""left"":6212,""right"":3541,""top"":6700,""bottom"":5395},""time"":1734233869018},{""box"":{""left"":6212,""right"":3541,""top"":6700,""bottom"":5395},""time"":1734233870038},{""box"":{""left"":6212,""right"":3541,""top"":6700,""bottom"":5395},""time"":1734233871059},{""box"":{""left"":6212,""right"":3541,""top"":6700,""bottom"":5395},""time"":1734233872021},{""box"":{""left"":6212,""right"":3541,""top"":6700,""bottom"":5395},""time"":1734233873051},{""box"":{""left"":6212,""right"":3541,""top"":6700,""bottom"":5395},""time"":1734233874008},{""box"":{""left"":6212,""right"":3541,""top"":6700,""bottom"":5395},""time"":1734233875037},{""box"":{""left"":6212,""right"":3541,""top"":6700,""bottom"":5395},""time"":1734233876057},{""box"":{""left"":6212,""right"":3541,""top"":6700,""bottom"":5395},""time"":1734233877015},{""box"":{""left"":6212,""right"":3541,""top"":6700,""bottom"":5395},""time"":1734233878046},{""box"":{""left"":6212,""right"":3541,""top"":6700,""bottom"":5395},""time"":1734233879008},{""box"":{""left"":6212,""right"":3541,""top"":6700,""bottom"":5395},""time"":1734233880037},{""box"":{""left"":6212,""right"":3541,""top"":6700,""bottom"":5395},""time"":1734233881006},{""box"":{""left"":6212,""right"":3541,""top"":6700,""bottom"":5395},""time"":1734233882035},{""box"":{""left"":6212,""right"":3541,""top"":6700,""bottom"":5395},""time"":1734233883013},{""box"":{""left"":6212,""right"":3541,""top"":6700,""bottom"":5395},""time"":1734233884041},{""box"":{""left"":6212,""right"":3541,""top"":6700,""bottom"":5395},""time"":1734233885011},{""box"":{""left"":6212,""right"":3541,""top"":6700,""bottom"":5395},""time"":1734233886055},{""box"":{""left"":6212,""right"":3541,""top"":6700,""bottom"":5395},""time"":1734233887019},{""box"":{""left"":6212,""right"":3541,""top"":6700,""bottom"":5395},""time"":1734233888019},{""box"":{""left"":6212,""right"":3541,""top"":6700,""bottom"":5395},""time"":1734233889026},{""box"":{""left"":6212,""right"":3541,""top"":6700,""bottom"":5395},""time"":1734233890051},{""box"":{""left"":6212,""right"":3541,""top"":6700,""bottom"":5395},""time"":1734233891005},{""box"":{""left"":6212,""right"":3541,""top"":6700,""bottom"":5395},""time"":1734233892011},{""box"":{""left"":6212,""right"":3541,""top"":6700,""bottom"":5395},""time"":1734233893045},{""box"":{""left"":6212,""right"":3541,""top"":6700,""bottom"":5395},""time"":1734233894000},{""box"":{""left"":6212,""right"":3541,""top"":6700,""bottom"":5395},""time"":1734233895044},{""box"":{""left"":6212,""right"":3541,""top"":6700,""bottom"":5395},""time"":1734233896006},{""box"":{""left"":6212,""right"":3541,""top"":6700,""bottom"":5395},""time"":1734233897019},{""box"":{""left"":6212,""right"":3541,""top"":6700,""bottom"":5395},""time"":1734233898039},{""box"":{""left"":6212,""right"":3541,""top"":6700,""bottom"":5395},""time"":1734233899056},{""box"":{""left"":6212,""right"":3541,""top"":6700,""bottom"":5395},""time"":1734233900034},{""box"":{""left"":6212,""right"":3541,""top"":6700,""bottom"":5395},""time"":1734233901055},{""box"":{""left"":6212,""right"":3541,""top"":6700,""bottom"":5395},""time"":1734233902036},{""box"":{""left"":6212,""right"":3541,""top"":6700,""bottom"":5395},""time"":1734233903047},{""box"":{""left"":6212,""right"":3541,""top"":6700,""bottom"":5395},""time"":1734233904009},{""box"":{""left"":6212,""right"":3541,""top"":6700,""bottom"":5395},""time"":1734233905038},{""box"":{""left"":6212,""right"":3541,""top"":6700,""bottom"":5395},""time"":1734233906052},{""box"":{""left"":6212,""right"":3541,""top"":6700,""bottom"":5395},""time"":1734233907009},{""box"":{""left"":6212,""right"":3541,""top"":6700,""bottom"":5395},""time"":1734233908060},{""box"":{""left"":6212,""right"":3541,""top"":6700,""bottom"":5395},""time"":1734233909017},{""box"":{""left"":6212,""right"":3541,""top"":6700,""bottom"":5395},""time"":1734233910050},{""box"":{""left"":6212,""right"":3541,""top"":6700,""bottom"":5395},""time"":1734233911016},{""box"":{""left"":6212,""right"":3541,""top"":6700,""bottom"":5395},""time"":1734233912051},{""box"":{""left"":6212,""right"":3541,""top"":6700,""bottom"":5395},""time"":1734233913010},{""box"":{""left"":6212,""right"":3541,""top"":6700,""bottom"":5395},""time"":1734233914029},{""box"":{""left"":6212,""right"":3541,""top"":6700,""bottom"":5395},""time"":1734233915048},{""box"":{""left"":6212,""right"":3541,""top"":6700,""bottom"":5395},""time"":1734233916022},{""box"":{""left"":6212,""right"":3541,""top"":6700,""bottom"":5395},""time"":1734233917052},{""box"":{""left"":6212,""right"":3541,""top"":6700,""bottom"":5395},""time"":1734233918022},{""box"":{""left"":6212,""right"":3541,""top"":6700,""bottom"":5395},""time"":1734233919045},{""box"":{""left"":6212,""right"":3541,""top"":6700,""bottom"":5395},""time"":1734233920019},{""box"":{""left"":6212,""right"":3541,""top"":6700,""bottom"":5395},""time"":1734233921043},{""box"":{""left"":6212,""right"":3541,""top"":6700,""bottom"":5395},""time"":1734233922015},{""box"":{""left"":6212,""right"":3541,""top"":6700,""bottom"":5395},""time"":1734233923038},{""box"":{""left"":6212,""right"":3541,""top"":6700,""bottom"":5395},""time"":1734233924049},{""box"":{""left"":6212,""right"":3541,""top"":6700,""bottom"":5395},""time"":1734233925010},{""box"":{""left"":6212,""right"":3541,""top"":6700,""bottom"":5395},""time"":1734233926027},{""box"":{""left"":6212,""right"":3541,""top"":6700,""bottom"":5395},""time"":1734233927037},{""box"":{""left"":6212,""right"":3541,""top"":6700,""bottom"":5395},""time"":1734233928049},{""box"":{""left"":6212,""right"":3541,""top"":6700,""bottom"":5395},""time"":1734233929018},{""box"":{""left"":6212,""right"":3541,""top"":6700,""bottom"":5395},""time"":1734233930052},{""box"":{""left"":6212,""right"":3541,""top"":6700,""bottom"":5395},""time"":1734233931049},{""box"":{""left"":6212,""right"":3541,""top"":6700,""bottom"":5395},""time"":1734233932003},{""box"":{""left"":6212,""right"":3541,""top"":6700,""bottom"":5395},""time"":1734233933031},{""box"":{""left"":6212,""right"":3541,""top"":6700,""bottom"":5395},""time"":1734233934058},{""box"":{""left"":6212,""right"":3541,""top"":6700,""bottom"":5395},""time"":1734233935020},{""box"":{""left"":6212,""right"":3541,""top"":6700,""bottom"":5395},""time"":1734233936046},{""box"":{""left"":6212,""right"":3541,""top"":6700,""bottom"":5395},""time"":1734233937014},{""box"":{""left"":6212,""right"":3541,""top"":6700,""bottom"":5395},""time"":1734233938038},{""box"":{""left"":6212,""right"":3541,""top"":6700,""bottom"":5395},""time"":1734233939044},{""box"":{""left"":6212,""right"":3541,""top"":6700,""bottom"":5395},""time"":1734233940011},{""box"":{""left"":6212,""right"":3541,""top"":6700,""bottom"":5395},""time"":1734233941042},{""box"":{""left"":6212,""right"":3541,""top"":6700,""bottom"":5395},""time"":1734233942009},{""box"":{""left"":6212,""right"":3541,""top"":6700,""bottom"":5395},""time"":1734233943017},{""box"":{""left"":6212,""right"":3541,""top"":6700,""bottom"":5395},""time"":1734233944042},{""box"":{""left"":6212,""right"":3541,""top"":6700,""bottom"":5395},""time"":1734233945007},{""box"":{""left"":6212,""right"":3541,""top"":6700,""bottom"":5395},""time"":1734233946044},{""box"":{""left"":6212,""right"":3541,""top"":6700,""bottom"":5395},""time"":1734233947002},{""box"":{""left"":6212,""right"":3541,""top"":6700,""bottom"":5395},""time"":1734233948031}",,,,,
6142,Person,2024-12-15 12:36:44,2024-12-15 12:36:54,"{""box"":{""left"":1825,""right"":2447,""top"":2006,""bottom"":3520},""time"":1734233804546},{""box"":{""left"":1825,""right"":2447,""top"":2006,""bottom"":3520},""time"":1734233806420},{""box"":{""left"":1825,""right"":2447,""top"":2006,""bottom"":3520},""time"":1734233807048},{""box"":{""left"":1825,""right"":2447,""top"":2006,""bottom"":3520},""time"":1734233808075},{""box"":{""left"":1825,""right"":2447,""top"":2006,""bottom"":3520},""time"":1734233809027},{""box"":{""left"":1825,""right"":2447,""top"":2006,""bottom"":3520},""time"":1734233810040},{""box"":{""left"":1825,""right"":2447,""top"":2006,""bottom"":3520},""time"":1734233811023},{""box"":{""left"":1825,""right"":2447,""top"":2006,""bottom"":3520},""time"":1734233812041},{""box"":{""left"":1825,""right"":2447,""top"":2006,""bottom"":3520},""time"":1734233813007},{""box"":{""left"":1825,""right"":2447,""top"":2006,""bottom"":3520},""time"":1734233814028}",,,,,
6144,Person,2024-12-15 12:36:54,2024-12-15 12:36:58,"{""box"":{""left"":4762,""right"":2854,""top"":5049,""bottom"":4166},""time"":1734233814538},{""box"":{""left"":4762,""right"":2854,""top"":5049,""bottom"":4166},""time"":1734233817050},{""box"":{""left"":4762,""right"":2854,""top"":5049,""bottom"":4166},""time"":1734233818009}",,,,,
6145,Person,2024-12-15 12:37:06,2024-12-15 12:37:14,"{""box"":{""left"":6312,""right"":8000,""top"":7950,""bottom"":10000},""time"":1734233826111},{""box"":{""left"":6312,""right"":8000,""top"":7950,""bottom"":10000},""time"":1734233827001},{""box"":{""left"":6312,""right"":8000,""top"":7950,""bottom"":10000},""time"":1734233828012},{""box"":{""left"":6312,""right"":8000,""top"":7950,""bottom"":10000},""time"":1734233829030},{""box"":{""left"":6312,""right"":8000,""top"":7950,""bottom"":10000},""time"":1734233830059},{""box"":{""left"":6312,""right"":8000,""top"":7950,""bottom"":10000},""time"":1734233831032},{""box"":{""left"":6312,""right"":8000,""top"":7950,""bottom"":10000},""time"":1734233832013},{""box"":{""left"":6312,""right"":8000,""top"":7950,""bottom"":10000},""time"":1734233833052},{""box"":{""left"":6312,""right"":8000,""top"":7950,""bottom"":10000},""time"":1734233834013}",,,,,
6146,Person,2024-12-15 12:37:06,2024-12-15 12:37:17,"{""box"":{""left"":7731,""right"":8395,""top"":8793,""bottom"":10000},""time"":1734233826622},{""box"":{""left"":7731,""right"":8395,""top"":8793,""bottom"":10000},""time"":1734233827004},{""box"":{""left"":7731,""right"":8395,""top"":8793,""bottom"":10000},""time"":1734233828015},{""box"":{""left"":7731,""right"":8395,""top"":8793,""bottom"":10000},""time"":1734233829033},{""box"":{""left"":7731,""right"":8395,""top"":8793,""bottom"":10000},""time"":1734233830001},{""box"":{""left"":7731,""right"":8395,""top"":8793,""bottom"":10000},""time"":1734233831035},{""box"":{""left"":7731,""right"":8395,""top"":8793,""bottom"":10000},""time"":1734233832016},{""box"":{""left"":7731,""right"":8395,""top"":8793,""bottom"":10000},""time"":1734233833054},{""box"":{""left"":7731,""right"":8395,""top"":8793,""bottom"":10000},""time"":1734233834015},{""box"":{""left"":7731,""right"":8395,""top"":8793,""bottom"":10000},""time"":1734233835034},{""box"":{""left"":7731,""right"":8395,""top"":8793,""bottom"":10000},""time"":1734233836349},{""box"":{""left"":7731,""right"":8395,""top"":8793,""bottom"":10000},""time"":1734233837029}",,,,,
6147,Person,2024-12-15 12:37:09,2024-12-15 12:37:17,"{""box"":{""left"":7112,""right"":7666,""top"":8700,""bottom"":10000},""time"":1734233829659},{""box"":{""left"":7112,""right"":7666,""top"":8700,""bottom"":10000},""time"":1734233830003},{""box"":{""left"":7112,""right"":7666,""top"":8700,""bottom"":10000},""time"":1734233831037},{""box"":{""left"":7112,""right"":7666,""top"":8700,""bottom"":10000},""time"":1734233832019},{""box"":{""left"":7112,""right"":7666,""top"":8700,""bottom"":10000},""time"":1734233833057},{""box"":{""left"":7112,""right"":7666,""top"":8700,""bottom"":10000},""time"":1734233834018},{""box"":{""left"":7112,""right"":7666,""top"":8700,""bottom"":10000},""time"":1734233835036},{""box"":{""left"":7112,""right"":7666,""top"":8700,""bottom"":10000},""time"":1734233836009},{""box"":{""left"":7112,""right"":7666,""top"":8700,""bottom"":10000},""time"":1734233837031}",,,,,
6148,Person,2024-12-15 12:37:10,2024-12-15 12:37:19,"{""box"":{""left"":7143,""right"":8322,""top"":7975,""bottom"":10000},""time"":1734233830791},{""box"":{""left"":7143,""right"":8322,""top"":7975,""bottom"":10000},""time"":1734233831039},{""box"":{""left"":7143,""right"":8322,""top"":7975,""bottom"":10000},""time"":1734233832021},{""box"":{""left"":7143,""right"":8322,""top"":7975,""bottom"":10000},""time"":1734233833059},{""box"":{""left"":7143,""right"":8322,""top"":7975,""bottom"":10000},""time"":1734233834021},{""box"":{""left"":7143,""right"":8322,""top"":7975,""bottom"":10000},""time"":1734233835039},{""box"":{""left"":7143,""right"":8322,""top"":7975,""bottom"":10000},""time"":1734233836011},{""box"":{""left"":7143,""right"":8322,""top"":7975,""bottom"":10000},""time"":1734233837033},{""box"":{""left"":7143,""right"":8322,""top"":7975,""bottom"":10000},""time"":1734233838009},{""box"":{""left"":7143,""right"":8322,""top"":7975,""bottom"":10000},""time"":1734233839034}",,,,,
6149,Person,2024-12-15 12:37:11,2024-12-15 12:37:15,"{""box"":{""left"":5377,""right"":8116,""top"":6901,""bottom"":10000},""time"":1734233831091},{""box"":{""left"":5377,""right"":8116,""top"":6901,""bottom"":10000},""time"":1734233832024},{""box"":{""left"":5377,""right"":8116,""top"":6901,""bottom"":10000},""time"":1734233833570},{""box"":{""left"":5377,""right"":8116,""top"":6901,""bottom"":10000},""time"":1734233834076},{""box"":{""left"":5377,""right"":8116,""top"":6901,""bottom"":10000},""time"":1734233835100}",,,,,
6150,Person,2024-12-15 12:37:14,2024-12-15 12:37:20,"{""box"":{""left"":7525,""right"":8083,""top"":8700,""bottom"":10000},""time"":1734233834924},{""box"":{""left"":7525,""right"":8083,""top"":8700,""bottom"":10000},""time"":1734233835041},{""box"":{""left"":7525,""right"":8083,""top"":8700,""bottom"":10000},""time"":1734233836014},{""box"":{""left"":7525,""right"":8083,""top"":8700,""bottom"":10000},""time"":1734233837035},{""box"":{""left"":7525,""right"":8083,""top"":8700,""bottom"":10000},""time"":1734233838011},{""box"":{""left"":7525,""right"":8083,""top"":8700,""bottom"":10000},""time"":1734233839037},{""box"":{""left"":7525,""right"":8083,""top"":8700,""bottom"":10000},""time"":1734233840011}",,,,,
6151,Person,2024-12-15 12:37:15,2024-12-15 12:37:21,"{""box"":{""left"":4700,""right"":8000,""top"":6000,""bottom"":10000},""time"":1734233835839},{""box"":{""left"":4700,""right"":8000,""top"":6000,""bottom"":10000},""time"":1734233836016},{""box"":{""left"":4700,""right"":8000,""top"":6000,""bottom"":10000},""time"":1734233837156},{""box"":{""left"":4700,""right"":8000,""top"":6000,""bottom"":10000},""time"":1734233838013},{""box"":{""left"":4700,""right"":8000,""top"":6000,""bottom"":10000},""time"":1734233839039},{""box"":{""left"":4700,""right"":8000,""top"":6000,""bottom"":10000},""time"":1734233840079},{""box"":{""left"":4700,""right"":8000,""top"":6000,""bottom"":10000},""time"":1734233841055}",,,,,
6152,Person,2024-12-15 12:37:15,2024-12-15 12:37:17,"{""box"":{""left"":2812,""right"":9000,""top"":4100,""bottom"":10000},""time"":1734233835900},{""box"":{""left"":2812,""right"":9000,""top"":4100,""bottom"":10000},""time"":1734233837222}",,,,,
6153,Person,2024-12-15 12:37:16,2024-12-15 12:37:21,"{""box"":{""left"":6362,""right"":8125,""top"":7537,""bottom"":10000},""time"":1734233836752},{""box"":{""left"":6362,""right"":8125,""top"":7537,""bottom"":10000},""time"":1734233837224},{""box"":{""left"":6362,""right"":8125,""top"":7537,""bottom"":10000},""time"":1734233838015},{""box"":{""left"":6362,""right"":8125,""top"":7537,""bottom"":10000},""time"":1734233839042},{""box"":{""left"":6362,""right"":8125,""top"":7537,""bottom"":10000},""time"":1734233840013},{""box"":{""left"":6362,""right"":8125,""top"":7537,""bottom"":10000},""time"":1734233841058}",,,,,
6154,Person,2024-12-15 12:37:17,2024-12-15 12:37:19,"{""box"":{""left"":2066,""right"":3239,""top"":2485,""bottom"":5394},""time"":1734233837225},{""box"":{""left"":2066,""right"":3239,""top"":2485,""bottom"":5394},""time"":1734233838527},{""box"":{""left"":2066,""right"":3239,""top"":2485,""bottom"":5394},""time"":1734233839044}",,,,,
6155,Person,2024-12-15 12:37:19,2024-12-15 12:37:21,"{""box"":{""left"":1975,""right"":2541,""top"":2212,""bottom"":3936},""time"":1734233839618},{""box"":{""left"":1975,""right"":2541,""top"":2212,""bottom"":3936},""time"":1734233841060}",,,,,
6156,Person,2024-12-15 12:37:19,2024-12-15 12:37:24,"{""box"":{""left"":5100,""right"":6854,""top"":6349,""bottom"":10000},""time"":1734233839904},{""box"":{""left"":5100,""right"":6854,""top"":6349,""bottom"":10000},""time"":1734233840018},{""box"":{""left"":5100,""right"":6854,""top"":6349,""bottom"":10000},""time"":1734233841063},{""box"":{""left"":5100,""right"":6854,""top"":6349,""bottom"":10000},""time"":1734233842034},{""box"":{""left"":5100,""right"":6854,""top"":6349,""bottom"":10000},""time"":1734233843053},{""box"":{""left"":5100,""right"":6854,""top"":6349,""bottom"":10000},""time"":1734233844010}",,,,,
6158,Person,2024-12-15 12:37:21,2024-12-15 12:37:24,"{""box"":{""left"":2131,""right"":2768,""top"":2523,""bottom"":4491},""time"":1734233841289},{""box"":{""left"":2131,""right"":2768,""top"":2523,""bottom"":4491},""time"":1734233842036},{""box"":{""left"":2131,""right"":2768,""top"":2523,""bottom"":4491},""time"":1734233843056},{""box"":{""left"":2131,""right"":2768,""top"":2523,""bottom"":4491},""time"":1734233844750}",,,,,
6159,Person,2024-12-15 12:37:21,2024-12-15 12:37:22,"{""box"":{""left"":1975,""right"":2750,""top"":2262,""bottom"":4458},""time"":1734233841462},{""box"":{""left"":1975,""right"":2750,""top"":2262,""bottom"":4458},""time"":1734233842039}",,,,,
6160,Person,2024-12-15 12:37:22,2024-12-15 12:37:32,"{""box"":{""left"":5536,""right"":7534,""top"":7073,""bottom"":10000},""time"":1734233842266},{""box"":{""left"":5536,""right"":7534,""top"":7073,""bottom"":10000},""time"":1734233843058},{""box"":{""left"":5536,""right"":7534,""top"":7073,""bottom"":10000},""time"":1734233844013},{""box"":{""left"":5536,""right"":7534,""top"":7073,""bottom"":10000},""time"":1734233845041},{""box"":{""left"":5536,""right"":7534,""top"":7073,""bottom"":10000},""time"":1734233846018},{""box"":{""left"":5536,""right"":7534,""top"":7073,""bottom"":10000},""time"":1734233847052},{""box"":{""left"":5536,""right"":7534,""top"":7073,""bottom"":10000},""time"":1734233848019},{""box"":{""left"":5536,""right"":7534,""top"":7073,""bottom"":10000},""time"":1734233849040},{""box"":{""left"":5536,""right"":7534,""top"":7073,""bottom"":10000},""time"":1734233850025},{""box"":{""left"":5536,""right"":7534,""top"":7073,""bottom"":10000},""time"":1734233851057},{""box"":{""left"":5536,""right"":7534,""top"":7073,""bottom"":10000},""time"":1734233852030}",,,,,
6161,Person,2024-12-15 12:37:22,2024-12-15 12:37:27,"{""box"":{""left"":2093,""right"":3093,""top"":2474,""bottom"":4666},""time"":1734233842599},{""box"":{""left"":2093,""right"":3093,""top"":2474,""bottom"":4666},""time"":1734233843060},{""box"":{""left"":2093,""right"":3093,""top"":2474,""bottom"":4666},""time"":1734233844016},{""box"":{""left"":2093,""right"":3093,""top"":2474,""bottom"":4666},""time"":1734233845043},{""box"":{""left"":2093,""right"":3093,""top"":2474,""bottom"":4666},""time"":1734233846021},{""box"":{""left"":2093,""right"":3093,""top"":2474,""bottom"":4666},""time"":1734233847960}",,,,,
6162,Person,2024-12-15 12:37:23,2024-12-15 12:37:31,"{""box"":{""left"":6662,""right"":2666,""top"":7006,""bottom"":4364},""time"":1734233843849},{""box"":{""left"":6662,""right"":2666,""top"":7006,""bottom"":4364},""time"":1734233844018},{""box"":{""left"":6662,""right"":2666,""top"":7006,""bottom"":4364},""time"":1734233845046},{""box"":{""left"":6662,""right"":2666,""top"":7006,""bottom"":4364},""time"":1734233846023},{""box"":{""left"":6662,""right"":2666,""top"":7006,""bottom"":4364},""time"":1734233847054},{""box"":{""left"":6662,""right"":2666,""top"":7006,""bottom"":4364},""time"":1734233848021},{""box"":{""left"":6662,""right"":2666,""top"":7006,""bottom"":4364},""time"":1734233849042},{""box"":{""left"":6662,""right"":2666,""top"":7006,""bottom"":4364},""time"":1734233850027},{""box"":{""left"":6662,""right"":2666,""top"":7006,""bottom"":4364},""time"":1734233851058}",,,,,
6163,Person,2024-12-15 12:37:24,2024-12-15 12:37:28,"{""box"":{""left"":6718,""right"":2676,""top"":7018,""bottom"":4405},""time"":1734233844807},{""box"":{""left"":6718,""right"":2676,""top"":7018,""bottom"":4405},""time"":1734233845048},{""box"":{""left"":6718,""right"":2676,""top"":7018,""bottom"":4405},""time"":1734233846025},{""box"":{""left"":6718,""right"":2676,""top"":7018,""bottom"":4405},""time"":1734233847057},{""box"":{""left"":6718,""right"":2676,""top"":7018,""bottom"":4405},""time"":1734233848023}",,,,,
6164,Person,2024-12-15 12:37:25,2024-12-15 12:38:28,"{""box"":{""left"":9004,""right"":3833,""top"":9708,""bottom"":6250},""time"":1734233845447},{""box"":{""left"":9004,""right"":3833,""top"":9708,""bottom"":6250},""time"":1734233846420},{""box"":{""left"":9004,""right"":3833,""top"":9708,""bottom"":6250},""time"":1734233847059},{""box"":{""left"":9004,""right"":3833,""top"":9708,""bottom"":6250},""time"":1734233848026},{""box"":{""left"":9004,""right"":3833,""top"":9708,""bottom"":6250},""time"":1734233849045},{""box"":{""left"":9004,""right"":3833,""top"":9708,""bottom"":6250},""time"":1734233850029},{""box"":{""left"":9004,""right"":3833,""top"":9708,""bottom"":6250},""time"":1734233851059},{""box"":{""left"":9004,""right"":3833,""top"":9708,""bottom"":6250},""time"":1734233868013},{""box"":{""left"":9004,""right"":3833,""top"":9708,""bottom"":6250},""time"":1734233869024},{""box"":{""left"":9004,""right"":3833,""top"":9708,""bottom"":6250},""time"":1734233870044},{""box"":{""left"":9004,""right"":3833,""top"":9708,""bottom"":6250},""time"":1734233871176},{""box"":{""left"":9004,""right"":3833,""top"":9708,""bottom"":6250},""time"":1734233872027},{""box"":{""left"":9004,""right"":3833,""top"":9708,""bottom"":6250},""time"":1734233873057},{""box"":{""left"":9004,""right"":3833,""top"":9708,""bottom"":6250},""time"":1734233874013},{""box"":{""left"":9004,""right"":3833,""top"":9708,""bottom"":6250},""time"":1734233875043},{""box"":{""left"":9004,""right"":3833,""top"":9708,""bottom"":6250},""time"":1734233876054},{""box"":{""left"":9004,""right"":3833,""top"":9708,""bottom"":6250},""time"":1734233877361},{""box"":{""left"":9004,""right"":3833,""top"":9708,""bottom"":6250},""time"":1734233878042},{""box"":{""left"":9004,""right"":3833,""top"":9708,""bottom"":6250},""time"":1734233879075},{""box"":{""left"":9004,""right"":3833,""top"":9708,""bottom"":6250},""time"":1734233880033},{""box"":{""left"":9004,""right"":3833,""top"":9708,""bottom"":6250},""time"":1734233881011},{""box"":{""left"":9004,""right"":3833,""top"":9708,""bottom"":6250},""time"":1734233882031},{""box"":{""left"":9004,""right"":3833,""top"":9708,""bottom"":6250},""time"":1734233883017},{""box"":{""left"":9004,""right"":3833,""top"":9708,""bottom"":6250},""time"":1734233884046},{""box"":{""left"":9004,""right"":3833,""top"":9708,""bottom"":6250},""time"":1734233885074},{""box"":{""left"":9004,""right"":3833,""top"":9708,""bottom"":6250},""time"":1734233886000},{""box"":{""left"":9004,""right"":3833,""top"":9708,""bottom"":6250},""time"":1734233887015},{""box"":{""left"":9004,""right"":3833,""top"":9708,""bottom"":6250},""time"":1734233888022},{""box"":{""left"":9004,""right"":3833,""top"":9708,""bottom"":6250},""time"":1734233889033},{""box"":{""left"":9004,""right"":3833,""top"":9708,""bottom"":6250},""time"":1734233890268},{""box"":{""left"":9004,""right"":3833,""top"":9708,""bottom"":6250},""time"":1734233891011},{""box"":{""left"":9004,""right"":3833,""top"":9708,""bottom"":6250},""time"":1734233892016},{""box"":{""left"":9004,""right"":3833,""top"":9708,""bottom"":6250},""time"":1734233893052},{""box"":{""left"":9004,""right"":3833,""top"":9708,""bottom"":6250},""time"":1734233894006},{""box"":{""left"":9004,""right"":3833,""top"":9708,""bottom"":6250},""time"":1734233895153},{""box"":{""left"":9004,""right"":3833,""top"":9708,""bottom"":6250},""time"":1734233896010},{""box"":{""left"":9004,""right"":3833,""top"":9708,""bottom"":6250},""time"":1734233897025},{""box"":{""left"":9004,""right"":3833,""top"":9708,""bottom"":6250},""time"":1734233898090},{""box"":{""left"":9004,""right"":3833,""top"":9708,""bottom"":6250},""time"":1734233899001},{""box"":{""left"":9004,""right"":3833,""top"":9708,""bottom"":6250},""time"":1734233900030},{""box"":{""left"":9004,""right"":3833,""top"":9708,""bottom"":6250},""time"":1734233901001},{""box"":{""left"":9004,""right"":3833,""top"":9708,""bottom"":6250},""time"":1734233902042},{""box"":{""left"":9004,""right"":3833,""top"":9708,""bottom"":6250},""time"":1734233903001},{""box"":{""left"":9004,""right"":3833,""top"":9708,""bottom"":6250},""time"":1734233904014},{""box"":{""left"":9004,""right"":3833,""top"":9708,""bottom"":6250},""time"":1734233905088},{""box"":{""left"":9004,""right"":3833,""top"":9708,""bottom"":6250},""time"":1734233906383},{""box"":{""left"":9004,""right"":3833,""top"":9708,""bottom"":6250},""time"":1734233908001}",,,,,
6165,Person,2024-12-15 12:37:26,2024-12-15 12:37:30,"{""box"":{""left"":1932,""right"":2965,""top"":2230,""bottom"":4562},""time"":1734233846997},{""box"":{""left"":1932,""right"":2965,""top"":2230,""bottom"":4562},""time"":1734233848195},{""box"":{""left"":1932,""right"":2965,""top"":2230,""bottom"":4562},""time"":1734233849047},{""box"":{""left"":1932,""right"":2965,""top"":2230,""bottom"":4562},""time"":1734233850031}",,,,,
6168,Person,2024-12-15 12:37:26,2024-12-15 12:37:32,"{""box"":{""left"":5857,""right"":2748,""top"":6240,""bottom"":4394},""time"":1734233846831},{""box"":{""left"":5857,""right"":2748,""top"":6240,""bottom"":4394},""time"":1734233847064},{""box"":{""left"":5857,""right"":2748,""top"":6240,""bottom"":4394},""time"":1734233848198},{""box"":{""left"":5857,""right"":2748,""top"":6240,""bottom"":4394},""time"":1734233849049},{""box"":{""left"":5857,""right"":2748,""top"":6240,""bottom"":4394},""time"":1734233850034},{""box"":{""left"":5857,""right"":2748,""top"":6240,""bottom"":4394},""time"":1734233851061},{""box"":{""left"":5857,""right"":2748,""top"":6240,""bottom"":4394},""time"":1734233852033}",,,,,
6169,Person,2024-12-15 12:37:30,2024-12-15 12:37:32,"{""box"":{""left"":4054,""right"":4861,""top"":4814,""bottom"":8427},""time"":1734233850431},{""box"":{""left"":4054,""right"":4861,""top"":4814,""bottom"":8427},""time"":1734233851463},{""box"":{""left"":4054,""right"":4861,""top"":4814,""bottom"":8427},""time"":1734233852034}",,,,,
6171,Person,2024-12-15 12:37:53,2024-12-15 12:37:54,"{""box"":{""left"":9412,""right"":3072,""top"":9656,""bottom"":3843},""time"":1734233873737}",,,,,
6172,Person,2024-12-15 12:37:54,2024-12-15 12:37:56,"{""box"":{""left"":1762,""right"":2812,""top"":2012,""bottom"":4250},""time"":1734233874469}",,,,,
6174,Person,2024-12-15 12:37:59,2024-12-15 12:38:02,"{""box"":{""left"":2602,""right"":3883,""top"":3105,""bottom"":6716},""time"":1734233879753},{""box"":{""left"":2602,""right"":3883,""top"":3105,""bottom"":6716},""time"":1734233880042},{""box"":{""left"":2602,""right"":3883,""top"":3105,""bottom"":6716},""time"":1734233881014},{""box"":{""left"":2602,""right"":3883,""top"":3105,""bottom"":6716},""time"":1734233882040}",,,,,
6175,Person,2024-12-15 12:38:13,2024-12-15 12:38:16,"{""box"":{""left"":1775,""right"":2708,""top"":1987,""bottom"":4072},""time"":1734233893668},{""box"":{""left"":1775,""right"":2708,""top"":1987,""bottom"":4072},""time"":1734233894008},{""box"":{""left"":1775,""right"":2708,""top"":1987,""bottom"":4072},""time"":1734233895155},{""box"":{""left"":1775,""right"":2708,""top"":1987,""bottom"":4072},""time"":1734233896017}",,,,,
6176,Person,2024-12-15 12:38:14,2024-12-15 12:38:16,"{""box"":{""left"":3437,""right"":9041,""top"":4725,""bottom"":9979},""time"":1734233894420},{""box"":{""left"":3437,""right"":9041,""top"":4725,""bottom"":9979},""time"":1734233895158},{""box"":{""left"":3437,""right"":9041,""top"":4725,""bottom"":9979},""time"":1734233896075}",,,,,
6177,Person,2024-12-15 12:38:17,2024-12-15 12:38:29,"{""box"":{""left"":2312,""right"":2728,""top"":2725,""bottom"":4415},""time"":1734233897190},{""box"":{""left"":2312,""right"":2728,""top"":2725,""bottom"":4415},""time"":1734233898098},{""box"":{""left"":2312,""right"":2728,""top"":2725,""bottom"":4415},""time"":1734233899004},{""box"":{""left"":2312,""right"":2728,""top"":2725,""bottom"":4415},""time"":1734233900090},{""box"":{""left"":2312,""right"":2728,""top"":2725,""bottom"":4415},""time"":1734233901004},{""box"":{""left"":2312,""right"":2728,""top"":2725,""bottom"":4415},""time"":1734233902045},{""box"":{""left"":2312,""right"":2728,""top"":2725,""bottom"":4415},""time"":1734233903057},{""box"":{""left"":2312,""right"":2728,""top"":2725,""bottom"":4415},""time"":1734233904017},{""box"":{""left"":2312,""right"":2728,""top"":2725,""bottom"":4415},""time"":1734233905095},{""box"":{""left"":2312,""right"":2728,""top"":2725,""bottom"":4415},""time"":1734233906390},{""box"":{""left"":2312,""right"":2728,""top"":2725,""bottom"":4415},""time"":1734233907015},{""box"":{""left"":2312,""right"":2728,""top"":2725,""bottom"":4415},""time"":1734233908004},{""box"":{""left"":2312,""right"":2728,""top"":2725,""bottom"":4415},""time"":1734233909200}",,,,,
6178,Person,2024-12-15 12:38:25,2024-12-15 12:38:31,"{""box"":{""left"":5375,""right"":8208,""top"":6699,""bottom"":9999},""time"":1734233905492},{""box"":{""left"":5375,""right"":8208,""top"":6699,""bottom"":9999},""time"":1734233906392},{""box"":{""left"":5375,""right"":8208,""top"":6699,""bottom"":9999},""time"":1734233907018},{""box"":{""left"":5375,""right"":8208,""top"":6699,""bottom"":9999},""time"":1734233908007},{""box"":{""left"":5375,""right"":8208,""top"":6699,""bottom"":9999},""time"":1734233909490},{""box"":{""left"":5375,""right"":8208,""top"":6699,""bottom"":9999},""time"":1734233910168},{""box"":{""left"":5375,""right"":8208,""top"":6699,""bottom"":9999},""time"":1734233911021}",,,,,
6179,Person,2024-12-15 12:38:26,2024-12-15 12:38:31,"{""box"":{""left"":2314,""right"":9161,""top"":3500,""bottom"":9995},""time"":1734233906394},{""box"":{""left"":2314,""right"":9161,""top"":3500,""bottom"":9995},""time"":1734233907136},{""box"":{""left"":2314,""right"":9161,""top"":3500,""bottom"":9995},""time"":1734233908009},{""box"":{""left"":2314,""right"":9161,""top"":3500,""bottom"":9995},""time"":1734233909202},{""box"":{""left"":2314,""right"":9161,""top"":3500,""bottom"":9995},""time"":1734233910520},{""box"":{""left"":2314,""right"":9161,""top"":3500,""bottom"":9995},""time"":1734233911305}",,,,,
6180,Person,2024-12-15 12:38:27,2024-12-15 12:38:39,"{""box"":{""left"":6425,""right"":7729,""top"":7799,""bottom"":10000},""time"":1734233907485},{""box"":{""left"":6425,""right"":7729,""top"":7799,""bottom"":10000},""time"":1734233908069},{""box"":{""left"":6425,""right"":7729,""top"":7799,""bottom"":10000},""time"":1734233909204},{""box"":{""left"":6425,""right"":7729,""top"":7799,""bottom"":10000},""time"":1734233910170},{""box"":{""left"":6425,""right"":7729,""top"":7799,""bottom"":10000},""time"":1734233911024},{""box"":{""left"":6425,""right"":7729,""top"":7799,""bottom"":10000},""time"":1734233912057},{""box"":{""left"":6425,""right"":7729,""top"":7799,""bottom"":10000},""time"":1734233913013},{""box"":{""left"":6425,""right"":7729,""top"":7799,""bottom"":10000},""time"":1734233914035},{""box"":{""left"":6425,""right"":7729,""top"":7799,""bottom"":10000},""time"":1734233915002},{""box"":{""left"":6425,""right"":7729,""top"":7799,""bottom"":10000},""time"":1734233916026},{""box"":{""left"":6425,""right"":7729,""top"":7799,""bottom"":10000},""time"":1734233917059},{""box"":{""left"":6425,""right"":7729,""top"":7799,""bottom"":10000},""time"":1734233918028},{""box"":{""left"":6425,""right"":7729,""top"":7799,""bottom"":10000},""time"":1734233919227}",,,,,
6181,Person,2024-12-15 12:38:28,2024-12-15 12:38:32,"{""box"":{""left"":4004,""right"":8478,""top"":4629,""bottom"":10000},""time"":1734233908914},{""box"":{""left"":4004,""right"":8478,""top"":4629,""bottom"":10000},""time"":1734233909207},{""box"":{""left"":4004,""right"":8478,""top"":4629,""bottom"":10000},""time"":1734233910173},{""box"":{""left"":4004,""right"":8478,""top"":4629,""bottom"":10000},""time"":1734233911026},{""box"":{""left"":4004,""right"":8478,""top"":4629,""bottom"":10000},""time"":1734233912060}",,,,,
6182,Person,2024-12-15 12:38:37,2024-12-15 12:39:05,"{""box"":{""left"":2081,""right"":2437,""top"":2418,""bottom"":3677},""time"":1734233917861},{""box"":{""left"":2081,""right"":2437,""top"":2418,""bottom"":3677},""time"":1734233920026},{""box"":{""left"":2081,""right"":2437,""top"":2418,""bottom"":3677},""time"":1734233921046},{""box"":{""left"":2081,""right"":2437,""top"":2418,""bottom"":3677},""time"":1734233922021},{""box"":{""left"":2081,""right"":2437,""top"":2418,""bottom"":3677},""time"":1734233923044},{""box"":{""left"":2081,""right"":2437,""top"":2418,""bottom"":3677},""time"":1734233924055},{""box"":{""left"":2081,""right"":2437,""top"":2418,""bottom"":3677},""time"":1734233925016},{""box"":{""left"":2081,""right"":2437,""top"":2418,""bottom"":3677},""time"":1734233926092},{""box"":{""left"":2081,""right"":2437,""top"":2418,""bottom"":3677},""time"":1734233927040},{""box"":{""left"":2081,""right"":2437,""top"":2418,""bottom"":3677},""time"":1734233928055},{""box"":{""left"":2081,""right"":2437,""top"":2418,""bottom"":3677},""time"":1734233929015},{""box"":{""left"":2081,""right"":2437,""top"":2418,""bottom"":3677},""time"":1734233930059},{""box"":{""left"":2081,""right"":2437,""top"":2418,""bottom"":3677},""time"":1734233931055},{""box"":{""left"":2081,""right"":2437,""top"":2418,""bottom"":3677},""time"":1734233932065},{""box"":{""left"":2081,""right"":2437,""top"":2418,""bottom"":3677},""time"":1734233933037},{""box"":{""left"":2081,""right"":2437,""top"":2418,""bottom"":3677},""time"":1734233934001},{""box"":{""left"":2081,""right"":2437,""top"":2418,""bottom"":3677},""time"":1734233935026},{""box"":{""left"":2081,""right"":2437,""top"":2418,""bottom"":3677},""time"":1734233936053},{""box"":{""left"":2081,""right"":2437,""top"":2418,""bottom"":3677},""time"":1734233937010},{""box"":{""left"":2081,""right"":2437,""top"":2418,""bottom"":3677},""time"":1734233938034},{""box"":{""left"":2081,""right"":2437,""top"":2418,""bottom"":3677},""time"":1734233940070},{""box"":{""left"":2081,""right"":2437,""top"":2418,""bottom"":3677},""time"":1734233941039},{""box"":{""left"":2081,""right"":2437,""top"":2418,""bottom"":3677},""time"":1734233942012},{""box"":{""left"":2081,""right"":2437,""top"":2418,""bottom"":3677},""time"":1734233943021},{""box"":{""left"":2081,""right"":2437,""top"":2418,""bottom"":3677},""time"":1734233944046},{""box"":{""left"":2081,""right"":2437,""top"":2418,""bottom"":3677},""time"":1734233945010}",,,,,
6183,Person,2024-12-15 12:38:38,2024-12-15 12:38:39,"{""box"":{""left"":1987,""right"":3218,""top"":2187,""bottom"":4000},""time"":1734233918319}",,,,,
6184,Person,2024-12-15 12:38:43,2024-12-15 12:38:45,"{""box"":{""left"":1962,""right"":3072,""top"":2168,""bottom"":3936},""time"":1734233923769},{""box"":{""left"":1962,""right"":3072,""top"":2168,""bottom"":3936},""time"":1734233925645}",,,,,
6185,Person,2024-12-15 12:38:48,2024-12-15 12:38:51,"{""box"":{""left"":2125,""right"":2947,""top"":2306,""bottom"":3666},""time"":1734233928456},{""box"":{""left"":2125,""right"":2947,""top"":2306,""bottom"":3666},""time"":1734233930062},{""box"":{""left"":2125,""right"":2947,""top"":2306,""bottom"":3666},""time"":1734233931058}",,,,,
6186,Person,2024-12-15 12:38:57,2024-12-15 12:38:58,"{""box"":{""left"":1987,""right"":2427,""top"":2243,""bottom"":3645},""time"":1734233937465}",,,,,
6187,Person,2024-12-15 12:39:00,2024-12-15 12:39:00,"{""box"":{""left"":2100,""right"":2514,""top"":2350,""bottom"":3745},""time"":1734233940933}",,,,,
6188,Person,2024-12-15 12:39:01,2024-12-15 12:39:05,"{""box"":{""left"":2612,""right"":4062,""top"":3174,""bottom"":6625},""time"":1734233941448},{""box"":{""left"":2612,""right"":4062,""top"":3174,""bottom"":6625},""time"":1734233942020},{""box"":{""left"":2612,""right"":4062,""top"":3174,""bottom"":6625},""time"":1734233943029},{""box"":{""left"":2612,""right"":4062,""top"":3174,""bottom"":6625},""time"":1734233944053},{""box"":{""left"":2612,""right"":4062,""top"":3174,""bottom"":6625},""time"":1734233945017}",,,,,
6189,Person,2024-12-15 12:39:04,2024-12-15 12:39:08,"{""box"":{""left"":2150,""right"":2447,""top"":2425,""bottom"":3541},""time"":1734233944113},{""box"":{""left"":2150,""right"":2447,""top"":2425,""bottom"":3541},""time"":1734233945020},{""box"":{""left"":2150,""right"":2447,""top"":2425,""bottom"":3541},""time"":1734233946047},{""box"":{""left"":2150,""right"":2447,""top"":2425,""bottom"":3541},""time"":1734233947008},{""box"":{""left"":2150,""right"":2447,""top"":2425,""bottom"":3541},""time"":1734233948034}",,,,,